                     bin:                     prob.:
    4.089715095943976e+01      7.206534223478739e-02
    4.113234241231807e+01      0.000000000000000e+00
    4.136753386519639e+01      0.000000000000000e+00
    4.160272531807471e+01      1.441306844695704e-01
    4.183791677095304e+01      0.000000000000000e+00
    4.207310822383135e+01      0.000000000000000e+00
    4.230829967670967e+01      0.000000000000000e+00
    4.254349112958799e+01      7.206534223478739e-02
    4.277868258246631e+01      0.000000000000000e+00
    4.301387403534463e+01      0.000000000000000e+00
    4.324906548822295e+01      0.000000000000000e+00
    4.348425694110126e+01      2.161960267043556e-01
    4.371944839397959e+01      0.000000000000000e+00
    4.395463984685791e+01      0.000000000000000e+00
    4.418983129973623e+01      0.000000000000000e+00
    4.442502275261455e+01      7.206534223478739e-02
    4.466021420549286e+01      0.000000000000000e+00
    4.489540565837118e+01      0.000000000000000e+00
    4.513059711124950e+01      0.000000000000000e+00
    4.536578856412783e+01      1.441306844695748e-01
    4.560098001700614e+01      0.000000000000000e+00
    4.583617146988446e+01      0.000000000000000e+00
    4.607136292276278e+01      7.206534223478739e-02
    4.630655437564110e+01      0.000000000000000e+00
    4.654174582851942e+01      0.000000000000000e+00
    4.677693728139774e+01      0.000000000000000e+00
    4.701212873427606e+01      0.000000000000000e+00
    4.724732018715438e+01      7.206534223478739e-02
    4.748251164003270e+01      1.441306844695748e-01
    4.771770309291102e+01      7.206534223478739e-02
    4.795289454578933e+01      1.441306844695748e-01
    4.818808599866765e+01      7.206534223478739e-02
    4.842327745154597e+01      1.441306844695748e-01
    4.865846890442429e+01      7.206534223478739e-02
    4.889366035730261e+01      2.882613689391408e-01
    4.912885181018093e+01      7.206534223478739e-02
    4.936404326305925e+01      1.441306844695748e-01
    4.959923471593757e+01      7.206534223478739e-02
    4.983442616881589e+01      2.161960267043622e-01
    5.006961762169421e+01      7.206534223478739e-02
    5.030480907457252e+01      2.161960267043622e-01
    5.054000052745084e+01      2.882613689391408e-01
    5.077519198032917e+01      7.206534223478739e-02
    5.101038343320749e+01      1.441306844695748e-01
    5.124557488608581e+01      7.206534223478739e-02
    5.148076633896412e+01      2.161960267043622e-01
    5.171595779184244e+01      0.000000000000000e+00
    5.195114924472076e+01      7.206534223478739e-02
    5.218634069759908e+01      0.000000000000000e+00
    5.242153215047740e+01      2.161960267043622e-01
    5.265672360335572e+01      0.000000000000000e+00
    5.289191505623404e+01      7.206534223478739e-02
    5.312710650911236e+01      0.000000000000000e+00
    5.336229796199068e+01      1.441306844695748e-01
    5.359748941486900e+01      0.000000000000000e+00
    5.383268086774731e+01      7.206534223478521e-02
    5.406787232062564e+01      0.000000000000000e+00
    5.430306377350395e+01      0.000000000000000e+00
    5.453825522638228e+01      0.000000000000000e+00
    5.477344667926059e+01      0.000000000000000e+00
    5.500863813213891e+01      0.000000000000000e+00
    5.524382958501723e+01      0.000000000000000e+00
    5.547902103789555e+01      0.000000000000000e+00
    5.571421249077387e+01      0.000000000000000e+00
    5.594940394365219e+01      0.000000000000000e+00
    5.618459539653051e+01      0.000000000000000e+00
    5.641978684940883e+01      0.000000000000000e+00
    5.665497830228715e+01      0.000000000000000e+00
    5.689016975516547e+01      0.000000000000000e+00
    5.712536120804378e+01      0.000000000000000e+00
    5.736055266092211e+01      0.000000000000000e+00
    5.759574411380042e+01      0.000000000000000e+00
    5.783093556667875e+01      0.000000000000000e+00
    5.806612701955706e+01      0.000000000000000e+00
    5.830131847243538e+01      0.000000000000000e+00
    5.853650992531370e+01      0.000000000000000e+00
    5.877170137819202e+01      0.000000000000000e+00
    5.900689283107034e+01      0.000000000000000e+00
    5.924208428394866e+01      0.000000000000000e+00
    5.947727573682698e+01      0.000000000000000e+00
    5.971246718970529e+01      0.000000000000000e+00
    5.994765864258362e+01      0.000000000000000e+00
    6.018285009546194e+01      0.000000000000000e+00
    6.041804154834026e+01      0.000000000000000e+00
    6.065323300121857e+01      0.000000000000000e+00
    6.088842445409689e+01      0.000000000000000e+00
    6.112361590697522e+01      0.000000000000000e+00
    6.135880735985353e+01      0.000000000000000e+00
    6.159399881273185e+01      0.000000000000000e+00
    6.182919026561017e+01      0.000000000000000e+00
    6.206438171848849e+01      0.000000000000000e+00
    6.229957317136681e+01      0.000000000000000e+00
    6.253476462424513e+01      0.000000000000000e+00
    6.276995607712345e+01      0.000000000000000e+00
    6.300514753000176e+01      0.000000000000000e+00
    6.324033898288009e+01      0.000000000000000e+00
    6.347553043575841e+01      0.000000000000000e+00
    6.371072188863673e+01      0.000000000000000e+00
    6.394591334151504e+01      0.000000000000000e+00
    6.418110479439336e+01      0.000000000000000e+00
    6.441629624727169e+01      0.000000000000000e+00
    6.465148770015000e+01      0.000000000000000e+00
    6.488667915302833e+01      0.000000000000000e+00
    6.512187060590664e+01      0.000000000000000e+00
    6.535706205878496e+01      0.000000000000000e+00
    6.559225351166327e+01      0.000000000000000e+00
    6.582744496454160e+01      0.000000000000000e+00
    6.606263641741992e+01      0.000000000000000e+00
    6.629782787029824e+01      0.000000000000000e+00
    6.653301932317656e+01      0.000000000000000e+00
    6.676821077605487e+01      0.000000000000000e+00
    6.700340222893320e+01      0.000000000000000e+00
    6.723859368181152e+01      0.000000000000000e+00
    6.747378513468983e+01      0.000000000000000e+00
    6.770897658756815e+01      0.000000000000000e+00
    6.794416804044647e+01      0.000000000000000e+00
    6.817935949332480e+01      0.000000000000000e+00
    6.841455094620311e+01      0.000000000000000e+00
    6.864974239908143e+01      0.000000000000000e+00
    6.888493385195974e+01      0.000000000000000e+00
    6.912012530483807e+01      0.000000000000000e+00
    6.935531675771639e+01      0.000000000000000e+00
    6.959050821059471e+01      0.000000000000000e+00
    6.982569966347303e+01      0.000000000000000e+00
    7.006089111635134e+01      0.000000000000000e+00
    7.029608256922967e+01      0.000000000000000e+00
    7.053127402210798e+01      0.000000000000000e+00
    7.076646547498630e+01      0.000000000000000e+00
    7.100165692786462e+01      0.000000000000000e+00
    7.123684838074294e+01      0.000000000000000e+00
    7.147203983362127e+01      0.000000000000000e+00
    7.170723128649958e+01      0.000000000000000e+00
    7.194242273937790e+01      0.000000000000000e+00
    7.217761419225621e+01      0.000000000000000e+00
    7.241280564513454e+01      0.000000000000000e+00
    7.264799709801287e+01      0.000000000000000e+00
    7.288318855089118e+01      0.000000000000000e+00
    7.311838000376949e+01      0.000000000000000e+00
    7.335357145664781e+01      0.000000000000000e+00
    7.358876290952614e+01      0.000000000000000e+00
    7.382395436240446e+01      0.000000000000000e+00
    7.405914581528278e+01      0.000000000000000e+00
    7.429433726816109e+01      0.000000000000000e+00
    7.452952872103941e+01      0.000000000000000e+00
    7.476472017391774e+01      0.000000000000000e+00
    7.499991162679605e+01      0.000000000000000e+00
    7.523510307967436e+01      0.000000000000000e+00
    7.547029453255269e+01      0.000000000000000e+00
    7.570548598543101e+01      0.000000000000000e+00
    7.594067743830934e+01      0.000000000000000e+00
    7.617586889118765e+01      0.000000000000000e+00
    7.641106034406596e+01      0.000000000000000e+00
    7.664625179694428e+01      0.000000000000000e+00
    7.688144324982261e+01      0.000000000000000e+00
    7.711663470270092e+01      0.000000000000000e+00
    7.735182615557925e+01      0.000000000000000e+00
    7.758701760845756e+01      0.000000000000000e+00
    7.782220906133588e+01      0.000000000000000e+00
    7.805740051421421e+01      0.000000000000000e+00
    7.829259196709252e+01      0.000000000000000e+00
    7.852778341997083e+01      0.000000000000000e+00
    7.876297487284916e+01      0.000000000000000e+00
    7.899816632572748e+01      0.000000000000000e+00
    7.923335777860581e+01      0.000000000000000e+00
    7.946854923148412e+01      0.000000000000000e+00
    7.970374068436243e+01      0.000000000000000e+00
    7.993893213724076e+01      0.000000000000000e+00
    8.017412359011908e+01      0.000000000000000e+00
    8.040931504299739e+01      0.000000000000000e+00
    8.064450649587570e+01      0.000000000000000e+00
    8.087969794875403e+01      0.000000000000000e+00
    8.111488940163235e+01      0.000000000000000e+00
    8.135008085451068e+01      0.000000000000000e+00
    8.158527230738899e+01      0.000000000000000e+00
    8.182046376026730e+01      0.000000000000000e+00
    8.205565521314563e+01      0.000000000000000e+00
    8.229084666602395e+01      0.000000000000000e+00
    8.252603811890228e+01      0.000000000000000e+00
    8.276122957178059e+01      0.000000000000000e+00
    8.299642102465890e+01      0.000000000000000e+00
    8.323161247753723e+01      0.000000000000000e+00
    8.346680393041555e+01      0.000000000000000e+00
    8.370199538329386e+01      0.000000000000000e+00
    8.393718683617217e+01      0.000000000000000e+00
    8.417237828905050e+01      0.000000000000000e+00
    8.440756974192882e+01      0.000000000000000e+00
    8.464276119480715e+01      0.000000000000000e+00
    8.487795264768546e+01      0.000000000000000e+00
    8.511314410056377e+01      0.000000000000000e+00
    8.534833555344210e+01      0.000000000000000e+00
    8.558352700632042e+01      0.000000000000000e+00
    8.581871845919873e+01      0.000000000000000e+00
    8.605390991207706e+01      0.000000000000000e+00
    8.628910136495537e+01      0.000000000000000e+00
    8.652429281783370e+01      0.000000000000000e+00
    8.675948427071202e+01      0.000000000000000e+00
    8.699467572359033e+01      0.000000000000000e+00
    8.722986717646864e+01      0.000000000000000e+00
    8.746505862934697e+01      0.000000000000000e+00
    8.770025008222530e+01      0.000000000000000e+00
    8.793544153510362e+01      0.000000000000000e+00
    8.817063298798193e+01      0.000000000000000e+00
    8.840582444086024e+01      0.000000000000000e+00
    8.864101589373857e+01      0.000000000000000e+00
    8.887620734661689e+01      0.000000000000000e+00
    8.911139879949521e+01      0.000000000000000e+00
    8.934659025237352e+01      0.000000000000000e+00
    8.958178170525184e+01      0.000000000000000e+00
    8.981697315813017e+01      0.000000000000000e+00
    9.005216461100849e+01      0.000000000000000e+00
    9.028735606388680e+01      0.000000000000000e+00
    9.052254751676512e+01      0.000000000000000e+00
    9.075773896964344e+01      0.000000000000000e+00
    9.099293042252177e+01      0.000000000000000e+00
    9.122812187540008e+01      0.000000000000000e+00
    9.146331332827840e+01      0.000000000000000e+00
    9.169850478115671e+01      0.000000000000000e+00
    9.193369623403504e+01      0.000000000000000e+00
    9.216888768691337e+01      0.000000000000000e+00
    9.240407913979168e+01      0.000000000000000e+00
    9.263927059266999e+01      0.000000000000000e+00
    9.287446204554831e+01      0.000000000000000e+00
    9.310965349842664e+01      0.000000000000000e+00
    9.334484495130496e+01      0.000000000000000e+00
    9.358003640418328e+01      0.000000000000000e+00
    9.381522785706159e+01      0.000000000000000e+00
    9.405041930993991e+01      0.000000000000000e+00
    9.428561076281824e+01      0.000000000000000e+00
    9.452080221569655e+01      0.000000000000000e+00
    9.475599366857486e+01      0.000000000000000e+00
    9.499118512145319e+01      0.000000000000000e+00
    9.522637657433151e+01      0.000000000000000e+00
    9.546156802720984e+01      0.000000000000000e+00
    9.569675948008815e+01      0.000000000000000e+00
    9.593195093296646e+01      0.000000000000000e+00
    9.616714238584478e+01      0.000000000000000e+00
    9.640233383872311e+01      0.000000000000000e+00
    9.663752529160142e+01      0.000000000000000e+00
    9.687271674447975e+01      0.000000000000000e+00
    9.710790819735806e+01      0.000000000000000e+00
    9.734309965023638e+01      0.000000000000000e+00
    9.757829110311471e+01      0.000000000000000e+00
    9.781348255599302e+01      0.000000000000000e+00
    9.804867400887133e+01      0.000000000000000e+00
    9.828386546174966e+01      0.000000000000000e+00
    9.851905691462798e+01      0.000000000000000e+00
    9.875424836750631e+01      0.000000000000000e+00
    9.898943982038462e+01      0.000000000000000e+00
    9.922463127326293e+01      0.000000000000000e+00
    9.945982272614125e+01      0.000000000000000e+00
    9.969501417901958e+01      0.000000000000000e+00
    9.993020563189789e+01      0.000000000000000e+00
    1.001653970847762e+02      0.000000000000000e+00
    1.004005885376545e+02      0.000000000000000e+00
    1.006357799905329e+02      0.000000000000000e+00
    1.008709714434112e+02      0.000000000000000e+00
    1.011061628962895e+02      0.000000000000000e+00
    1.013413543491678e+02      0.000000000000000e+00
    1.015765458020461e+02      0.000000000000000e+00
    1.018117372549245e+02      0.000000000000000e+00
    1.020469287078028e+02      0.000000000000000e+00
    1.022821201606811e+02      0.000000000000000e+00
    1.025173116135594e+02      0.000000000000000e+00
    1.027525030664377e+02      0.000000000000000e+00
    1.029876945193161e+02      0.000000000000000e+00
    1.032228859721944e+02      0.000000000000000e+00
    1.034580774250727e+02      0.000000000000000e+00
    1.036932688779510e+02      0.000000000000000e+00
    1.039284603308293e+02      0.000000000000000e+00
    1.041636517837076e+02      0.000000000000000e+00
    1.043988432365860e+02      0.000000000000000e+00
    1.046340346894643e+02      0.000000000000000e+00
    1.048692261423426e+02      0.000000000000000e+00
    1.051044175952209e+02      0.000000000000000e+00
    1.053396090480992e+02      0.000000000000000e+00
    1.055748005009776e+02      0.000000000000000e+00
    1.058099919538559e+02      0.000000000000000e+00
    1.060451834067342e+02      0.000000000000000e+00
    1.062803748596125e+02      0.000000000000000e+00
    1.065155663124908e+02      0.000000000000000e+00
    1.067507577653692e+02      0.000000000000000e+00
    1.069859492182475e+02      0.000000000000000e+00
    1.072211406711258e+02      0.000000000000000e+00
    1.074563321240041e+02      0.000000000000000e+00
    1.076915235768824e+02      0.000000000000000e+00
    1.079267150297607e+02      0.000000000000000e+00
    1.081619064826391e+02      0.000000000000000e+00
    1.083970979355174e+02      0.000000000000000e+00
    1.086322893883957e+02      0.000000000000000e+00
    1.088674808412740e+02      0.000000000000000e+00
    1.091026722941523e+02      0.000000000000000e+00
    1.093378637470307e+02      0.000000000000000e+00
    1.095730551999090e+02      0.000000000000000e+00
    1.098082466527873e+02      0.000000000000000e+00
    1.100434381056656e+02      0.000000000000000e+00
    1.102786295585439e+02      0.000000000000000e+00
    1.105138210114223e+02      0.000000000000000e+00
    1.107490124643006e+02      0.000000000000000e+00
    1.109842039171789e+02      0.000000000000000e+00
    1.112193953700572e+02      0.000000000000000e+00
    1.114545868229355e+02      0.000000000000000e+00
    1.116897782758139e+02      0.000000000000000e+00
    1.119249697286922e+02      0.000000000000000e+00
    1.121601611815705e+02      0.000000000000000e+00
    1.123953526344488e+02      0.000000000000000e+00
    1.126305440873271e+02      0.000000000000000e+00
    1.128657355402054e+02      0.000000000000000e+00
    1.131009269930838e+02      0.000000000000000e+00
    1.133361184459621e+02      0.000000000000000e+00
    1.135713098988404e+02      0.000000000000000e+00
    1.138065013517187e+02      0.000000000000000e+00
    1.140416928045970e+02      0.000000000000000e+00
    1.142768842574754e+02      0.000000000000000e+00
    1.145120757103537e+02      0.000000000000000e+00
    1.147472671632320e+02      0.000000000000000e+00
    1.149824586161103e+02      0.000000000000000e+00
    1.152176500689886e+02      0.000000000000000e+00
    1.154528415218670e+02      0.000000000000000e+00
    1.156880329747453e+02      0.000000000000000e+00
    1.159232244276236e+02      0.000000000000000e+00
    1.161584158805019e+02      0.000000000000000e+00
    1.163936073333802e+02      0.000000000000000e+00
    1.166287987862586e+02      0.000000000000000e+00
    1.168639902391369e+02      0.000000000000000e+00
    1.170991816920152e+02      0.000000000000000e+00
    1.173343731448935e+02      0.000000000000000e+00
    1.175695645977718e+02      0.000000000000000e+00
    1.178047560506502e+02      0.000000000000000e+00
    1.180399475035285e+02      0.000000000000000e+00
    1.182751389564068e+02      0.000000000000000e+00
    1.185103304092851e+02      0.000000000000000e+00
    1.187455218621634e+02      0.000000000000000e+00
    1.189807133150418e+02      0.000000000000000e+00
    1.192159047679201e+02      0.000000000000000e+00
    1.194510962207984e+02      0.000000000000000e+00
    1.196862876736767e+02      0.000000000000000e+00
    1.199214791265550e+02      0.000000000000000e+00
    1.201566705794334e+02      0.000000000000000e+00
    1.203918620323117e+02      0.000000000000000e+00
    1.206270534851900e+02      0.000000000000000e+00
    1.208622449380683e+02      0.000000000000000e+00
    1.210974363909466e+02      0.000000000000000e+00
    1.213326278438250e+02      0.000000000000000e+00
    1.215678192967033e+02      0.000000000000000e+00
    1.218030107495816e+02      0.000000000000000e+00
    1.220382022024599e+02      0.000000000000000e+00
    1.222733936553382e+02      0.000000000000000e+00
    1.225085851082166e+02      0.000000000000000e+00
    1.227437765610949e+02      0.000000000000000e+00
    1.229789680139732e+02      0.000000000000000e+00
    1.232141594668515e+02      0.000000000000000e+00
    1.234493509197298e+02      0.000000000000000e+00
    1.236845423726081e+02      0.000000000000000e+00
    1.239197338254865e+02      0.000000000000000e+00
    1.241549252783648e+02      0.000000000000000e+00
    1.243901167312431e+02      0.000000000000000e+00
    1.246253081841214e+02      0.000000000000000e+00
    1.248604996369997e+02      0.000000000000000e+00
    1.250956910898781e+02      0.000000000000000e+00
    1.253308825427564e+02      0.000000000000000e+00
    1.255660739956347e+02      0.000000000000000e+00
    1.258012654485130e+02      0.000000000000000e+00
    1.260364569013913e+02      0.000000000000000e+00
    1.262716483542697e+02      0.000000000000000e+00
    1.265068398071480e+02      0.000000000000000e+00
    1.267420312600263e+02      0.000000000000000e+00
    1.269772227129046e+02      0.000000000000000e+00
    1.272124141657829e+02      0.000000000000000e+00
    1.274476056186612e+02      0.000000000000000e+00
    1.276827970715396e+02      0.000000000000000e+00
    1.279179885244179e+02      0.000000000000000e+00
    1.281531799772962e+02      7.206534223478521e-02
    1.283883714301745e+02      0.000000000000000e+00
    1.286235628830528e+02      0.000000000000000e+00
    1.288587543359312e+02      0.000000000000000e+00
    1.290939457888095e+02      0.000000000000000e+00
    1.293291372416878e+02      0.000000000000000e+00
    1.295643286945661e+02      0.000000000000000e+00
    1.297995201474444e+02      0.000000000000000e+00
    1.300347116003228e+02      0.000000000000000e+00
    1.302699030532011e+02      0.000000000000000e+00
    1.305050945060794e+02      0.000000000000000e+00
    1.307402859589577e+02      0.000000000000000e+00
    1.309754774118360e+02      0.000000000000000e+00
    1.312106688647144e+02      0.000000000000000e+00
    1.314458603175927e+02      0.000000000000000e+00
    1.316810517704710e+02      0.000000000000000e+00
    1.319162432233493e+02      0.000000000000000e+00
    1.321514346762276e+02      0.000000000000000e+00
    1.323866261291059e+02      0.000000000000000e+00
    1.326218175819843e+02      0.000000000000000e+00
    1.328570090348626e+02      0.000000000000000e+00
    1.330922004877409e+02      0.000000000000000e+00
    1.333273919406192e+02      0.000000000000000e+00
    1.335625833934976e+02      0.000000000000000e+00
    1.337977748463759e+02      0.000000000000000e+00
    1.340329662992542e+02      0.000000000000000e+00
    1.342681577521325e+02      0.000000000000000e+00
    1.345033492050108e+02      0.000000000000000e+00
    1.347385406578891e+02      0.000000000000000e+00
    1.349737321107675e+02      0.000000000000000e+00
    1.352089235636458e+02      0.000000000000000e+00
    1.354441150165241e+02      0.000000000000000e+00
    1.356793064694024e+02      0.000000000000000e+00
    1.359144979222808e+02      0.000000000000000e+00
    1.361496893751591e+02      0.000000000000000e+00
    1.363848808280374e+02      0.000000000000000e+00
    1.366200722809157e+02      0.000000000000000e+00
    1.368552637337940e+02      0.000000000000000e+00
    1.370904551866723e+02      0.000000000000000e+00
    1.373256466395507e+02      0.000000000000000e+00
    1.375608380924290e+02      0.000000000000000e+00
    1.377960295453073e+02      0.000000000000000e+00
    1.380312209981856e+02      0.000000000000000e+00
    1.382664124510639e+02      0.000000000000000e+00
    1.385016039039423e+02      0.000000000000000e+00
    1.387367953568206e+02      0.000000000000000e+00
    1.389719868096989e+02      0.000000000000000e+00
    1.392071782625772e+02      0.000000000000000e+00
    1.394423697154555e+02      0.000000000000000e+00
    1.396775611683339e+02      0.000000000000000e+00
    1.399127526212122e+02      0.000000000000000e+00
    1.401479440740905e+02      0.000000000000000e+00
    1.403831355269688e+02      0.000000000000000e+00
    1.406183269798471e+02      0.000000000000000e+00
    1.408535184327255e+02      0.000000000000000e+00
    1.410887098856037e+02      0.000000000000000e+00
    1.413239013384821e+02      0.000000000000000e+00
    1.415590927913604e+02      0.000000000000000e+00
    1.417942842442387e+02      0.000000000000000e+00
    1.420294756971171e+02      0.000000000000000e+00
    1.422646671499954e+02      0.000000000000000e+00
    1.424998586028737e+02      0.000000000000000e+00
    1.427350500557520e+02      0.000000000000000e+00
    1.429702415086303e+02      0.000000000000000e+00
    1.432054329615086e+02      0.000000000000000e+00
    1.434406244143869e+02      0.000000000000000e+00
    1.436758158672653e+02      0.000000000000000e+00
    1.439110073201436e+02      0.000000000000000e+00
    1.441461987730219e+02      0.000000000000000e+00
    1.443813902259002e+02      0.000000000000000e+00
    1.446165816787786e+02      0.000000000000000e+00
    1.448517731316569e+02      0.000000000000000e+00
    1.450869645845352e+02      0.000000000000000e+00
    1.453221560374135e+02      0.000000000000000e+00
    1.455573474902918e+02      0.000000000000000e+00
    1.457925389431701e+02      0.000000000000000e+00
    1.460277303960485e+02      0.000000000000000e+00
    1.462629218489268e+02      0.000000000000000e+00
    1.464981133018051e+02      0.000000000000000e+00
    1.467333047546834e+02      0.000000000000000e+00
    1.469684962075617e+02      0.000000000000000e+00
    1.472036876604401e+02      0.000000000000000e+00
    1.474388791133184e+02      0.000000000000000e+00
    1.476740705661967e+02      0.000000000000000e+00
    1.479092620190750e+02      0.000000000000000e+00
    1.481444534719533e+02      0.000000000000000e+00
    1.483796449248317e+02      0.000000000000000e+00
    1.486148363777100e+02      0.000000000000000e+00
    1.488500278305883e+02      0.000000000000000e+00
    1.490852192834666e+02      0.000000000000000e+00
    1.493204107363449e+02      0.000000000000000e+00
    1.495556021892233e+02      0.000000000000000e+00
    1.497907936421016e+02      0.000000000000000e+00
    1.500259850949799e+02      0.000000000000000e+00
    1.502611765478582e+02      0.000000000000000e+00
    1.504963680007365e+02      0.000000000000000e+00
    1.507315594536149e+02      0.000000000000000e+00
    1.509667509064932e+02      0.000000000000000e+00
    1.512019423593715e+02      0.000000000000000e+00
    1.514371338122498e+02      0.000000000000000e+00
    1.516723252651281e+02      0.000000000000000e+00
    1.519075167180064e+02      0.000000000000000e+00
    1.521427081708848e+02      0.000000000000000e+00
    1.523778996237631e+02      0.000000000000000e+00
    1.526130910766414e+02      0.000000000000000e+00
    1.528482825295197e+02      0.000000000000000e+00
    1.530834739823981e+02      0.000000000000000e+00
    1.533186654352764e+02      0.000000000000000e+00
    1.535538568881547e+02      0.000000000000000e+00
    1.537890483410330e+02      0.000000000000000e+00
    1.540242397939113e+02      0.000000000000000e+00
    1.542594312467896e+02      0.000000000000000e+00
    1.544946226996680e+02      0.000000000000000e+00
    1.547298141525463e+02      0.000000000000000e+00
    1.549650056054246e+02      0.000000000000000e+00
    1.552001970583029e+02      0.000000000000000e+00
    1.554353885111813e+02      0.000000000000000e+00
    1.556705799640596e+02      0.000000000000000e+00
    1.559057714169379e+02      0.000000000000000e+00
    1.561409628698162e+02      0.000000000000000e+00
    1.563761543226945e+02      0.000000000000000e+00
    1.566113457755728e+02      0.000000000000000e+00
    1.568465372284512e+02      0.000000000000000e+00
    1.570817286813295e+02      0.000000000000000e+00
    1.573169201342078e+02      0.000000000000000e+00
    1.575521115870861e+02      0.000000000000000e+00
    1.577873030399645e+02      0.000000000000000e+00
    1.580224944928428e+02      0.000000000000000e+00
    1.582576859457211e+02      0.000000000000000e+00
    1.584928773985994e+02      0.000000000000000e+00
    1.587280688514777e+02      0.000000000000000e+00
    1.589632603043560e+02      0.000000000000000e+00
    1.591984517572344e+02      0.000000000000000e+00
    1.594336432101127e+02      0.000000000000000e+00
    1.596688346629910e+02      0.000000000000000e+00
    1.599040261158693e+02      0.000000000000000e+00
    1.601392175687476e+02      0.000000000000000e+00
    1.603744090216260e+02      0.000000000000000e+00
    1.606096004745042e+02      0.000000000000000e+00
    1.608447919273826e+02      0.000000000000000e+00
    1.610799833802609e+02      0.000000000000000e+00
    1.613151748331392e+02      0.000000000000000e+00
    1.615503662860175e+02      0.000000000000000e+00
    1.617855577388959e+02      0.000000000000000e+00
    1.620207491917742e+02      0.000000000000000e+00
    1.622559406446525e+02      0.000000000000000e+00
    1.624911320975308e+02      0.000000000000000e+00
    1.627263235504091e+02      0.000000000000000e+00
    1.629615150032874e+02      0.000000000000000e+00
    1.631967064561658e+02      0.000000000000000e+00
    1.634318979090441e+02      0.000000000000000e+00
    1.636670893619224e+02      0.000000000000000e+00
    1.639022808148007e+02      0.000000000000000e+00
    1.641374722676791e+02      0.000000000000000e+00
    1.643726637205574e+02      0.000000000000000e+00
    1.646078551734357e+02      0.000000000000000e+00
    1.648430466263140e+02      0.000000000000000e+00
    1.650782380791923e+02      0.000000000000000e+00
    1.653134295320706e+02      0.000000000000000e+00
    1.655486209849490e+02      0.000000000000000e+00
    1.657838124378273e+02      0.000000000000000e+00
    1.660190038907056e+02      0.000000000000000e+00
    1.662541953435839e+02      0.000000000000000e+00
    1.664893867964622e+02      0.000000000000000e+00
    1.667245782493406e+02      0.000000000000000e+00
    1.669597697022189e+02      0.000000000000000e+00
    1.671949611550972e+02      0.000000000000000e+00
    1.674301526079755e+02      0.000000000000000e+00
    1.676653440608538e+02      0.000000000000000e+00
    1.679005355137322e+02      0.000000000000000e+00
    1.681357269666105e+02      0.000000000000000e+00
    1.683709184194888e+02      0.000000000000000e+00
    1.686061098723671e+02      0.000000000000000e+00
    1.688413013252454e+02      0.000000000000000e+00
    1.690764927781238e+02      0.000000000000000e+00
    1.693116842310021e+02      0.000000000000000e+00
    1.695468756838804e+02      0.000000000000000e+00
    1.697820671367587e+02      0.000000000000000e+00
    1.700172585896370e+02      0.000000000000000e+00
    1.702524500425154e+02      0.000000000000000e+00
    1.704876414953937e+02      0.000000000000000e+00
    1.707228329482720e+02      0.000000000000000e+00
    1.709580244011503e+02      0.000000000000000e+00
    1.711932158540286e+02      0.000000000000000e+00
    1.714284073069070e+02      0.000000000000000e+00
    1.716635987597853e+02      0.000000000000000e+00
    1.718987902126636e+02      0.000000000000000e+00
    1.721339816655419e+02      0.000000000000000e+00
    1.723691731184202e+02      0.000000000000000e+00
    1.726043645712986e+02      0.000000000000000e+00
    1.728395560241769e+02      0.000000000000000e+00
    1.730747474770552e+02      0.000000000000000e+00
    1.733099389299335e+02      0.000000000000000e+00
    1.735451303828118e+02      0.000000000000000e+00
    1.737803218356902e+02      0.000000000000000e+00
    1.740155132885685e+02      0.000000000000000e+00
    1.742507047414468e+02      0.000000000000000e+00
    1.744858961943251e+02      0.000000000000000e+00
    1.747210876472034e+02      0.000000000000000e+00
    1.749562791000817e+02      0.000000000000000e+00
    1.751914705529601e+02      0.000000000000000e+00
    1.754266620058384e+02      0.000000000000000e+00
    1.756618534587167e+02      0.000000000000000e+00
    1.758970449115950e+02      0.000000000000000e+00
    1.761322363644733e+02      0.000000000000000e+00
    1.763674278173517e+02      0.000000000000000e+00
    1.766026192702300e+02      0.000000000000000e+00
    1.768378107231083e+02      0.000000000000000e+00
    1.770730021759866e+02      0.000000000000000e+00
    1.773081936288649e+02      0.000000000000000e+00
    1.775433850817433e+02      0.000000000000000e+00
    1.777785765346216e+02      0.000000000000000e+00
    1.780137679874999e+02      0.000000000000000e+00
    1.782489594403782e+02      0.000000000000000e+00
    1.784841508932565e+02      0.000000000000000e+00
    1.787193423461349e+02      0.000000000000000e+00
    1.789545337990132e+02      0.000000000000000e+00
    1.791897252518915e+02      0.000000000000000e+00
    1.794249167047698e+02      0.000000000000000e+00
    1.796601081576481e+02      0.000000000000000e+00
    1.798952996105265e+02      0.000000000000000e+00
    1.801304910634048e+02      0.000000000000000e+00
    1.803656825162831e+02      0.000000000000000e+00
    1.806008739691614e+02      0.000000000000000e+00
    1.808360654220397e+02      0.000000000000000e+00
    1.810712568749180e+02      0.000000000000000e+00
    1.813064483277964e+02      0.000000000000000e+00
    1.815416397806747e+02      0.000000000000000e+00
    1.817768312335530e+02      0.000000000000000e+00
    1.820120226864313e+02      0.000000000000000e+00
    1.822472141393096e+02      0.000000000000000e+00
    1.824824055921879e+02      0.000000000000000e+00
    1.827175970450663e+02      0.000000000000000e+00
    1.829527884979446e+02      0.000000000000000e+00
    1.831879799508229e+02      0.000000000000000e+00
    1.834231714037012e+02      0.000000000000000e+00
    1.836583628565795e+02      0.000000000000000e+00
    1.838935543094579e+02      0.000000000000000e+00
    1.841287457623362e+02      0.000000000000000e+00
    1.843639372152145e+02      0.000000000000000e+00
    1.845991286680928e+02      0.000000000000000e+00
    1.848343201209711e+02      0.000000000000000e+00
    1.850695115738495e+02      0.000000000000000e+00
    1.853047030267278e+02      0.000000000000000e+00
    1.855398944796061e+02      0.000000000000000e+00
    1.857750859324844e+02      0.000000000000000e+00
    1.860102773853627e+02      0.000000000000000e+00
    1.862454688382411e+02      0.000000000000000e+00
    1.864806602911194e+02      0.000000000000000e+00
    1.867158517439977e+02      0.000000000000000e+00
    1.869510431968760e+02      0.000000000000000e+00
    1.871862346497543e+02      0.000000000000000e+00
    1.874214261026327e+02      0.000000000000000e+00
    1.876566175555110e+02      0.000000000000000e+00
    1.878918090083893e+02      0.000000000000000e+00
    1.881270004612676e+02      0.000000000000000e+00
    1.883621919141459e+02      0.000000000000000e+00
    1.885973833670243e+02      0.000000000000000e+00
    1.888325748199026e+02      0.000000000000000e+00
    1.890677662727809e+02      0.000000000000000e+00
    1.893029577256592e+02      0.000000000000000e+00
    1.895381491785375e+02      0.000000000000000e+00
    1.897733406314159e+02      0.000000000000000e+00
    1.900085320842942e+02      0.000000000000000e+00
    1.902437235371725e+02      0.000000000000000e+00
    1.904789149900508e+02      0.000000000000000e+00
    1.907141064429291e+02      0.000000000000000e+00
    1.909492978958075e+02      0.000000000000000e+00
    1.911844893486858e+02      0.000000000000000e+00
    1.914196808015641e+02      0.000000000000000e+00
    1.916548722544424e+02      0.000000000000000e+00
    1.918900637073207e+02      0.000000000000000e+00
    1.921252551601991e+02      0.000000000000000e+00
    1.923604466130774e+02      0.000000000000000e+00
    1.925956380659557e+02      0.000000000000000e+00
    1.928308295188340e+02      0.000000000000000e+00
    1.930660209717123e+02      0.000000000000000e+00
    1.933012124245907e+02      0.000000000000000e+00
    1.935364038774690e+02      0.000000000000000e+00
    1.937715953303473e+02      0.000000000000000e+00
    1.940067867832256e+02      0.000000000000000e+00
    1.942419782361039e+02      0.000000000000000e+00
    1.944771696889822e+02      0.000000000000000e+00
    1.947123611418606e+02      0.000000000000000e+00
    1.949475525947389e+02      0.000000000000000e+00
    1.951827440476172e+02      0.000000000000000e+00
    1.954179355004955e+02      0.000000000000000e+00
    1.956531269533738e+02      0.000000000000000e+00
    1.958883184062522e+02      0.000000000000000e+00
    1.961235098591305e+02      0.000000000000000e+00
    1.963587013120088e+02      0.000000000000000e+00
    1.965938927648871e+02      0.000000000000000e+00
    1.968290842177654e+02      0.000000000000000e+00
    1.970642756706438e+02      0.000000000000000e+00
    1.972994671235221e+02      0.000000000000000e+00
    1.975346585764004e+02      0.000000000000000e+00
    1.977698500292787e+02      0.000000000000000e+00
    1.980050414821570e+02      0.000000000000000e+00
    1.982402329350354e+02      0.000000000000000e+00
    1.984754243879137e+02      0.000000000000000e+00
    1.987106158407920e+02      0.000000000000000e+00
    1.989458072936703e+02      0.000000000000000e+00
    1.991809987465486e+02      0.000000000000000e+00
    1.994161901994269e+02      0.000000000000000e+00
    1.996513816523053e+02      0.000000000000000e+00
    1.998865731051836e+02      0.000000000000000e+00
    2.001217645580619e+02      0.000000000000000e+00
    2.003569560109402e+02      0.000000000000000e+00
    2.005921474638185e+02      0.000000000000000e+00
    2.008273389166969e+02      0.000000000000000e+00
    2.010625303695752e+02      0.000000000000000e+00
    2.012977218224535e+02      0.000000000000000e+00
    2.015329132753318e+02      0.000000000000000e+00
    2.017681047282101e+02      0.000000000000000e+00
    2.020032961810884e+02      1.441306844695704e-01
    2.022384876339668e+02      0.000000000000000e+00
    2.024736790868451e+02      0.000000000000000e+00
    2.027088705397234e+02      0.000000000000000e+00
    2.029440619926017e+02      0.000000000000000e+00
    2.031792534454800e+02      0.000000000000000e+00
    2.034144448983584e+02      0.000000000000000e+00
    2.036496363512367e+02      0.000000000000000e+00
    2.038848278041150e+02      0.000000000000000e+00
    2.041200192569933e+02      0.000000000000000e+00
    2.043552107098716e+02      0.000000000000000e+00
    2.045904021627500e+02      0.000000000000000e+00
    2.048255936156283e+02      0.000000000000000e+00
    2.050607850685066e+02      0.000000000000000e+00
    2.052959765213849e+02      0.000000000000000e+00
    2.055311679742632e+02      0.000000000000000e+00
    2.057663594271416e+02      0.000000000000000e+00
    2.060015508800199e+02      0.000000000000000e+00
    2.062367423328982e+02      0.000000000000000e+00
    2.064719337857765e+02      0.000000000000000e+00
    2.067071252386548e+02      0.000000000000000e+00
    2.069423166915332e+02      0.000000000000000e+00
    2.071775081444115e+02      0.000000000000000e+00
    2.074126995972898e+02      0.000000000000000e+00
    2.076478910501681e+02      0.000000000000000e+00
    2.078830825030464e+02      0.000000000000000e+00
    2.081182739559248e+02      0.000000000000000e+00
    2.083534654088031e+02      0.000000000000000e+00
    2.085886568616814e+02      0.000000000000000e+00
    2.088238483145597e+02      0.000000000000000e+00
    2.090590397674380e+02      0.000000000000000e+00
    2.092942312203164e+02      0.000000000000000e+00
    2.095294226731947e+02      0.000000000000000e+00
    2.097646141260730e+02      0.000000000000000e+00
    2.099998055789513e+02      0.000000000000000e+00
    2.102349970318296e+02      0.000000000000000e+00
    2.104701884847080e+02      0.000000000000000e+00
    2.107053799375863e+02      0.000000000000000e+00
    2.109405713904646e+02      0.000000000000000e+00
    2.111757628433429e+02      0.000000000000000e+00
    2.114109542962212e+02      0.000000000000000e+00
    2.116461457490996e+02      0.000000000000000e+00
    2.118813372019779e+02      0.000000000000000e+00
    2.121165286548562e+02      0.000000000000000e+00
    2.123517201077345e+02      0.000000000000000e+00
    2.125869115606128e+02      0.000000000000000e+00
    2.128221030134912e+02      0.000000000000000e+00
    2.130572944663695e+02      0.000000000000000e+00
    2.132924859192478e+02      0.000000000000000e+00
    2.135276773721261e+02      0.000000000000000e+00
    2.137628688250044e+02      0.000000000000000e+00
    2.139980602778827e+02      0.000000000000000e+00
    2.142332517307611e+02      0.000000000000000e+00
    2.144684431836394e+02      0.000000000000000e+00
    2.147036346365177e+02      0.000000000000000e+00
    2.149388260893960e+02      0.000000000000000e+00
    2.151740175422743e+02      0.000000000000000e+00
    2.154092089951527e+02      0.000000000000000e+00
    2.156444004480310e+02      0.000000000000000e+00
    2.158795919009093e+02      0.000000000000000e+00
    2.161147833537876e+02      0.000000000000000e+00
    2.163499748066659e+02      0.000000000000000e+00
    2.165851662595443e+02      0.000000000000000e+00
    2.168203577124226e+02      0.000000000000000e+00
    2.170555491653009e+02      0.000000000000000e+00
    2.172907406181792e+02      0.000000000000000e+00
    2.175259320710575e+02      0.000000000000000e+00
    2.177611235239359e+02      0.000000000000000e+00
    2.179963149768142e+02      0.000000000000000e+00
    2.182315064296925e+02      0.000000000000000e+00
    2.184666978825708e+02      0.000000000000000e+00
    2.187018893354491e+02      0.000000000000000e+00
    2.189370807883274e+02      0.000000000000000e+00
    2.191722722412058e+02      0.000000000000000e+00
    2.194074636940841e+02      0.000000000000000e+00
    2.196426551469624e+02      0.000000000000000e+00
    2.198778465998407e+02      0.000000000000000e+00
    2.201130380527190e+02      0.000000000000000e+00
    2.203482295055974e+02      0.000000000000000e+00
    2.205834209584757e+02      0.000000000000000e+00
    2.208186124113540e+02      0.000000000000000e+00
    2.210538038642323e+02      0.000000000000000e+00
    2.212889953171106e+02      0.000000000000000e+00
    2.215241867699890e+02      0.000000000000000e+00
    2.217593782228673e+02      0.000000000000000e+00
    2.219945696757456e+02      0.000000000000000e+00
    2.222297611286239e+02      0.000000000000000e+00
    2.224649525815022e+02      0.000000000000000e+00
    2.227001440343805e+02      0.000000000000000e+00
    2.229353354872589e+02      0.000000000000000e+00
    2.231705269401372e+02      0.000000000000000e+00
    2.234057183930155e+02      0.000000000000000e+00
    2.236409098458938e+02      0.000000000000000e+00
    2.238761012987721e+02      0.000000000000000e+00
    2.241112927516505e+02      0.000000000000000e+00
    2.243464842045288e+02      0.000000000000000e+00
    2.245816756574071e+02      0.000000000000000e+00
    2.248168671102854e+02      0.000000000000000e+00
    2.250520585631637e+02      0.000000000000000e+00
    2.252872500160421e+02      0.000000000000000e+00
    2.255224414689204e+02      0.000000000000000e+00
    2.257576329217987e+02      0.000000000000000e+00
    2.259928243746770e+02      0.000000000000000e+00
    2.262280158275553e+02      0.000000000000000e+00
    2.264632072804337e+02      0.000000000000000e+00
    2.266983987333120e+02      0.000000000000000e+00
    2.269335901861903e+02      0.000000000000000e+00
    2.271687816390686e+02      0.000000000000000e+00
    2.274039730919469e+02      0.000000000000000e+00
    2.276391645448253e+02      0.000000000000000e+00
    2.278743559977036e+02      0.000000000000000e+00
    2.281095474505819e+02      0.000000000000000e+00
    2.283447389034602e+02      0.000000000000000e+00
    2.285799303563385e+02      0.000000000000000e+00
    2.288151218092169e+02      0.000000000000000e+00
    2.290503132620952e+02      0.000000000000000e+00
    2.292855047149735e+02      0.000000000000000e+00
    2.295206961678518e+02      0.000000000000000e+00
    2.297558876207301e+02      0.000000000000000e+00
    2.299910790736085e+02      0.000000000000000e+00
    2.302262705264868e+02      0.000000000000000e+00
    2.304614619793651e+02      0.000000000000000e+00
    2.306966534322434e+02      0.000000000000000e+00
    2.309318448851217e+02      0.000000000000000e+00
    2.311670363380001e+02      0.000000000000000e+00
    2.314022277908784e+02      0.000000000000000e+00
    2.316374192437567e+02      0.000000000000000e+00
    2.318726106966350e+02      0.000000000000000e+00
    2.321078021495133e+02      0.000000000000000e+00
    2.323429936023917e+02      0.000000000000000e+00
    2.325781850552700e+02      0.000000000000000e+00
    2.328133765081483e+02      0.000000000000000e+00
    2.330485679610266e+02      0.000000000000000e+00
    2.332837594139049e+02      0.000000000000000e+00
    2.335189508667832e+02      0.000000000000000e+00
    2.337541423196616e+02      0.000000000000000e+00
    2.339893337725399e+02      0.000000000000000e+00
    2.342245252254182e+02      0.000000000000000e+00
    2.344597166782965e+02      0.000000000000000e+00
    2.346949081311748e+02      0.000000000000000e+00
    2.349300995840532e+02      0.000000000000000e+00
    2.351652910369315e+02      0.000000000000000e+00
    2.354004824898098e+02      0.000000000000000e+00
    2.356356739426881e+02      0.000000000000000e+00
    2.358708653955664e+02      0.000000000000000e+00
    2.361060568484448e+02      0.000000000000000e+00
    2.363412483013231e+02      0.000000000000000e+00
    2.365764397542014e+02      0.000000000000000e+00
    2.368116312070797e+02      0.000000000000000e+00
    2.370468226599580e+02      0.000000000000000e+00
    2.372820141128364e+02      0.000000000000000e+00
    2.375172055657147e+02      0.000000000000000e+00
    2.377523970185930e+02      0.000000000000000e+00
    2.379875884714713e+02      0.000000000000000e+00
    2.382227799243496e+02      0.000000000000000e+00
    2.384579713772279e+02      0.000000000000000e+00
    2.386931628301063e+02      0.000000000000000e+00
    2.389283542829846e+02      0.000000000000000e+00
    2.391635457358629e+02      0.000000000000000e+00
    2.393987371887412e+02      0.000000000000000e+00
    2.396339286416195e+02      0.000000000000000e+00
    2.398691200944979e+02      0.000000000000000e+00
    2.401043115473762e+02      0.000000000000000e+00
    2.403395030002545e+02      0.000000000000000e+00
    2.405746944531328e+02      0.000000000000000e+00
    2.408098859060111e+02      0.000000000000000e+00
    2.410450773588895e+02      0.000000000000000e+00
    2.412802688117678e+02      0.000000000000000e+00
    2.415154602646461e+02      0.000000000000000e+00
    2.417506517175244e+02      0.000000000000000e+00
    2.419858431704027e+02      0.000000000000000e+00
    2.422210346232810e+02      0.000000000000000e+00
    2.424562260761594e+02      0.000000000000000e+00
    2.426914175290377e+02      0.000000000000000e+00
    2.429266089819160e+02      0.000000000000000e+00
    2.431618004347943e+02      0.000000000000000e+00
    2.433969918876726e+02      0.000000000000000e+00
    2.436321833405510e+02      0.000000000000000e+00
    2.438673747934293e+02      0.000000000000000e+00
    2.441025662463076e+02      0.000000000000000e+00
    2.443377576991859e+02      0.000000000000000e+00
    2.445729491520642e+02      0.000000000000000e+00
    2.448081406049426e+02      0.000000000000000e+00
    2.450433320578209e+02      0.000000000000000e+00
    2.452785235106992e+02      0.000000000000000e+00
    2.455137149635775e+02      0.000000000000000e+00
    2.457489064164558e+02      0.000000000000000e+00
    2.459840978693342e+02      0.000000000000000e+00
    2.462192893222125e+02      0.000000000000000e+00
    2.464544807750908e+02      0.000000000000000e+00
    2.466896722279691e+02      0.000000000000000e+00
    2.469248636808474e+02      0.000000000000000e+00
    2.471600551337258e+02      0.000000000000000e+00
    2.473952465866041e+02      0.000000000000000e+00
    2.476304380394824e+02      0.000000000000000e+00
    2.478656294923607e+02      0.000000000000000e+00
    2.481008209452390e+02      0.000000000000000e+00
    2.483360123981174e+02      0.000000000000000e+00
    2.485712038509957e+02      0.000000000000000e+00
    2.488063953038740e+02      0.000000000000000e+00
    2.490415867567523e+02      0.000000000000000e+00
    2.492767782096306e+02      0.000000000000000e+00
    2.495119696625090e+02      0.000000000000000e+00
    2.497471611153873e+02      0.000000000000000e+00
    2.499823525682656e+02      0.000000000000000e+00
    2.502175440211439e+02      0.000000000000000e+00
    2.504527354740222e+02      0.000000000000000e+00
    2.506879269269006e+02      0.000000000000000e+00
    2.509231183797789e+02      0.000000000000000e+00
    2.511583098326572e+02      0.000000000000000e+00
    2.513935012855355e+02      0.000000000000000e+00
    2.516286927384138e+02      0.000000000000000e+00
    2.518638841912922e+02      0.000000000000000e+00
    2.520990756441705e+02      0.000000000000000e+00
    2.523342670970488e+02      0.000000000000000e+00
    2.525694585499271e+02      0.000000000000000e+00
    2.528046500028054e+02      0.000000000000000e+00
    2.530398414556837e+02      0.000000000000000e+00
    2.532750329085621e+02      0.000000000000000e+00
    2.535102243614404e+02      0.000000000000000e+00
    2.537454158143187e+02      0.000000000000000e+00
    2.539806072671970e+02      0.000000000000000e+00
    2.542157987200753e+02      0.000000000000000e+00
    2.544509901729537e+02      0.000000000000000e+00
    2.546861816258320e+02      0.000000000000000e+00
    2.549213730787103e+02      0.000000000000000e+00
    2.551565645315886e+02      0.000000000000000e+00
    2.553917559844669e+02      0.000000000000000e+00
    2.556269474373453e+02      0.000000000000000e+00
    2.558621388902236e+02      0.000000000000000e+00
    2.560973303431019e+02      0.000000000000000e+00
    2.563325217959802e+02      0.000000000000000e+00
    2.565677132488585e+02      0.000000000000000e+00
    2.568029047017368e+02      0.000000000000000e+00
    2.570380961546152e+02      0.000000000000000e+00
    2.572732876074935e+02      0.000000000000000e+00
    2.575084790603718e+02      0.000000000000000e+00
    2.577436705132501e+02      0.000000000000000e+00
    2.579788619661284e+02      0.000000000000000e+00
    2.582140534190067e+02      0.000000000000000e+00
    2.584492448718851e+02      0.000000000000000e+00
    2.586844363247634e+02      0.000000000000000e+00
    2.589196277776417e+02      0.000000000000000e+00
    2.591548192305200e+02      0.000000000000000e+00
    2.593900106833984e+02      0.000000000000000e+00
    2.596252021362767e+02      0.000000000000000e+00
    2.598603935891550e+02      0.000000000000000e+00
    2.600955850420333e+02      0.000000000000000e+00
    2.603307764949117e+02      0.000000000000000e+00
    2.605659679477900e+02      0.000000000000000e+00
    2.608011594006683e+02      0.000000000000000e+00
    2.610363508535466e+02      0.000000000000000e+00
    2.612715423064249e+02      0.000000000000000e+00
    2.615067337593032e+02      0.000000000000000e+00
    2.617419252121815e+02      0.000000000000000e+00
    2.619771166650598e+02      0.000000000000000e+00
    2.622123081179382e+02      0.000000000000000e+00
    2.624474995708165e+02      0.000000000000000e+00
    2.626826910236948e+02      0.000000000000000e+00
    2.629178824765731e+02      0.000000000000000e+00
    2.631530739294515e+02      0.000000000000000e+00
    2.633882653823298e+02      0.000000000000000e+00
    2.636234568352081e+02      0.000000000000000e+00
    2.638586482880864e+02      0.000000000000000e+00
    2.640938397409648e+02      0.000000000000000e+00
    2.643290311938431e+02      0.000000000000000e+00
    2.645642226467214e+02      0.000000000000000e+00
    2.647994140995997e+02      0.000000000000000e+00
    2.650346055524780e+02      0.000000000000000e+00
    2.652697970053563e+02      0.000000000000000e+00
    2.655049884582347e+02      0.000000000000000e+00
    2.657401799111130e+02      0.000000000000000e+00
    2.659753713639913e+02      0.000000000000000e+00
    2.662105628168696e+02      0.000000000000000e+00
    2.664457542697479e+02      0.000000000000000e+00
    2.666809457226262e+02      0.000000000000000e+00
    2.669161371755046e+02      0.000000000000000e+00
    2.671513286283829e+02      0.000000000000000e+00
    2.673865200812612e+02      0.000000000000000e+00
    2.676217115341395e+02      0.000000000000000e+00
    2.678569029870179e+02      0.000000000000000e+00
    2.680920944398962e+02      0.000000000000000e+00
    2.683272858927745e+02      0.000000000000000e+00
    2.685624773456528e+02      0.000000000000000e+00
    2.687976687985312e+02      0.000000000000000e+00
    2.690328602514095e+02      0.000000000000000e+00
    2.692680517042878e+02      0.000000000000000e+00
    2.695032431571661e+02      0.000000000000000e+00
    2.697384346100444e+02      0.000000000000000e+00
    2.699736260629227e+02      0.000000000000000e+00
    2.702088175158011e+02      0.000000000000000e+00
    2.704440089686793e+02      0.000000000000000e+00
    2.706792004215577e+02      0.000000000000000e+00
    2.709143918744360e+02      0.000000000000000e+00
    2.711495833273143e+02      0.000000000000000e+00
    2.713847747801926e+02      0.000000000000000e+00
    2.716199662330710e+02      0.000000000000000e+00
    2.718551576859493e+02      0.000000000000000e+00
    2.720903491388276e+02      0.000000000000000e+00
    2.723255405917059e+02      0.000000000000000e+00
    2.725607320445843e+02      0.000000000000000e+00
    2.727959234974626e+02      0.000000000000000e+00
    2.730311149503409e+02      0.000000000000000e+00
    2.732663064032192e+02      0.000000000000000e+00
    2.735014978560976e+02      0.000000000000000e+00
    2.737366893089758e+02      0.000000000000000e+00
    2.739718807618542e+02      0.000000000000000e+00
    2.742070722147325e+02      0.000000000000000e+00
    2.744422636676108e+02      0.000000000000000e+00
    2.746774551204891e+02      0.000000000000000e+00
    2.749126465733674e+02      0.000000000000000e+00
    2.751478380262457e+02      0.000000000000000e+00
    2.753830294791240e+02      0.000000000000000e+00
    2.756182209320024e+02      0.000000000000000e+00
    2.758534123848807e+02      7.206534223478521e-02
