                     bin:                     prob.:
    1.092948087219938e+00      2.699406425139151e+00
    1.099226931481598e+00      0.000000000000000e+00
    1.105505775743258e+00      0.000000000000000e+00
    1.111784620004918e+00      0.000000000000000e+00
    1.118063464266577e+00      0.000000000000000e+00
    1.124342308528237e+00      0.000000000000000e+00
    1.130621152789897e+00      0.000000000000000e+00
    1.136899997051557e+00      0.000000000000000e+00
    1.143178841313216e+00      0.000000000000000e+00
    1.149457685574876e+00      0.000000000000000e+00
    1.155736529836536e+00      0.000000000000000e+00
    1.162015374098196e+00      0.000000000000000e+00
    1.168294218359856e+00      0.000000000000000e+00
    1.174573062621516e+00      0.000000000000000e+00
    1.180851906883175e+00      5.398812850278302e+00
    1.187130751144835e+00      0.000000000000000e+00
    1.193409595406495e+00      0.000000000000000e+00
    1.199688439668155e+00      0.000000000000000e+00
    1.205967283929815e+00      0.000000000000000e+00
    1.212246128191474e+00      0.000000000000000e+00
    1.218524972453134e+00      0.000000000000000e+00
    1.224803816714794e+00      0.000000000000000e+00
    1.231082660976454e+00      0.000000000000000e+00
    1.237361505238114e+00      0.000000000000000e+00
    1.243640349499773e+00      0.000000000000000e+00
    1.249919193761433e+00      0.000000000000000e+00
    1.256198038023093e+00      0.000000000000000e+00
    1.262476882284753e+00      0.000000000000000e+00
    1.268755726546413e+00      0.000000000000000e+00
    1.275034570808073e+00      2.699406425139246e+00
    1.281313415069732e+00      0.000000000000000e+00
    1.287592259331392e+00      0.000000000000000e+00
    1.293871103593052e+00      0.000000000000000e+00
    1.300149947854712e+00      0.000000000000000e+00
    1.306428792116372e+00      0.000000000000000e+00
    1.312707636378031e+00      0.000000000000000e+00
    1.318986480639691e+00      0.000000000000000e+00
    1.325265324901351e+00      0.000000000000000e+00
    1.331544169163011e+00      0.000000000000000e+00
    1.337823013424671e+00      0.000000000000000e+00
    1.344101857686331e+00      0.000000000000000e+00
    1.350380701947990e+00      0.000000000000000e+00
    1.356659546209650e+00      0.000000000000000e+00
    1.362938390471310e+00      0.000000000000000e+00
    1.369217234732970e+00      8.098219275417740e+00
    1.375496078994630e+00      0.000000000000000e+00
    1.381774923256289e+00      0.000000000000000e+00
    1.388053767517949e+00      0.000000000000000e+00
    1.394332611779609e+00      0.000000000000000e+00
    1.400611456041269e+00      0.000000000000000e+00
    1.406890300302929e+00      0.000000000000000e+00
    1.413169144564588e+00      0.000000000000000e+00
    1.419447988826248e+00      0.000000000000000e+00
    1.425726833087908e+00      0.000000000000000e+00
    1.432005677349568e+00      0.000000000000000e+00
    1.438284521611228e+00      0.000000000000000e+00
    1.444563365872888e+00      0.000000000000000e+00
    1.450842210134547e+00      0.000000000000000e+00
    1.457121054396207e+00      0.000000000000000e+00
    1.463399898657867e+00      2.699406425139246e+00
    1.469678742919527e+00      0.000000000000000e+00
    1.475957587181187e+00      0.000000000000000e+00
    1.482236431442846e+00      0.000000000000000e+00
    1.488515275704506e+00      0.000000000000000e+00
    1.494794119966166e+00      0.000000000000000e+00
    1.501072964227826e+00      0.000000000000000e+00
    1.507351808489486e+00      0.000000000000000e+00
    1.513630652751146e+00      0.000000000000000e+00
    1.519909497012805e+00      0.000000000000000e+00
    1.526188341274465e+00      0.000000000000000e+00
    1.532467185536125e+00      0.000000000000000e+00
    1.538746029797785e+00      0.000000000000000e+00
    1.545024874059445e+00      0.000000000000000e+00
    1.551303718321104e+00      0.000000000000000e+00
    1.557582562582764e+00      5.398812850278302e+00
    1.563861406844424e+00      0.000000000000000e+00
    1.570140251106084e+00      0.000000000000000e+00
    1.576419095367744e+00      0.000000000000000e+00
    1.582697939629403e+00      0.000000000000000e+00
    1.588976783891063e+00      0.000000000000000e+00
    1.595255628152723e+00      0.000000000000000e+00
    1.601534472414383e+00      0.000000000000000e+00
    1.607813316676043e+00      0.000000000000000e+00
    1.614092160937703e+00      0.000000000000000e+00
    1.620371005199362e+00      0.000000000000000e+00
    1.626649849461022e+00      0.000000000000000e+00
    1.632928693722682e+00      0.000000000000000e+00
    1.639207537984342e+00      0.000000000000000e+00
    1.645486382246002e+00      2.699406425139151e+00
    1.651765226507661e+00      0.000000000000000e+00
    1.658044070769321e+00      0.000000000000000e+00
    1.664322915030981e+00      0.000000000000000e+00
    1.670601759292641e+00      0.000000000000000e+00
    1.676880603554301e+00      0.000000000000000e+00
    1.683159447815961e+00      0.000000000000000e+00
    1.689438292077620e+00      0.000000000000000e+00
    1.695717136339280e+00      0.000000000000000e+00
    1.701995980600940e+00      0.000000000000000e+00
    1.708274824862600e+00      0.000000000000000e+00
    1.714553669124260e+00      0.000000000000000e+00
    1.720832513385919e+00      0.000000000000000e+00
    1.727111357647579e+00      0.000000000000000e+00
    1.733390201909239e+00      0.000000000000000e+00
    1.739669046170899e+00      0.000000000000000e+00
    1.745947890432558e+00      0.000000000000000e+00
    1.752226734694218e+00      0.000000000000000e+00
    1.758505578955878e+00      0.000000000000000e+00
    1.764784423217538e+00      2.699406425139246e+00
    1.771063267479198e+00      0.000000000000000e+00
    1.777342111740858e+00      0.000000000000000e+00
    1.783620956002518e+00      0.000000000000000e+00
    1.789899800264177e+00      5.398812850278302e+00
    1.796178644525837e+00      0.000000000000000e+00
    1.802457488787497e+00      0.000000000000000e+00
    1.808736333049157e+00      2.699406425139246e+00
    1.815015177310817e+00      0.000000000000000e+00
    1.821294021572476e+00      0.000000000000000e+00
    1.827572865834136e+00      0.000000000000000e+00
    1.833851710095796e+00      5.398812850278492e+00
    1.840130554357456e+00      0.000000000000000e+00
    1.846409398619116e+00      0.000000000000000e+00
    1.852688242880776e+00      0.000000000000000e+00
    1.858967087142435e+00      2.699406425139246e+00
    1.865245931404095e+00      0.000000000000000e+00
    1.871524775665755e+00      0.000000000000000e+00
    1.877803619927415e+00      5.398812850278492e+00
    1.884082464189075e+00      0.000000000000000e+00
    1.890361308450734e+00      0.000000000000000e+00
    1.896640152712394e+00      0.000000000000000e+00
    1.902918996974054e+00      2.699406425139246e+00
    1.909197841235714e+00      0.000000000000000e+00
    1.915476685497373e+00      0.000000000000000e+00
    1.921755529759033e+00      0.000000000000000e+00
    1.928034374020693e+00      8.098219275417740e+00
    1.934313218282353e+00      0.000000000000000e+00
    1.940592062544013e+00      0.000000000000000e+00
    1.946870906805673e+00      2.699406425139151e+00
    1.953149751067333e+00      0.000000000000000e+00
    1.959428595328992e+00      0.000000000000000e+00
    1.965707439590652e+00      0.000000000000000e+00
    1.971986283852312e+00      5.398812850278302e+00
    1.978265128113972e+00      0.000000000000000e+00
    1.984543972375632e+00      0.000000000000000e+00
    1.990822816637291e+00      0.000000000000000e+00
    1.997101660898951e+00      2.699406425139151e+00
    2.003380505160611e+00      0.000000000000000e+00
    2.009659349422271e+00      0.000000000000000e+00
    2.015938193683930e+00      0.000000000000000e+00
    2.022217037945591e+00      1.079762570055698e+01
    2.028495882207250e+00      0.000000000000000e+00
    2.034774726468910e+00      0.000000000000000e+00
    2.041053570730570e+00      2.699406425139246e+00
    2.047332414992230e+00      0.000000000000000e+00
    2.053611259253890e+00      0.000000000000000e+00
    2.059890103515549e+00      0.000000000000000e+00
    2.066168947777209e+00      5.398812850278111e+00
    2.072447792038869e+00      0.000000000000000e+00
    2.078726636300529e+00      2.699406425139246e+00
    2.085005480562188e+00      0.000000000000000e+00
    2.091284324823849e+00      5.398812850278492e+00
    2.097563169085508e+00      2.699406425139246e+00
    2.103842013347168e+00      0.000000000000000e+00
    2.110120857608828e+00      2.699406425139246e+00
    2.116399701870487e+00      0.000000000000000e+00
    2.122678546132148e+00      0.000000000000000e+00
    2.128957390393807e+00      0.000000000000000e+00
    2.135236234655467e+00      2.699406425139246e+00
    2.141515078917127e+00      0.000000000000000e+00
    2.147793923178787e+00      0.000000000000000e+00
    2.154072767440447e+00      0.000000000000000e+00
    2.160351611702106e+00      5.398812850278492e+00
    2.166630455963766e+00      0.000000000000000e+00
    2.172909300225426e+00      0.000000000000000e+00
    2.179188144487086e+00      2.699406425139056e+00
    2.185466988748746e+00      0.000000000000000e+00
    2.191745833010406e+00      0.000000000000000e+00
    2.198024677272065e+00      0.000000000000000e+00
    2.204303521533725e+00      8.098219275417740e+00
    2.210582365795385e+00      0.000000000000000e+00
    2.216861210057044e+00      0.000000000000000e+00
    2.223140054318705e+00      0.000000000000000e+00
    2.229418898580364e+00      0.000000000000000e+00
    2.235697742842024e+00      0.000000000000000e+00
    2.241976587103684e+00      0.000000000000000e+00
    2.248255431365344e+00      0.000000000000000e+00
    2.254534275627003e+00      2.699406425139246e+00
    2.260813119888663e+00      0.000000000000000e+00
    2.267091964150323e+00      0.000000000000000e+00
    2.273370808411983e+00      0.000000000000000e+00
    2.279649652673643e+00      0.000000000000000e+00
    2.285928496935303e+00      0.000000000000000e+00
    2.292207341196963e+00      0.000000000000000e+00
    2.298486185458622e+00      8.098219275417740e+00
    2.304765029720282e+00      0.000000000000000e+00
    2.311043873981942e+00      0.000000000000000e+00
    2.317322718243602e+00      0.000000000000000e+00
    2.323601562505262e+00      0.000000000000000e+00
    2.329880406766922e+00      0.000000000000000e+00
    2.336159251028581e+00      0.000000000000000e+00
    2.342438095290241e+00      2.699406425139246e+00
    2.348716939551901e+00      0.000000000000000e+00
    2.354995783813560e+00      0.000000000000000e+00
    2.361274628075220e+00      0.000000000000000e+00
    2.367553472336880e+00      0.000000000000000e+00
    2.373832316598540e+00      0.000000000000000e+00
    2.380111160860200e+00      0.000000000000000e+00
    2.386390005121860e+00      0.000000000000000e+00
    2.392668849383520e+00      5.398812850278492e+00
    2.398947693645179e+00      0.000000000000000e+00
    2.405226537906839e+00      0.000000000000000e+00
    2.411505382168499e+00      0.000000000000000e+00
    2.417784226430159e+00      0.000000000000000e+00
    2.424063070691818e+00      0.000000000000000e+00
    2.430341914953479e+00      0.000000000000000e+00
    2.436620759215138e+00      2.699406425139246e+00
    2.442899603476798e+00      0.000000000000000e+00
    2.449178447738458e+00      0.000000000000000e+00
    2.455457292000117e+00      0.000000000000000e+00
    2.461736136261777e+00      0.000000000000000e+00
    2.468014980523437e+00      0.000000000000000e+00
    2.474293824785097e+00      0.000000000000000e+00
    2.480572669046757e+00      0.000000000000000e+00
    2.486851513308417e+00      0.000000000000000e+00
    2.493130357570077e+00      0.000000000000000e+00
    2.499409201831736e+00      0.000000000000000e+00
    2.505688046093396e+00      0.000000000000000e+00
    2.511966890355056e+00      0.000000000000000e+00
    2.518245734616716e+00      0.000000000000000e+00
    2.524524578878376e+00      0.000000000000000e+00
    2.530803423140036e+00      0.000000000000000e+00
    2.537082267401695e+00      0.000000000000000e+00
    2.543361111663355e+00      0.000000000000000e+00
    2.549639955925015e+00      0.000000000000000e+00
    2.555918800186674e+00      0.000000000000000e+00
    2.562197644448335e+00      0.000000000000000e+00
    2.568476488709994e+00      0.000000000000000e+00
    2.574755332971654e+00      0.000000000000000e+00
    2.581034177233314e+00      0.000000000000000e+00
    2.587313021494974e+00      0.000000000000000e+00
    2.593591865756633e+00      0.000000000000000e+00
    2.599870710018293e+00      0.000000000000000e+00
    2.606149554279953e+00      0.000000000000000e+00
    2.612428398541613e+00      0.000000000000000e+00
    2.618707242803273e+00      0.000000000000000e+00
    2.624986087064933e+00      0.000000000000000e+00
    2.631264931326593e+00      0.000000000000000e+00
    2.637543775588252e+00      0.000000000000000e+00
    2.643822619849912e+00      0.000000000000000e+00
    2.650101464111572e+00      0.000000000000000e+00
    2.656380308373231e+00      0.000000000000000e+00
    2.662659152634892e+00      0.000000000000000e+00
    2.668937996896551e+00      0.000000000000000e+00
    2.675216841158211e+00      0.000000000000000e+00
    2.681495685419871e+00      0.000000000000000e+00
    2.687774529681531e+00      0.000000000000000e+00
    2.694053373943190e+00      0.000000000000000e+00
    2.700332218204850e+00      0.000000000000000e+00
    2.706611062466510e+00      0.000000000000000e+00
    2.712889906728170e+00      0.000000000000000e+00
    2.719168750989830e+00      0.000000000000000e+00
    2.725447595251490e+00      0.000000000000000e+00
    2.731726439513150e+00      0.000000000000000e+00
    2.738005283774809e+00      0.000000000000000e+00
    2.744284128036469e+00      0.000000000000000e+00
    2.750562972298129e+00      0.000000000000000e+00
    2.756841816559789e+00      0.000000000000000e+00
    2.763120660821448e+00      0.000000000000000e+00
    2.769399505083109e+00      0.000000000000000e+00
    2.775678349344768e+00      0.000000000000000e+00
    2.781957193606428e+00      0.000000000000000e+00
    2.788236037868088e+00      0.000000000000000e+00
    2.794514882129747e+00      0.000000000000000e+00
    2.800793726391407e+00      0.000000000000000e+00
    2.807072570653067e+00      0.000000000000000e+00
    2.813351414914727e+00      0.000000000000000e+00
    2.819630259176387e+00      0.000000000000000e+00
    2.825909103438047e+00      0.000000000000000e+00
    2.832187947699706e+00      0.000000000000000e+00
    2.838466791961366e+00      0.000000000000000e+00
    2.844745636223026e+00      0.000000000000000e+00
    2.851024480484686e+00      0.000000000000000e+00
    2.857303324746346e+00      0.000000000000000e+00
    2.863582169008005e+00      0.000000000000000e+00
    2.869861013269666e+00      0.000000000000000e+00
    2.876139857531325e+00      0.000000000000000e+00
    2.882418701792985e+00      0.000000000000000e+00
    2.888697546054645e+00      0.000000000000000e+00
    2.894976390316304e+00      0.000000000000000e+00
    2.901255234577964e+00      0.000000000000000e+00
    2.907534078839624e+00      0.000000000000000e+00
    2.913812923101284e+00      0.000000000000000e+00
    2.920091767362944e+00      0.000000000000000e+00
    2.926370611624604e+00      0.000000000000000e+00
    2.932649455886263e+00      0.000000000000000e+00
    2.938928300147923e+00      0.000000000000000e+00
    2.945207144409583e+00      0.000000000000000e+00
    2.951485988671243e+00      0.000000000000000e+00
    2.957764832932903e+00      0.000000000000000e+00
    2.964043677194563e+00      0.000000000000000e+00
    2.970322521456223e+00      0.000000000000000e+00
    2.976601365717882e+00      0.000000000000000e+00
    2.982880209979542e+00      0.000000000000000e+00
    2.989159054241202e+00      0.000000000000000e+00
    2.995437898502861e+00      0.000000000000000e+00
    3.001716742764521e+00      0.000000000000000e+00
    3.007995587026181e+00      0.000000000000000e+00
    3.014274431287841e+00      0.000000000000000e+00
    3.020553275549501e+00      0.000000000000000e+00
    3.026832119811161e+00      0.000000000000000e+00
    3.033110964072820e+00      0.000000000000000e+00
    3.039389808334480e+00      0.000000000000000e+00
    3.045668652596140e+00      0.000000000000000e+00
    3.051947496857800e+00      0.000000000000000e+00
    3.058226341119460e+00      0.000000000000000e+00
    3.064505185381120e+00      0.000000000000000e+00
    3.070784029642780e+00      0.000000000000000e+00
    3.077062873904439e+00      0.000000000000000e+00
    3.083341718166099e+00      0.000000000000000e+00
    3.089620562427759e+00      0.000000000000000e+00
    3.095899406689418e+00      0.000000000000000e+00
    3.102178250951078e+00      0.000000000000000e+00
    3.108457095212739e+00      0.000000000000000e+00
    3.114735939474398e+00      0.000000000000000e+00
    3.121014783736058e+00      0.000000000000000e+00
    3.127293627997718e+00      0.000000000000000e+00
    3.133572472259377e+00      0.000000000000000e+00
    3.139851316521037e+00      0.000000000000000e+00
    3.146130160782697e+00      0.000000000000000e+00
    3.152409005044357e+00      0.000000000000000e+00
    3.158687849306017e+00      0.000000000000000e+00
    3.164966693567677e+00      0.000000000000000e+00
    3.171245537829336e+00      0.000000000000000e+00
    3.177524382090996e+00      0.000000000000000e+00
    3.183803226352656e+00      0.000000000000000e+00
    3.190082070614316e+00      0.000000000000000e+00
    3.196360914875975e+00      0.000000000000000e+00
    3.202639759137636e+00      0.000000000000000e+00
    3.208918603399296e+00      0.000000000000000e+00
    3.215197447660955e+00      0.000000000000000e+00
    3.221476291922615e+00      0.000000000000000e+00
    3.227755136184275e+00      0.000000000000000e+00
    3.234033980445934e+00      0.000000000000000e+00
    3.240312824707594e+00      0.000000000000000e+00
    3.246591668969254e+00      0.000000000000000e+00
    3.252870513230914e+00      0.000000000000000e+00
    3.259149357492574e+00      0.000000000000000e+00
    3.265428201754234e+00      0.000000000000000e+00
    3.271707046015893e+00      0.000000000000000e+00
    3.277985890277553e+00      0.000000000000000e+00
    3.284264734539213e+00      0.000000000000000e+00
    3.290543578800873e+00      0.000000000000000e+00
    3.296822423062532e+00      0.000000000000000e+00
    3.303101267324193e+00      0.000000000000000e+00
    3.309380111585853e+00      0.000000000000000e+00
    3.315658955847512e+00      0.000000000000000e+00
    3.321937800109172e+00      0.000000000000000e+00
    3.328216644370832e+00      0.000000000000000e+00
    3.334495488632491e+00      0.000000000000000e+00
    3.340774332894151e+00      0.000000000000000e+00
    3.347053177155812e+00      0.000000000000000e+00
    3.353332021417471e+00      0.000000000000000e+00
    3.359610865679131e+00      0.000000000000000e+00
    3.365889709940791e+00      0.000000000000000e+00
    3.372168554202450e+00      0.000000000000000e+00
    3.378447398464110e+00      0.000000000000000e+00
    3.384726242725770e+00      0.000000000000000e+00
    3.391005086987430e+00      0.000000000000000e+00
    3.397283931249090e+00      0.000000000000000e+00
    3.403562775510750e+00      0.000000000000000e+00
    3.409841619772410e+00      0.000000000000000e+00
    3.416120464034069e+00      0.000000000000000e+00
    3.422399308295729e+00      0.000000000000000e+00
    3.428678152557389e+00      0.000000000000000e+00
    3.434956996819048e+00      0.000000000000000e+00
    3.441235841080708e+00      0.000000000000000e+00
    3.447514685342369e+00      0.000000000000000e+00
    3.453793529604028e+00      0.000000000000000e+00
    3.460072373865688e+00      0.000000000000000e+00
    3.466351218127348e+00      0.000000000000000e+00
    3.472630062389007e+00      0.000000000000000e+00
    3.478908906650667e+00      0.000000000000000e+00
    3.485187750912327e+00      0.000000000000000e+00
    3.491466595173986e+00      0.000000000000000e+00
    3.497745439435647e+00      0.000000000000000e+00
    3.504024283697307e+00      0.000000000000000e+00
    3.510303127958966e+00      0.000000000000000e+00
    3.516581972220626e+00      0.000000000000000e+00
    3.522860816482286e+00      0.000000000000000e+00
    3.529139660743946e+00      0.000000000000000e+00
    3.535418505005605e+00      0.000000000000000e+00
    3.541697349267266e+00      0.000000000000000e+00
    3.547976193528926e+00      0.000000000000000e+00
    3.554255037790585e+00      0.000000000000000e+00
    3.560533882052245e+00      0.000000000000000e+00
    3.566812726313905e+00      0.000000000000000e+00
    3.573091570575564e+00      0.000000000000000e+00
    3.579370414837224e+00      0.000000000000000e+00
    3.585649259098884e+00      0.000000000000000e+00
    3.591928103360544e+00      0.000000000000000e+00
    3.598206947622204e+00      0.000000000000000e+00
    3.604485791883864e+00      0.000000000000000e+00
    3.610764636145523e+00      0.000000000000000e+00
    3.617043480407183e+00      0.000000000000000e+00
    3.623322324668843e+00      0.000000000000000e+00
    3.629601168930503e+00      0.000000000000000e+00
    3.635880013192162e+00      0.000000000000000e+00
    3.642158857453823e+00      0.000000000000000e+00
    3.648437701715483e+00      0.000000000000000e+00
    3.654716545977142e+00      0.000000000000000e+00
    3.660995390238802e+00      0.000000000000000e+00
    3.667274234500462e+00      0.000000000000000e+00
    3.673553078762121e+00      0.000000000000000e+00
    3.679831923023781e+00      0.000000000000000e+00
    3.686110767285441e+00      0.000000000000000e+00
    3.692389611547101e+00      0.000000000000000e+00
    3.698668455808761e+00      0.000000000000000e+00
    3.704947300070421e+00      0.000000000000000e+00
    3.711226144332080e+00      0.000000000000000e+00
    3.717504988593740e+00      0.000000000000000e+00
    3.723783832855400e+00      0.000000000000000e+00
    3.730062677117060e+00      0.000000000000000e+00
    3.736341521378720e+00      0.000000000000000e+00
    3.742620365640380e+00      0.000000000000000e+00
    3.748899209902040e+00      0.000000000000000e+00
    3.755178054163699e+00      0.000000000000000e+00
    3.761456898425359e+00      0.000000000000000e+00
    3.767735742687019e+00      0.000000000000000e+00
    3.774014586948678e+00      0.000000000000000e+00
    3.780293431210338e+00      0.000000000000000e+00
    3.786572275471999e+00      0.000000000000000e+00
    3.792851119733658e+00      0.000000000000000e+00
    3.799129963995318e+00      0.000000000000000e+00
    3.805408808256978e+00      0.000000000000000e+00
    3.811687652518637e+00      0.000000000000000e+00
    3.817966496780297e+00      0.000000000000000e+00
    3.824245341041957e+00      0.000000000000000e+00
    3.830524185303616e+00      0.000000000000000e+00
    3.836803029565277e+00      0.000000000000000e+00
    3.843081873826937e+00      0.000000000000000e+00
    3.849360718088596e+00      0.000000000000000e+00
    3.855639562350256e+00      0.000000000000000e+00
    3.861918406611916e+00      0.000000000000000e+00
    3.868197250873576e+00      0.000000000000000e+00
    3.874476095135235e+00      0.000000000000000e+00
    3.880754939396895e+00      0.000000000000000e+00
    3.887033783658556e+00      0.000000000000000e+00
    3.893312627920215e+00      0.000000000000000e+00
    3.899591472181875e+00      0.000000000000000e+00
    3.905870316443535e+00      0.000000000000000e+00
    3.912149160705194e+00      0.000000000000000e+00
    3.918428004966854e+00      0.000000000000000e+00
    3.924706849228514e+00      0.000000000000000e+00
    3.930985693490174e+00      0.000000000000000e+00
    3.937264537751834e+00      0.000000000000000e+00
    3.943543382013494e+00      0.000000000000000e+00
    3.949822226275153e+00      0.000000000000000e+00
    3.956101070536813e+00      0.000000000000000e+00
    3.962379914798473e+00      0.000000000000000e+00
    3.968658759060133e+00      0.000000000000000e+00
    3.974937603321792e+00      0.000000000000000e+00
    3.981216447583453e+00      0.000000000000000e+00
    3.987495291845113e+00      0.000000000000000e+00
    3.993774136106772e+00      0.000000000000000e+00
    4.000052980368432e+00      0.000000000000000e+00
    4.006331824630092e+00      0.000000000000000e+00
    4.012610668891751e+00      0.000000000000000e+00
    4.018889513153411e+00      0.000000000000000e+00
    4.025168357415071e+00      0.000000000000000e+00
    4.031447201676731e+00      0.000000000000000e+00
    4.037726045938391e+00      0.000000000000000e+00
    4.044004890200051e+00      0.000000000000000e+00
    4.050283734461710e+00      0.000000000000000e+00
    4.056562578723370e+00      0.000000000000000e+00
    4.062841422985030e+00      0.000000000000000e+00
    4.069120267246690e+00      0.000000000000000e+00
    4.075399111508349e+00      0.000000000000000e+00
    4.081677955770010e+00      0.000000000000000e+00
    4.087956800031670e+00      0.000000000000000e+00
    4.094235644293329e+00      0.000000000000000e+00
    4.100514488554989e+00      0.000000000000000e+00
    4.106793332816649e+00      0.000000000000000e+00
    4.113072177078308e+00      2.699406425139246e+00
    4.119351021339968e+00      0.000000000000000e+00
    4.125629865601629e+00      0.000000000000000e+00
    4.131908709863288e+00      0.000000000000000e+00
    4.138187554124948e+00      0.000000000000000e+00
    4.144466398386608e+00      0.000000000000000e+00
    4.150745242648267e+00      0.000000000000000e+00
    4.157024086909927e+00      0.000000000000000e+00
    4.163302931171587e+00      0.000000000000000e+00
    4.169581775433246e+00      0.000000000000000e+00
    4.175860619694907e+00      0.000000000000000e+00
    4.182139463956567e+00      0.000000000000000e+00
    4.188418308218226e+00      0.000000000000000e+00
    4.194697152479886e+00      0.000000000000000e+00
    4.200975996741546e+00      0.000000000000000e+00
    4.207254841003206e+00      0.000000000000000e+00
    4.213533685264865e+00      0.000000000000000e+00
    4.219812529526525e+00      0.000000000000000e+00
    4.226091373788186e+00      0.000000000000000e+00
    4.232370218049845e+00      0.000000000000000e+00
    4.238649062311505e+00      0.000000000000000e+00
    4.244927906573165e+00      0.000000000000000e+00
    4.251206750834824e+00      0.000000000000000e+00
    4.257485595096484e+00      0.000000000000000e+00
    4.263764439358144e+00      0.000000000000000e+00
    4.270043283619803e+00      0.000000000000000e+00
    4.276322127881464e+00      0.000000000000000e+00
    4.282600972143124e+00      0.000000000000000e+00
    4.288879816404783e+00      0.000000000000000e+00
    4.295158660666443e+00      0.000000000000000e+00
    4.301437504928103e+00      0.000000000000000e+00
    4.307716349189763e+00      0.000000000000000e+00
    4.313995193451422e+00      0.000000000000000e+00
    4.320274037713083e+00      0.000000000000000e+00
    4.326552881974743e+00      0.000000000000000e+00
    4.332831726236402e+00      0.000000000000000e+00
    4.339110570498062e+00      0.000000000000000e+00
    4.345389414759722e+00      0.000000000000000e+00
    4.351668259021381e+00      0.000000000000000e+00
    4.357947103283041e+00      0.000000000000000e+00
    4.364225947544701e+00      0.000000000000000e+00
    4.370504791806361e+00      0.000000000000000e+00
    4.376783636068021e+00      0.000000000000000e+00
    4.383062480329681e+00      0.000000000000000e+00
    4.389341324591340e+00      0.000000000000000e+00
    4.395620168853000e+00      0.000000000000000e+00
    4.401899013114660e+00      0.000000000000000e+00
    4.408177857376320e+00      0.000000000000000e+00
    4.414456701637979e+00      0.000000000000000e+00
    4.420735545899640e+00      0.000000000000000e+00
    4.427014390161299e+00      0.000000000000000e+00
    4.433293234422959e+00      0.000000000000000e+00
    4.439572078684619e+00      0.000000000000000e+00
    4.445850922946279e+00      0.000000000000000e+00
    4.452129767207938e+00      0.000000000000000e+00
    4.458408611469598e+00      0.000000000000000e+00
    4.464687455731258e+00      0.000000000000000e+00
    4.470966299992918e+00      0.000000000000000e+00
    4.477245144254578e+00      0.000000000000000e+00
    4.483523988516238e+00      0.000000000000000e+00
    4.489802832777897e+00      0.000000000000000e+00
    4.496081677039557e+00      0.000000000000000e+00
    4.502360521301217e+00      0.000000000000000e+00
    4.508639365562876e+00      0.000000000000000e+00
    4.514918209824537e+00      0.000000000000000e+00
    4.521197054086197e+00      0.000000000000000e+00
    4.527475898347856e+00      0.000000000000000e+00
    4.533754742609516e+00      0.000000000000000e+00
    4.540033586871176e+00      0.000000000000000e+00
    4.546312431132836e+00      0.000000000000000e+00
    4.552591275394495e+00      0.000000000000000e+00
    4.558870119656155e+00      0.000000000000000e+00
    4.565148963917816e+00      0.000000000000000e+00
    4.571427808179475e+00      0.000000000000000e+00
    4.577706652441135e+00      0.000000000000000e+00
    4.583985496702795e+00      0.000000000000000e+00
    4.590264340964454e+00      0.000000000000000e+00
    4.596543185226114e+00      0.000000000000000e+00
    4.602822029487774e+00      0.000000000000000e+00
    4.609100873749433e+00      0.000000000000000e+00
    4.615379718011094e+00      0.000000000000000e+00
    4.621658562272754e+00      0.000000000000000e+00
    4.627937406534413e+00      0.000000000000000e+00
    4.634216250796073e+00      0.000000000000000e+00
    4.640495095057733e+00      0.000000000000000e+00
    4.646773939319393e+00      0.000000000000000e+00
    4.653052783581052e+00      0.000000000000000e+00
    4.659331627842712e+00      0.000000000000000e+00
    4.665610472104373e+00      0.000000000000000e+00
    4.671889316366032e+00      0.000000000000000e+00
    4.678168160627692e+00      0.000000000000000e+00
    4.684447004889352e+00      0.000000000000000e+00
    4.690725849151011e+00      0.000000000000000e+00
    4.697004693412671e+00      0.000000000000000e+00
    4.703283537674331e+00      0.000000000000000e+00
    4.709562381935990e+00      0.000000000000000e+00
    4.715841226197651e+00      0.000000000000000e+00
    4.722120070459311e+00      0.000000000000000e+00
    4.728398914720970e+00      0.000000000000000e+00
    4.734677758982630e+00      0.000000000000000e+00
    4.740956603244290e+00      0.000000000000000e+00
    4.747235447505950e+00      0.000000000000000e+00
    4.753514291767609e+00      0.000000000000000e+00
    4.759793136029270e+00      0.000000000000000e+00
    4.766071980290929e+00      0.000000000000000e+00
    4.772350824552589e+00      0.000000000000000e+00
    4.778629668814249e+00      0.000000000000000e+00
    4.784908513075909e+00      0.000000000000000e+00
    4.791187357337568e+00      0.000000000000000e+00
    4.797466201599228e+00      0.000000000000000e+00
    4.803745045860888e+00      0.000000000000000e+00
    4.810023890122548e+00      0.000000000000000e+00
    4.816302734384208e+00      0.000000000000000e+00
    4.822581578645868e+00      0.000000000000000e+00
    4.828860422907527e+00      0.000000000000000e+00
    4.835139267169187e+00      0.000000000000000e+00
    4.841418111430847e+00      0.000000000000000e+00
    4.847696955692506e+00      0.000000000000000e+00
    4.853975799954166e+00      0.000000000000000e+00
    4.860254644215827e+00      0.000000000000000e+00
    4.866533488477486e+00      0.000000000000000e+00
    4.872812332739146e+00      0.000000000000000e+00
    4.879091177000806e+00      0.000000000000000e+00
    4.885370021262466e+00      0.000000000000000e+00
    4.891648865524125e+00      0.000000000000000e+00
    4.897927709785785e+00      0.000000000000000e+00
    4.904206554047445e+00      0.000000000000000e+00
    4.910485398309105e+00      0.000000000000000e+00
    4.916764242570765e+00      0.000000000000000e+00
    4.923043086832425e+00      0.000000000000000e+00
    4.929321931094084e+00      0.000000000000000e+00
    4.935600775355744e+00      0.000000000000000e+00
    4.941879619617404e+00      0.000000000000000e+00
    4.948158463879063e+00      0.000000000000000e+00
    4.954437308140724e+00      0.000000000000000e+00
    4.960716152402384e+00      0.000000000000000e+00
    4.966994996664043e+00      0.000000000000000e+00
    4.973273840925703e+00      0.000000000000000e+00
    4.979552685187363e+00      0.000000000000000e+00
    4.985831529449023e+00      0.000000000000000e+00
    4.992110373710682e+00      0.000000000000000e+00
    4.998389217972342e+00      0.000000000000000e+00
    5.004668062234003e+00      0.000000000000000e+00
    5.010946906495662e+00      0.000000000000000e+00
    5.017225750757322e+00      0.000000000000000e+00
    5.023504595018982e+00      0.000000000000000e+00
    5.029783439280641e+00      0.000000000000000e+00
    5.036062283542301e+00      0.000000000000000e+00
    5.042341127803961e+00      0.000000000000000e+00
    5.048619972065620e+00      0.000000000000000e+00
    5.054898816327281e+00      0.000000000000000e+00
    5.061177660588941e+00      0.000000000000000e+00
    5.067456504850600e+00      0.000000000000000e+00
    5.073735349112260e+00      0.000000000000000e+00
    5.080014193373920e+00      0.000000000000000e+00
    5.086293037635579e+00      0.000000000000000e+00
    5.092571881897239e+00      0.000000000000000e+00
    5.098850726158899e+00      0.000000000000000e+00
    5.105129570420559e+00      0.000000000000000e+00
    5.111408414682218e+00      0.000000000000000e+00
    5.117687258943879e+00      0.000000000000000e+00
    5.123966103205539e+00      0.000000000000000e+00
    5.130244947467198e+00      0.000000000000000e+00
    5.136523791728858e+00      0.000000000000000e+00
    5.142802635990518e+00      0.000000000000000e+00
    5.149081480252177e+00      0.000000000000000e+00
    5.155360324513837e+00      0.000000000000000e+00
    5.161639168775498e+00      0.000000000000000e+00
    5.167918013037157e+00      0.000000000000000e+00
    5.174196857298817e+00      0.000000000000000e+00
    5.180475701560477e+00      0.000000000000000e+00
    5.186754545822136e+00      0.000000000000000e+00
    5.193033390083796e+00      0.000000000000000e+00
    5.199312234345456e+00      0.000000000000000e+00
    5.205591078607116e+00      0.000000000000000e+00
    5.211869922868776e+00      0.000000000000000e+00
    5.218148767130436e+00      0.000000000000000e+00
    5.224427611392096e+00      0.000000000000000e+00
    5.230706455653755e+00      0.000000000000000e+00
    5.236985299915415e+00      0.000000000000000e+00
    5.243264144177075e+00      0.000000000000000e+00
    5.249542988438734e+00      0.000000000000000e+00
    5.255821832700394e+00      0.000000000000000e+00
    5.262100676962055e+00      0.000000000000000e+00
    5.268379521223714e+00      0.000000000000000e+00
    5.274658365485374e+00      0.000000000000000e+00
    5.280937209747034e+00      0.000000000000000e+00
    5.287216054008693e+00      0.000000000000000e+00
    5.293494898270353e+00      0.000000000000000e+00
    5.299773742532013e+00      0.000000000000000e+00
    5.306052586793673e+00      0.000000000000000e+00
    5.312331431055333e+00      0.000000000000000e+00
    5.318610275316993e+00      0.000000000000000e+00
    5.324889119578653e+00      0.000000000000000e+00
    5.331167963840312e+00      0.000000000000000e+00
    5.337446808101972e+00      0.000000000000000e+00
    5.343725652363632e+00      0.000000000000000e+00
    5.350004496625291e+00      0.000000000000000e+00
    5.356283340886952e+00      0.000000000000000e+00
    5.362562185148612e+00      0.000000000000000e+00
    5.368841029410271e+00      0.000000000000000e+00
    5.375119873671931e+00      0.000000000000000e+00
    5.381398717933591e+00      0.000000000000000e+00
    5.387677562195250e+00      0.000000000000000e+00
    5.393956406456910e+00      0.000000000000000e+00
    5.400235250718570e+00      0.000000000000000e+00
    5.406514094980230e+00      0.000000000000000e+00
    5.412792939241890e+00      0.000000000000000e+00
    5.419071783503550e+00      0.000000000000000e+00
    5.425350627765209e+00      0.000000000000000e+00
    5.431629472026869e+00      0.000000000000000e+00
    5.437908316288529e+00      0.000000000000000e+00
    5.444187160550189e+00      0.000000000000000e+00
    5.450466004811848e+00      0.000000000000000e+00
    5.456744849073509e+00      0.000000000000000e+00
    5.463023693335169e+00      0.000000000000000e+00
    5.469302537596828e+00      0.000000000000000e+00
    5.475581381858488e+00      0.000000000000000e+00
    5.481860226120148e+00      0.000000000000000e+00
    5.488139070381807e+00      0.000000000000000e+00
    5.494417914643467e+00      0.000000000000000e+00
    5.500696758905127e+00      0.000000000000000e+00
    5.506975603166787e+00      0.000000000000000e+00
    5.513254447428447e+00      0.000000000000000e+00
    5.519533291690107e+00      0.000000000000000e+00
    5.525812135951766e+00      0.000000000000000e+00
    5.532090980213426e+00      0.000000000000000e+00
    5.538369824475086e+00      0.000000000000000e+00
    5.544648668736746e+00      0.000000000000000e+00
    5.550927512998406e+00      0.000000000000000e+00
    5.557206357260066e+00      0.000000000000000e+00
    5.563485201521726e+00      0.000000000000000e+00
    5.569764045783385e+00      0.000000000000000e+00
    5.576042890045045e+00      0.000000000000000e+00
    5.582321734306705e+00      0.000000000000000e+00
    5.588600578568364e+00      0.000000000000000e+00
    5.594879422830024e+00      0.000000000000000e+00
    5.601158267091685e+00      0.000000000000000e+00
    5.607437111353344e+00      0.000000000000000e+00
    5.613715955615004e+00      0.000000000000000e+00
    5.619994799876664e+00      0.000000000000000e+00
    5.626273644138323e+00      0.000000000000000e+00
    5.632552488399983e+00      0.000000000000000e+00
    5.638831332661643e+00      0.000000000000000e+00
    5.645110176923303e+00      0.000000000000000e+00
    5.651389021184963e+00      0.000000000000000e+00
    5.657667865446623e+00      0.000000000000000e+00
    5.663946709708283e+00      0.000000000000000e+00
    5.670225553969942e+00      0.000000000000000e+00
    5.676504398231602e+00      0.000000000000000e+00
    5.682783242493262e+00      0.000000000000000e+00
    5.689062086754921e+00      0.000000000000000e+00
    5.695340931016581e+00      0.000000000000000e+00
    5.701619775278242e+00      0.000000000000000e+00
    5.707898619539901e+00      0.000000000000000e+00
    5.714177463801561e+00      0.000000000000000e+00
    5.720456308063221e+00      0.000000000000000e+00
    5.726735152324880e+00      0.000000000000000e+00
    5.733013996586540e+00      0.000000000000000e+00
    5.739292840848200e+00      5.398812850277730e+00
    5.745571685109860e+00      0.000000000000000e+00
    5.751850529371520e+00      0.000000000000000e+00
    5.758129373633180e+00      0.000000000000000e+00
    5.764408217894839e+00      0.000000000000000e+00
    5.770687062156499e+00      0.000000000000000e+00
    5.776965906418159e+00      0.000000000000000e+00
    5.783244750679819e+00      0.000000000000000e+00
    5.789523594941478e+00      0.000000000000000e+00
    5.795802439203139e+00      0.000000000000000e+00
    5.802081283464799e+00      0.000000000000000e+00
    5.808360127726458e+00      0.000000000000000e+00
    5.814638971988118e+00      0.000000000000000e+00
    5.820917816249778e+00      0.000000000000000e+00
    5.827196660511437e+00      0.000000000000000e+00
    5.833475504773097e+00      0.000000000000000e+00
    5.839754349034757e+00      0.000000000000000e+00
    5.846033193296417e+00      0.000000000000000e+00
    5.852312037558077e+00      0.000000000000000e+00
    5.858590881819737e+00      0.000000000000000e+00
    5.864869726081396e+00      0.000000000000000e+00
    5.871148570343056e+00      0.000000000000000e+00
    5.877427414604716e+00      0.000000000000000e+00
    5.883706258866376e+00      0.000000000000000e+00
    5.889985103128035e+00      0.000000000000000e+00
    5.896263947389696e+00      0.000000000000000e+00
    5.902542791651356e+00      0.000000000000000e+00
    5.908821635913015e+00      0.000000000000000e+00
    5.915100480174675e+00      0.000000000000000e+00
    5.921379324436335e+00      0.000000000000000e+00
    5.927658168697994e+00      0.000000000000000e+00
    5.933937012959654e+00      0.000000000000000e+00
    5.940215857221315e+00      0.000000000000000e+00
    5.946494701482974e+00      0.000000000000000e+00
    5.952773545744634e+00      0.000000000000000e+00
    5.959052390006294e+00      0.000000000000000e+00
    5.965331234267953e+00      0.000000000000000e+00
    5.971610078529613e+00      0.000000000000000e+00
    5.977888922791273e+00      0.000000000000000e+00
    5.984167767052933e+00      0.000000000000000e+00
    5.990446611314593e+00      0.000000000000000e+00
    5.996725455576253e+00      0.000000000000000e+00
    6.003004299837913e+00      0.000000000000000e+00
    6.009283144099572e+00      0.000000000000000e+00
    6.015561988361232e+00      0.000000000000000e+00
    6.021840832622892e+00      0.000000000000000e+00
    6.028119676884551e+00      0.000000000000000e+00
    6.034398521146211e+00      0.000000000000000e+00
    6.040677365407872e+00      0.000000000000000e+00
    6.046956209669531e+00      0.000000000000000e+00
    6.053235053931191e+00      0.000000000000000e+00
    6.059513898192851e+00      0.000000000000000e+00
    6.065792742454510e+00      0.000000000000000e+00
    6.072071586716170e+00      0.000000000000000e+00
    6.078350430977830e+00      0.000000000000000e+00
    6.084629275239489e+00      0.000000000000000e+00
    6.090908119501150e+00      0.000000000000000e+00
    6.097186963762810e+00      0.000000000000000e+00
    6.103465808024469e+00      0.000000000000000e+00
    6.109744652286129e+00      0.000000000000000e+00
    6.116023496547789e+00      0.000000000000000e+00
    6.122302340809449e+00      0.000000000000000e+00
    6.128581185071108e+00      0.000000000000000e+00
    6.134860029332769e+00      0.000000000000000e+00
    6.141138873594429e+00      0.000000000000000e+00
    6.147417717856088e+00      0.000000000000000e+00
    6.153696562117748e+00      0.000000000000000e+00
    6.159975406379408e+00      0.000000000000000e+00
    6.166254250641067e+00      0.000000000000000e+00
    6.172533094902727e+00      0.000000000000000e+00
    6.178811939164387e+00      0.000000000000000e+00
    6.185090783426047e+00      0.000000000000000e+00
    6.191369627687707e+00      0.000000000000000e+00
    6.197648471949367e+00      0.000000000000000e+00
    6.203927316211026e+00      0.000000000000000e+00
    6.210206160472686e+00      0.000000000000000e+00
    6.216485004734346e+00      0.000000000000000e+00
    6.222763848996006e+00      0.000000000000000e+00
    6.229042693257665e+00      0.000000000000000e+00
    6.235321537519326e+00      0.000000000000000e+00
    6.241600381780986e+00      0.000000000000000e+00
    6.247879226042645e+00      0.000000000000000e+00
    6.254158070304305e+00      0.000000000000000e+00
    6.260436914565965e+00      0.000000000000000e+00
    6.266715758827624e+00      0.000000000000000e+00
    6.272994603089284e+00      0.000000000000000e+00
    6.279273447350944e+00      0.000000000000000e+00
    6.285552291612604e+00      0.000000000000000e+00
    6.291831135874264e+00      0.000000000000000e+00
    6.298109980135924e+00      0.000000000000000e+00
    6.304388824397583e+00      0.000000000000000e+00
    6.310667668659243e+00      0.000000000000000e+00
    6.316946512920903e+00      0.000000000000000e+00
    6.323225357182563e+00      0.000000000000000e+00
    6.329504201444223e+00      0.000000000000000e+00
    6.335783045705883e+00      0.000000000000000e+00
    6.342061889967542e+00      0.000000000000000e+00
    6.348340734229202e+00      0.000000000000000e+00
    6.354619578490862e+00      0.000000000000000e+00
    6.360898422752522e+00      0.000000000000000e+00
    6.367177267014181e+00      0.000000000000000e+00
    6.373456111275841e+00      0.000000000000000e+00
    6.379734955537502e+00      0.000000000000000e+00
    6.386013799799161e+00      0.000000000000000e+00
    6.392292644060821e+00      0.000000000000000e+00
    6.398571488322481e+00      0.000000000000000e+00
    6.404850332584140e+00      0.000000000000000e+00
    6.411129176845800e+00      0.000000000000000e+00
    6.417408021107460e+00      0.000000000000000e+00
    6.423686865369119e+00      0.000000000000000e+00
    6.429965709630780e+00      0.000000000000000e+00
    6.436244553892440e+00      0.000000000000000e+00
    6.442523398154099e+00      0.000000000000000e+00
    6.448802242415759e+00      0.000000000000000e+00
    6.455081086677419e+00      0.000000000000000e+00
    6.461359930939079e+00      0.000000000000000e+00
    6.467638775200738e+00      0.000000000000000e+00
    6.473917619462398e+00      0.000000000000000e+00
    6.480196463724059e+00      0.000000000000000e+00
    6.486475307985718e+00      0.000000000000000e+00
    6.492754152247378e+00      0.000000000000000e+00
    6.499032996509038e+00      0.000000000000000e+00
    6.505311840770697e+00      0.000000000000000e+00
    6.511590685032357e+00      0.000000000000000e+00
    6.517869529294017e+00      0.000000000000000e+00
    6.524148373555677e+00      0.000000000000000e+00
    6.530427217817337e+00      0.000000000000000e+00
    6.536706062078997e+00      0.000000000000000e+00
    6.542984906340656e+00      0.000000000000000e+00
    6.549263750602316e+00      0.000000000000000e+00
    6.555542594863976e+00      0.000000000000000e+00
    6.561821439125636e+00      0.000000000000000e+00
    6.568100283387295e+00      0.000000000000000e+00
    6.574379127648956e+00      0.000000000000000e+00
    6.580657971910616e+00      0.000000000000000e+00
    6.586936816172275e+00      0.000000000000000e+00
    6.593215660433935e+00      0.000000000000000e+00
    6.599494504695595e+00      0.000000000000000e+00
    6.605773348957254e+00      0.000000000000000e+00
    6.612052193218914e+00      0.000000000000000e+00
    6.618331037480574e+00      0.000000000000000e+00
    6.624609881742234e+00      0.000000000000000e+00
    6.630888726003894e+00      0.000000000000000e+00
    6.637167570265554e+00      0.000000000000000e+00
    6.643446414527213e+00      0.000000000000000e+00
    6.649725258788873e+00      0.000000000000000e+00
    6.656004103050533e+00      0.000000000000000e+00
    6.662282947312193e+00      0.000000000000000e+00
    6.668561791573852e+00      0.000000000000000e+00
    6.674840635835513e+00      0.000000000000000e+00
    6.681119480097172e+00      0.000000000000000e+00
    6.687398324358832e+00      0.000000000000000e+00
    6.693677168620492e+00      0.000000000000000e+00
    6.699956012882152e+00      0.000000000000000e+00
    6.706234857143811e+00      0.000000000000000e+00
    6.712513701405471e+00      0.000000000000000e+00
    6.718792545667132e+00      0.000000000000000e+00
    6.725071389928791e+00      0.000000000000000e+00
    6.731350234190451e+00      0.000000000000000e+00
    6.737629078452111e+00      0.000000000000000e+00
    6.743907922713770e+00      0.000000000000000e+00
    6.750186766975430e+00      0.000000000000000e+00
    6.756465611237090e+00      0.000000000000000e+00
    6.762744455498749e+00      0.000000000000000e+00
    6.769023299760410e+00      0.000000000000000e+00
    6.775302144022070e+00      0.000000000000000e+00
    6.781580988283729e+00      0.000000000000000e+00
    6.787859832545389e+00      0.000000000000000e+00
    6.794138676807049e+00      0.000000000000000e+00
    6.800417521068709e+00      0.000000000000000e+00
    6.806696365330368e+00      0.000000000000000e+00
    6.812975209592028e+00      0.000000000000000e+00
    6.819254053853689e+00      0.000000000000000e+00
    6.825532898115348e+00      0.000000000000000e+00
    6.831811742377008e+00      0.000000000000000e+00
    6.838090586638668e+00      0.000000000000000e+00
    6.844369430900327e+00      0.000000000000000e+00
    6.850648275161987e+00      0.000000000000000e+00
    6.856927119423647e+00      0.000000000000000e+00
    6.863205963685306e+00      0.000000000000000e+00
    6.869484807946967e+00      0.000000000000000e+00
    6.875763652208627e+00      0.000000000000000e+00
    6.882042496470286e+00      0.000000000000000e+00
    6.888321340731946e+00      0.000000000000000e+00
    6.894600184993606e+00      0.000000000000000e+00
    6.900879029255266e+00      0.000000000000000e+00
    6.907157873516925e+00      0.000000000000000e+00
    6.913436717778585e+00      0.000000000000000e+00
    6.919715562040246e+00      0.000000000000000e+00
    6.925994406301905e+00      0.000000000000000e+00
    6.932273250563565e+00      0.000000000000000e+00
    6.938552094825225e+00      0.000000000000000e+00
    6.944830939086884e+00      0.000000000000000e+00
    6.951109783348544e+00      0.000000000000000e+00
    6.957388627610204e+00      0.000000000000000e+00
    6.963667471871864e+00      0.000000000000000e+00
    6.969946316133524e+00      0.000000000000000e+00
    6.976225160395184e+00      0.000000000000000e+00
    6.982504004656843e+00      0.000000000000000e+00
    6.988782848918503e+00      0.000000000000000e+00
    6.995061693180163e+00      0.000000000000000e+00
    7.001340537441822e+00      0.000000000000000e+00
    7.007619381703482e+00      0.000000000000000e+00
    7.013898225965143e+00      0.000000000000000e+00
    7.020177070226802e+00      0.000000000000000e+00
    7.026455914488462e+00      0.000000000000000e+00
    7.032734758750122e+00      0.000000000000000e+00
    7.039013603011782e+00      0.000000000000000e+00
    7.045292447273441e+00      0.000000000000000e+00
    7.051571291535101e+00      0.000000000000000e+00
    7.057850135796761e+00      0.000000000000000e+00
    7.064128980058421e+00      0.000000000000000e+00
    7.070407824320081e+00      0.000000000000000e+00
    7.076686668581741e+00      0.000000000000000e+00
    7.082965512843400e+00      0.000000000000000e+00
    7.089244357105060e+00      0.000000000000000e+00
    7.095523201366720e+00      0.000000000000000e+00
    7.101802045628379e+00      0.000000000000000e+00
    7.108080889890039e+00      0.000000000000000e+00
    7.114359734151700e+00      0.000000000000000e+00
    7.120638578413359e+00      0.000000000000000e+00
    7.126917422675019e+00      0.000000000000000e+00
    7.133196266936679e+00      0.000000000000000e+00
    7.139475111198339e+00      0.000000000000000e+00
    7.145753955459998e+00      0.000000000000000e+00
    7.152032799721658e+00      0.000000000000000e+00
    7.158311643983319e+00      0.000000000000000e+00
    7.164590488244978e+00      0.000000000000000e+00
    7.170869332506638e+00      0.000000000000000e+00
    7.177148176768298e+00      0.000000000000000e+00
    7.183427021029957e+00      0.000000000000000e+00
    7.189705865291617e+00      0.000000000000000e+00
    7.195984709553277e+00      0.000000000000000e+00
    7.202263553814936e+00      0.000000000000000e+00
    7.208542398076597e+00      0.000000000000000e+00
    7.214821242338257e+00      0.000000000000000e+00
    7.221100086599916e+00      0.000000000000000e+00
    7.227378930861576e+00      0.000000000000000e+00
    7.233657775123236e+00      0.000000000000000e+00
    7.239936619384896e+00      0.000000000000000e+00
    7.246215463646555e+00      0.000000000000000e+00
    7.252494307908215e+00      0.000000000000000e+00
    7.258773152169876e+00      0.000000000000000e+00
    7.265051996431535e+00      0.000000000000000e+00
    7.271330840693195e+00      0.000000000000000e+00
    7.277609684954855e+00      0.000000000000000e+00
    7.283888529216514e+00      0.000000000000000e+00
    7.290167373478174e+00      0.000000000000000e+00
    7.296446217739834e+00      0.000000000000000e+00
    7.302725062001493e+00      0.000000000000000e+00
    7.309003906263154e+00      0.000000000000000e+00
    7.315282750524814e+00      0.000000000000000e+00
    7.321561594786473e+00      0.000000000000000e+00
    7.327840439048133e+00      0.000000000000000e+00
    7.334119283309793e+00      0.000000000000000e+00
    7.340398127571452e+00      0.000000000000000e+00
    7.346676971833112e+00      0.000000000000000e+00
    7.352955816094773e+00      0.000000000000000e+00
    7.359234660356432e+00      0.000000000000000e+00
    7.365513504618092e+00      2.699406425139246e+00
