                     bin:                     prob.:
    3.308121649541834e-01      2.011920500326666e+01
    3.316546014490460e-01      0.000000000000000e+00
    3.324970379439085e-01      0.000000000000000e+00
    3.333394744387710e-01      0.000000000000000e+00
    3.341819109336336e-01      0.000000000000000e+00
    3.350243474284962e-01      0.000000000000000e+00
    3.358667839233587e-01      0.000000000000000e+00
    3.367092204182213e-01      0.000000000000000e+00
    3.375516569130838e-01      0.000000000000000e+00
    3.383940934079464e-01      0.000000000000000e+00
    3.392365299028089e-01      0.000000000000000e+00
    3.400789663976715e-01      0.000000000000000e+00
    3.409214028925340e-01      0.000000000000000e+00
    3.417638393873966e-01      0.000000000000000e+00
    3.426062758822591e-01      0.000000000000000e+00
    3.434487123771217e-01      0.000000000000000e+00
    3.442911488719842e-01      0.000000000000000e+00
    3.451335853668468e-01      0.000000000000000e+00
    3.459760218617093e-01      0.000000000000000e+00
    3.468184583565719e-01      0.000000000000000e+00
    3.476608948514344e-01      0.000000000000000e+00
    3.485033313462970e-01      0.000000000000000e+00
    3.493457678411595e-01      0.000000000000000e+00
    3.501882043360221e-01      0.000000000000000e+00
    3.510306408308846e-01      0.000000000000000e+00
    3.518730773257472e-01      0.000000000000000e+00
    3.527155138206097e-01      0.000000000000000e+00
    3.535579503154723e-01      0.000000000000000e+00
    3.544003868103348e-01      0.000000000000000e+00
    3.552428233051974e-01      0.000000000000000e+00
    3.560852598000600e-01      0.000000000000000e+00
    3.569276962949225e-01      0.000000000000000e+00
    3.577701327897850e-01      0.000000000000000e+00
    3.586125692846476e-01      0.000000000000000e+00
    3.594550057795101e-01      0.000000000000000e+00
    3.602974422743727e-01      0.000000000000000e+00
    3.611398787692353e-01      4.023841000653332e+01
    3.619823152640978e-01      0.000000000000000e+00
    3.628247517589603e-01      0.000000000000000e+00
    3.636671882538229e-01      0.000000000000000e+00
    3.645096247486854e-01      0.000000000000000e+00
    3.653520612435480e-01      0.000000000000000e+00
    3.661944977384105e-01      0.000000000000000e+00
    3.670369342332731e-01      0.000000000000000e+00
    3.678793707281356e-01      0.000000000000000e+00
    3.687218072229982e-01      0.000000000000000e+00
    3.695642437178607e-01      0.000000000000000e+00
    3.704066802127233e-01      0.000000000000000e+00
    3.712491167075858e-01      0.000000000000000e+00
    3.720915532024484e-01      0.000000000000000e+00
    3.729339896973110e-01      0.000000000000000e+00
    3.737764261921735e-01      0.000000000000000e+00
    3.746188626870360e-01      0.000000000000000e+00
    3.754612991818986e-01      0.000000000000000e+00
    3.763037356767611e-01      0.000000000000000e+00
    3.771461721716237e-01      0.000000000000000e+00
    3.779886086664863e-01      0.000000000000000e+00
    3.788310451613488e-01      0.000000000000000e+00
    3.796734816562113e-01      0.000000000000000e+00
    3.805159181510739e-01      0.000000000000000e+00
    3.813583546459364e-01      0.000000000000000e+00
    3.822007911407990e-01      0.000000000000000e+00
    3.830432276356616e-01      0.000000000000000e+00
    3.838856641305241e-01      0.000000000000000e+00
    3.847281006253866e-01      0.000000000000000e+00
    3.855705371202492e-01      0.000000000000000e+00
    3.864129736151117e-01      0.000000000000000e+00
    3.872554101099743e-01      0.000000000000000e+00
    3.880978466048368e-01      0.000000000000000e+00
    3.889402830996994e-01      0.000000000000000e+00
    3.897827195945620e-01      0.000000000000000e+00
    3.906251560894245e-01      0.000000000000000e+00
    3.914675925842870e-01      0.000000000000000e+00
    3.923100290791496e-01      2.011920500326666e+01
    3.931524655740121e-01      0.000000000000000e+00
    3.939949020688747e-01      0.000000000000000e+00
    3.948373385637373e-01      0.000000000000000e+00
    3.956797750585998e-01      0.000000000000000e+00
    3.965222115534623e-01      0.000000000000000e+00
    3.973646480483249e-01      0.000000000000000e+00
    3.982070845431874e-01      0.000000000000000e+00
    3.990495210380500e-01      0.000000000000000e+00
    3.998919575329126e-01      0.000000000000000e+00
    4.007343940277751e-01      0.000000000000000e+00
    4.015768305226377e-01      0.000000000000000e+00
    4.024192670175002e-01      0.000000000000000e+00
    4.032617035123627e-01      0.000000000000000e+00
    4.041041400072253e-01      0.000000000000000e+00
    4.049465765020879e-01      0.000000000000000e+00
    4.057890129969504e-01      0.000000000000000e+00
    4.066314494918130e-01      0.000000000000000e+00
    4.074738859866755e-01      0.000000000000000e+00
    4.083163224815380e-01      0.000000000000000e+00
    4.091587589764006e-01      0.000000000000000e+00
    4.100011954712631e-01      0.000000000000000e+00
    4.108436319661257e-01      0.000000000000000e+00
    4.116860684609883e-01      0.000000000000000e+00
    4.125285049558508e-01      0.000000000000000e+00
    4.133709414507133e-01      0.000000000000000e+00
    4.142133779455759e-01      0.000000000000000e+00
    4.150558144404385e-01      0.000000000000000e+00
    4.158982509353010e-01      0.000000000000000e+00
    4.167406874301636e-01      0.000000000000000e+00
    4.175831239250261e-01      0.000000000000000e+00
    4.184255604198887e-01      0.000000000000000e+00
    4.192679969147512e-01      0.000000000000000e+00
    4.201104334096137e-01      0.000000000000000e+00
    4.209528699044763e-01      0.000000000000000e+00
    4.217953063993389e-01      0.000000000000000e+00
    4.226377428942014e-01      6.035761500979999e+01
    4.234801793890640e-01      0.000000000000000e+00
    4.243226158839265e-01      0.000000000000000e+00
    4.251650523787890e-01      0.000000000000000e+00
    4.260074888736516e-01      0.000000000000000e+00
    4.268499253685142e-01      0.000000000000000e+00
    4.276923618633767e-01      0.000000000000000e+00
    4.285347983582393e-01      0.000000000000000e+00
    4.293772348531018e-01      0.000000000000000e+00
    4.302196713479643e-01      0.000000000000000e+00
    4.310621078428269e-01      0.000000000000000e+00
    4.319045443376894e-01      0.000000000000000e+00
    4.327469808325520e-01      0.000000000000000e+00
    4.335894173274146e-01      0.000000000000000e+00
    4.344318538222771e-01      0.000000000000000e+00
    4.352742903171397e-01      0.000000000000000e+00
    4.361167268120022e-01      0.000000000000000e+00
    4.369591633068648e-01      0.000000000000000e+00
    4.378015998017273e-01      0.000000000000000e+00
    4.386440362965899e-01      0.000000000000000e+00
    4.394864727914524e-01      0.000000000000000e+00
    4.403289092863150e-01      0.000000000000000e+00
    4.411713457811775e-01      0.000000000000000e+00
    4.420137822760400e-01      0.000000000000000e+00
    4.428562187709026e-01      0.000000000000000e+00
    4.436986552657652e-01      0.000000000000000e+00
    4.445410917606277e-01      0.000000000000000e+00
    4.453835282554903e-01      0.000000000000000e+00
    4.462259647503528e-01      0.000000000000000e+00
    4.470684012452154e-01      0.000000000000000e+00
    4.479108377400779e-01      0.000000000000000e+00
    4.487532742349405e-01      0.000000000000000e+00
    4.495957107298030e-01      0.000000000000000e+00
    4.504381472246656e-01      0.000000000000000e+00
    4.512805837195281e-01      0.000000000000000e+00
    4.521230202143907e-01      0.000000000000000e+00
    4.529654567092532e-01      0.000000000000000e+00
    4.538078932041157e-01      2.011920500326534e+01
    4.546503296989783e-01      0.000000000000000e+00
    4.554927661938409e-01      0.000000000000000e+00
    4.563352026887034e-01      0.000000000000000e+00
    4.571776391835660e-01      0.000000000000000e+00
    4.580200756784285e-01      0.000000000000000e+00
    4.588625121732911e-01      0.000000000000000e+00
    4.597049486681536e-01      0.000000000000000e+00
    4.605473851630162e-01      0.000000000000000e+00
    4.613898216578787e-01      0.000000000000000e+00
    4.622322581527413e-01      0.000000000000000e+00
    4.630746946476038e-01      0.000000000000000e+00
    4.639171311424664e-01      0.000000000000000e+00
    4.647595676373290e-01      0.000000000000000e+00
    4.656020041321914e-01      0.000000000000000e+00
    4.664444406270540e-01      0.000000000000000e+00
    4.672868771219166e-01      0.000000000000000e+00
    4.681293136167791e-01      0.000000000000000e+00
    4.689717501116417e-01      0.000000000000000e+00
    4.698141866065042e-01      0.000000000000000e+00
    4.706566231013668e-01      0.000000000000000e+00
    4.714990595962293e-01      0.000000000000000e+00
    4.723414960910919e-01      0.000000000000000e+00
    4.731839325859544e-01      0.000000000000000e+00
    4.740263690808170e-01      0.000000000000000e+00
    4.748688055756796e-01      0.000000000000000e+00
    4.757112420705421e-01      0.000000000000000e+00
    4.765536785654046e-01      0.000000000000000e+00
    4.773961150602672e-01      0.000000000000000e+00
    4.782385515551297e-01      0.000000000000000e+00
    4.790809880499923e-01      0.000000000000000e+00
    4.799234245448548e-01      0.000000000000000e+00
    4.807658610397174e-01      0.000000000000000e+00
    4.816082975345799e-01      0.000000000000000e+00
    4.824507340294425e-01      0.000000000000000e+00
    4.832931705243050e-01      0.000000000000000e+00
    4.841356070191676e-01      4.023841000653332e+01
    4.849780435140301e-01      0.000000000000000e+00
    4.858204800088927e-01      0.000000000000000e+00
    4.866629165037553e-01      0.000000000000000e+00
    4.875053529986177e-01      0.000000000000000e+00
    4.883477894934803e-01      0.000000000000000e+00
    4.891902259883429e-01      0.000000000000000e+00
    4.900326624832054e-01      0.000000000000000e+00
    4.908750989780680e-01      0.000000000000000e+00
    4.917175354729305e-01      0.000000000000000e+00
    4.925599719677931e-01      0.000000000000000e+00
    4.934024084626557e-01      0.000000000000000e+00
    4.942448449575182e-01      0.000000000000000e+00
    4.950872814523807e-01      0.000000000000000e+00
    4.959297179472433e-01      0.000000000000000e+00
    4.967721544421059e-01      0.000000000000000e+00
    4.976145909369684e-01      0.000000000000000e+00
    4.984570274318310e-01      0.000000000000000e+00
    4.992994639266935e-01      0.000000000000000e+00
    5.001419004215560e-01      0.000000000000000e+00
    5.009843369164186e-01      0.000000000000000e+00
    5.018267734112811e-01      0.000000000000000e+00
    5.026692099061437e-01      0.000000000000000e+00
    5.035116464010062e-01      0.000000000000000e+00
    5.043540828958688e-01      0.000000000000000e+00
    5.051965193907313e-01      0.000000000000000e+00
    5.060389558855939e-01      0.000000000000000e+00
    5.068813923804565e-01      0.000000000000000e+00
    5.077238288753190e-01      0.000000000000000e+00
    5.085662653701816e-01      0.000000000000000e+00
    5.094087018650441e-01      0.000000000000000e+00
    5.102511383599067e-01      0.000000000000000e+00
    5.110935748547691e-01      0.000000000000000e+00
    5.119360113496317e-01      0.000000000000000e+00
    5.127784478444943e-01      0.000000000000000e+00
    5.136208843393568e-01      0.000000000000000e+00
    5.144633208342194e-01      0.000000000000000e+00
    5.153057573290820e-01      2.011920500326799e+01
    5.161481938239445e-01      0.000000000000000e+00
    5.169906303188070e-01      0.000000000000000e+00
    5.178330668136696e-01      0.000000000000000e+00
    5.186755033085322e-01      0.000000000000000e+00
    5.195179398033947e-01      0.000000000000000e+00
    5.203603762982573e-01      0.000000000000000e+00
    5.212028127931199e-01      0.000000000000000e+00
    5.220452492879823e-01      0.000000000000000e+00
    5.228876857828448e-01      0.000000000000000e+00
    5.237301222777074e-01      0.000000000000000e+00
    5.245725587725700e-01      0.000000000000000e+00
    5.254149952674325e-01      0.000000000000000e+00
    5.262574317622951e-01      0.000000000000000e+00
    5.270998682571577e-01      0.000000000000000e+00
    5.279423047520202e-01      0.000000000000000e+00
    5.287847412468828e-01      0.000000000000000e+00
    5.296271777417453e-01      0.000000000000000e+00
    5.304696142366079e-01      0.000000000000000e+00
    5.313120507314704e-01      0.000000000000000e+00
    5.321544872263330e-01      0.000000000000000e+00
    5.329969237211956e-01      0.000000000000000e+00
    5.338393602160580e-01      0.000000000000000e+00
    5.346817967109206e-01      0.000000000000000e+00
    5.355242332057831e-01      0.000000000000000e+00
    5.363666697006457e-01      0.000000000000000e+00
    5.372091061955082e-01      0.000000000000000e+00
    5.380515426903708e-01      0.000000000000000e+00
    5.388939791852334e-01      0.000000000000000e+00
    5.397364156800959e-01      0.000000000000000e+00
    5.405788521749585e-01      0.000000000000000e+00
    5.414212886698210e-01      0.000000000000000e+00
    5.422637251646836e-01      0.000000000000000e+00
    5.431061616595461e-01      0.000000000000000e+00
    5.439485981544087e-01      0.000000000000000e+00
    5.447910346492713e-01      0.000000000000000e+00
    5.456334711441337e-01      0.000000000000000e+00
    5.464759076389963e-01      0.000000000000000e+00
    5.473183441338588e-01      0.000000000000000e+00
    5.481607806287214e-01      0.000000000000000e+00
    5.490032171235839e-01      0.000000000000000e+00
    5.498456536184465e-01      0.000000000000000e+00
    5.506880901133091e-01      0.000000000000000e+00
    5.515305266081716e-01      0.000000000000000e+00
    5.523729631030342e-01      0.000000000000000e+00
    5.532153995978967e-01      0.000000000000000e+00
    5.540578360927593e-01      2.011920500326799e+01
    5.549002725876218e-01      0.000000000000000e+00
    5.557427090824844e-01      0.000000000000000e+00
    5.565851455773470e-01      0.000000000000000e+00
    5.574275820722094e-01      0.000000000000000e+00
    5.582700185670720e-01      0.000000000000000e+00
    5.591124550619346e-01      0.000000000000000e+00
    5.599548915567971e-01      0.000000000000000e+00
    5.607973280516596e-01      0.000000000000000e+00
    5.616397645465222e-01      4.023841000653067e+01
    5.624822010413848e-01      0.000000000000000e+00
    5.633246375362473e-01      0.000000000000000e+00
    5.641670740311099e-01      0.000000000000000e+00
    5.650095105259725e-01      0.000000000000000e+00
    5.658519470208350e-01      0.000000000000000e+00
    5.666943835156975e-01      0.000000000000000e+00
    5.675368200105601e-01      0.000000000000000e+00
    5.683792565054226e-01      0.000000000000000e+00
    5.692216930002851e-01      2.011920500326534e+01
    5.700641294951477e-01      0.000000000000000e+00
    5.709065659900103e-01      0.000000000000000e+00
    5.717490024848728e-01      0.000000000000000e+00
    5.725914389797354e-01      0.000000000000000e+00
    5.734338754745979e-01      0.000000000000000e+00
    5.742763119694605e-01      0.000000000000000e+00
    5.751187484643230e-01      0.000000000000000e+00
    5.759611849591856e-01      0.000000000000000e+00
    5.768036214540482e-01      4.023841000653598e+01
    5.776460579489107e-01      0.000000000000000e+00
    5.784884944437733e-01      0.000000000000000e+00
    5.793309309386357e-01      0.000000000000000e+00
    5.801733674334983e-01      0.000000000000000e+00
    5.810158039283608e-01      0.000000000000000e+00
    5.818582404232234e-01      0.000000000000000e+00
    5.827006769180860e-01      0.000000000000000e+00
    5.835431134129485e-01      0.000000000000000e+00
    5.843855499078110e-01      2.011920500326269e+01
    5.852279864026737e-01      0.000000000000000e+00
    5.860704228975362e-01      0.000000000000000e+00
    5.869128593923987e-01      0.000000000000000e+00
    5.877552958872613e-01      0.000000000000000e+00
    5.885977323821239e-01      0.000000000000000e+00
    5.894401688769864e-01      0.000000000000000e+00
    5.902826053718490e-01      0.000000000000000e+00
    5.911250418667116e-01      0.000000000000000e+00
    5.919674783615740e-01      4.023841000653598e+01
    5.928099148564365e-01      0.000000000000000e+00
    5.936523513512991e-01      0.000000000000000e+00
    5.944947878461617e-01      0.000000000000000e+00
    5.953372243410242e-01      0.000000000000000e+00
    5.961796608358868e-01      0.000000000000000e+00
    5.970220973307494e-01      0.000000000000000e+00
    5.978645338256119e-01      0.000000000000000e+00
    5.987069703204744e-01      0.000000000000000e+00
    5.995494068153370e-01      0.000000000000000e+00
    6.003918433101996e-01      2.011920500326799e+01
    6.012342798050621e-01      0.000000000000000e+00
    6.020767162999247e-01      0.000000000000000e+00
    6.029191527947872e-01      0.000000000000000e+00
    6.037615892896497e-01      0.000000000000000e+00
    6.046040257845122e-01      0.000000000000000e+00
    6.054464622793748e-01      0.000000000000000e+00
    6.062888987742374e-01      0.000000000000000e+00
    6.071313352690999e-01      0.000000000000000e+00
    6.079737717639625e-01      6.035761500979601e+01
    6.088162082588251e-01      0.000000000000000e+00
    6.096586447536876e-01      0.000000000000000e+00
    6.105010812485501e-01      0.000000000000000e+00
    6.113435177434127e-01      0.000000000000000e+00
    6.121859542382753e-01      0.000000000000000e+00
    6.130283907331378e-01      0.000000000000000e+00
    6.138708272280003e-01      0.000000000000000e+00
    6.147132637228629e-01      0.000000000000000e+00
    6.155557002177254e-01      2.011920500326799e+01
    6.163981367125879e-01      0.000000000000000e+00
    6.172405732074505e-01      0.000000000000000e+00
    6.180830097023131e-01      0.000000000000000e+00
    6.189254461971756e-01      0.000000000000000e+00
    6.197678826920382e-01      0.000000000000000e+00
    6.206103191869008e-01      0.000000000000000e+00
    6.214527556817633e-01      0.000000000000000e+00
    6.222951921766258e-01      0.000000000000000e+00
    6.231376286714885e-01      4.023841000653598e+01
    6.239800651663510e-01      0.000000000000000e+00
    6.248225016612134e-01      0.000000000000000e+00
    6.256649381560760e-01      0.000000000000000e+00
    6.265073746509386e-01      0.000000000000000e+00
    6.273498111458011e-01      0.000000000000000e+00
    6.281922476406636e-01      0.000000000000000e+00
    6.290346841355263e-01      0.000000000000000e+00
    6.298771206303888e-01      0.000000000000000e+00
    6.307195571252513e-01      2.011920500326534e+01
    6.315619936201139e-01      0.000000000000000e+00
    6.324044301149765e-01      0.000000000000000e+00
    6.332468666098390e-01      0.000000000000000e+00
    6.340893031047016e-01      0.000000000000000e+00
    6.349317395995642e-01      0.000000000000000e+00
    6.357741760944267e-01      0.000000000000000e+00
    6.366166125892891e-01      0.000000000000000e+00
    6.374590490841517e-01      0.000000000000000e+00
    6.383014855790143e-01      8.047682001307196e+01
    6.391439220738768e-01      0.000000000000000e+00
    6.399863585687394e-01      0.000000000000000e+00
    6.408287950636020e-01      0.000000000000000e+00
    6.416712315584645e-01      0.000000000000000e+00
    6.425136680533270e-01      0.000000000000000e+00
    6.433561045481896e-01      0.000000000000000e+00
    6.441985410430522e-01      0.000000000000000e+00
    6.450409775379147e-01      0.000000000000000e+00
    6.458834140327773e-01      2.011920500326534e+01
    6.467258505276399e-01      0.000000000000000e+00
    6.475682870225024e-01      0.000000000000000e+00
    6.484107235173648e-01      0.000000000000000e+00
    6.492531600122274e-01      0.000000000000000e+00
    6.500955965070900e-01      0.000000000000000e+00
    6.509380330019525e-01      0.000000000000000e+00
    6.517804694968151e-01      0.000000000000000e+00
    6.526229059916777e-01      0.000000000000000e+00
    6.534653424865402e-01      0.000000000000000e+00
    6.543077789814027e-01      4.023841000653067e+01
    6.551502154762653e-01      0.000000000000000e+00
    6.559926519711279e-01      0.000000000000000e+00
    6.568350884659904e-01      0.000000000000000e+00
    6.576775249608530e-01      2.011920500326534e+01
    6.585199614557156e-01      0.000000000000000e+00
    6.593623979505780e-01      0.000000000000000e+00
    6.602048344454405e-01      0.000000000000000e+00
    6.610472709403031e-01      0.000000000000000e+00
    6.618897074351657e-01      4.023841000653598e+01
    6.627321439300282e-01      0.000000000000000e+00
    6.635745804248908e-01      0.000000000000000e+00
    6.644170169197534e-01      0.000000000000000e+00
    6.652594534146159e-01      2.011920500326799e+01
    6.661018899094784e-01      0.000000000000000e+00
    6.669443264043411e-01      0.000000000000000e+00
    6.677867628992036e-01      0.000000000000000e+00
    6.686291993940661e-01      0.000000000000000e+00
    6.694716358889287e-01      2.011920500326534e+01
    6.703140723837913e-01      0.000000000000000e+00
    6.711565088786537e-01      0.000000000000000e+00
    6.719989453735162e-01      0.000000000000000e+00
    6.728413818683789e-01      0.000000000000000e+00
    6.736838183632414e-01      0.000000000000000e+00
    6.745262548581039e-01      0.000000000000000e+00
    6.753686913529665e-01      0.000000000000000e+00
    6.762111278478291e-01      0.000000000000000e+00
    6.770535643426916e-01      2.011920500326534e+01
    6.778960008375542e-01      0.000000000000000e+00
    6.787384373324168e-01      0.000000000000000e+00
    6.795808738272793e-01      0.000000000000000e+00
    6.804233103221418e-01      0.000000000000000e+00
    6.812657468170044e-01      0.000000000000000e+00
    6.821081833118670e-01      0.000000000000000e+00
    6.829506198067294e-01      0.000000000000000e+00
    6.837930563015920e-01      0.000000000000000e+00
    6.846354927964546e-01      4.023841000653598e+01
    6.854779292913171e-01      0.000000000000000e+00
    6.863203657861796e-01      0.000000000000000e+00
    6.871628022810422e-01      0.000000000000000e+00
    6.880052387759048e-01      0.000000000000000e+00
    6.888476752707673e-01      0.000000000000000e+00
    6.896901117656299e-01      0.000000000000000e+00
    6.905325482604925e-01      0.000000000000000e+00
    6.913749847553550e-01      0.000000000000000e+00
    6.922174212502175e-01      2.011920500326534e+01
    6.930598577450801e-01      0.000000000000000e+00
    6.939022942399427e-01      0.000000000000000e+00
    6.947447307348051e-01      0.000000000000000e+00
    6.955871672296677e-01      0.000000000000000e+00
    6.964296037245303e-01      0.000000000000000e+00
    6.972720402193928e-01      0.000000000000000e+00
    6.981144767142553e-01      0.000000000000000e+00
    6.989569132091179e-01      0.000000000000000e+00
    6.997993497039805e-01      6.035761500980396e+01
    7.006417861988430e-01      0.000000000000000e+00
    7.014842226937056e-01      0.000000000000000e+00
    7.023266591885682e-01      0.000000000000000e+00
    7.031690956834307e-01      0.000000000000000e+00
    7.040115321782932e-01      0.000000000000000e+00
    7.048539686731559e-01      0.000000000000000e+00
    7.056964051680183e-01      0.000000000000000e+00
    7.065388416628808e-01      0.000000000000000e+00
    7.073812781577434e-01      0.000000000000000e+00
    7.082237146526060e-01      0.000000000000000e+00
    7.090661511474685e-01      0.000000000000000e+00
    7.099085876423310e-01      0.000000000000000e+00
    7.107510241371937e-01      0.000000000000000e+00
    7.115934606320562e-01      0.000000000000000e+00
    7.124358971269187e-01      0.000000000000000e+00
    7.132783336217813e-01      0.000000000000000e+00
    7.141207701166439e-01      0.000000000000000e+00
    7.149632066115064e-01      0.000000000000000e+00
    7.158056431063690e-01      2.011920500326534e+01
    7.166480796012316e-01      0.000000000000000e+00
    7.174905160960940e-01      0.000000000000000e+00
    7.183329525909565e-01      0.000000000000000e+00
    7.191753890858191e-01      0.000000000000000e+00
    7.200178255806817e-01      0.000000000000000e+00
    7.208602620755442e-01      0.000000000000000e+00
    7.217026985704068e-01      0.000000000000000e+00
    7.225451350652694e-01      0.000000000000000e+00
    7.233875715601319e-01      0.000000000000000e+00
    7.242300080549944e-01      0.000000000000000e+00
    7.250724445498570e-01      0.000000000000000e+00
    7.259148810447196e-01      0.000000000000000e+00
    7.267573175395821e-01      0.000000000000000e+00
    7.275997540344447e-01      0.000000000000000e+00
    7.284421905293073e-01      0.000000000000000e+00
    7.292846270241697e-01      0.000000000000000e+00
    7.301270635190322e-01      0.000000000000000e+00
    7.309695000138948e-01      6.035761500979601e+01
    7.318119365087574e-01      0.000000000000000e+00
    7.326543730036199e-01      0.000000000000000e+00
    7.334968094984825e-01      0.000000000000000e+00
    7.343392459933451e-01      0.000000000000000e+00
    7.351816824882076e-01      0.000000000000000e+00
    7.360241189830701e-01      0.000000000000000e+00
    7.368665554779327e-01      0.000000000000000e+00
    7.377089919727953e-01      0.000000000000000e+00
    7.385514284676578e-01      0.000000000000000e+00
    7.393938649625204e-01      0.000000000000000e+00
    7.402363014573830e-01      0.000000000000000e+00
    7.410787379522454e-01      0.000000000000000e+00
    7.419211744471079e-01      0.000000000000000e+00
    7.427636109419705e-01      0.000000000000000e+00
    7.436060474368331e-01      0.000000000000000e+00
    7.444484839316956e-01      0.000000000000000e+00
    7.452909204265582e-01      0.000000000000000e+00
    7.461333569214208e-01      2.011920500326799e+01
    7.469757934162833e-01      0.000000000000000e+00
    7.478182299111458e-01      0.000000000000000e+00
    7.486606664060085e-01      0.000000000000000e+00
    7.495031029008710e-01      0.000000000000000e+00
    7.503455393957335e-01      0.000000000000000e+00
    7.511879758905960e-01      0.000000000000000e+00
    7.520304123854586e-01      0.000000000000000e+00
    7.528728488803211e-01      0.000000000000000e+00
    7.537152853751836e-01      0.000000000000000e+00
    7.545577218700463e-01      0.000000000000000e+00
    7.554001583649088e-01      0.000000000000000e+00
    7.562425948597713e-01      0.000000000000000e+00
    7.570850313546339e-01      0.000000000000000e+00
    7.579274678494965e-01      0.000000000000000e+00
    7.587699043443590e-01      0.000000000000000e+00
    7.596123408392216e-01      0.000000000000000e+00
    7.604547773340842e-01      0.000000000000000e+00
    7.612972138289467e-01      0.000000000000000e+00
    7.621396503238091e-01      4.023841000653067e+01
    7.629820868186717e-01      0.000000000000000e+00
    7.638245233135343e-01      0.000000000000000e+00
    7.646669598083968e-01      0.000000000000000e+00
    7.655093963032594e-01      0.000000000000000e+00
    7.663518327981220e-01      0.000000000000000e+00
    7.671942692929845e-01      0.000000000000000e+00
    7.680367057878470e-01      0.000000000000000e+00
    7.688791422827096e-01      0.000000000000000e+00
    7.697215787775722e-01      0.000000000000000e+00
    7.705640152724347e-01      0.000000000000000e+00
    7.714064517672973e-01      0.000000000000000e+00
    7.722488882621599e-01      0.000000000000000e+00
    7.730913247570224e-01      0.000000000000000e+00
    7.739337612518848e-01      0.000000000000000e+00
    7.747761977467474e-01      0.000000000000000e+00
    7.756186342416100e-01      0.000000000000000e+00
    7.764610707364725e-01      0.000000000000000e+00
    7.773035072313351e-01      2.011920500326534e+01
    7.781459437261977e-01      0.000000000000000e+00
    7.789883802210602e-01      0.000000000000000e+00
    7.798308167159227e-01      0.000000000000000e+00
    7.806732532107853e-01      0.000000000000000e+00
    7.815156897056479e-01      0.000000000000000e+00
    7.823581262005104e-01      0.000000000000000e+00
    7.832005626953730e-01      0.000000000000000e+00
    7.840429991902356e-01      0.000000000000000e+00
    7.848854356850981e-01      0.000000000000000e+00
    7.857278721799605e-01      0.000000000000000e+00
    7.865703086748231e-01      0.000000000000000e+00
    7.874127451696857e-01      0.000000000000000e+00
    7.882551816645482e-01      0.000000000000000e+00
    7.890976181594108e-01      0.000000000000000e+00
    7.899400546542734e-01      0.000000000000000e+00
    7.907824911491359e-01      0.000000000000000e+00
    7.916249276439984e-01      0.000000000000000e+00
    7.924673641388611e-01      0.000000000000000e+00
    7.933098006337236e-01      0.000000000000000e+00
    7.941522371285861e-01      0.000000000000000e+00
    7.949946736234487e-01      0.000000000000000e+00
    7.958371101183113e-01      0.000000000000000e+00
    7.966795466131738e-01      0.000000000000000e+00
    7.975219831080362e-01      0.000000000000000e+00
    7.983644196028989e-01      0.000000000000000e+00
    7.992068560977614e-01      0.000000000000000e+00
    8.000492925926239e-01      0.000000000000000e+00
    8.008917290874865e-01      0.000000000000000e+00
    8.017341655823491e-01      0.000000000000000e+00
    8.025766020772116e-01      0.000000000000000e+00
    8.034190385720742e-01      0.000000000000000e+00
    8.042614750669368e-01      0.000000000000000e+00
    8.051039115617993e-01      0.000000000000000e+00
    8.059463480566618e-01      0.000000000000000e+00
    8.067887845515244e-01      0.000000000000000e+00
    8.076312210463870e-01      0.000000000000000e+00
    8.084736575412494e-01      0.000000000000000e+00
    8.093160940361120e-01      0.000000000000000e+00
    8.101585305309746e-01      0.000000000000000e+00
    8.110009670258371e-01      0.000000000000000e+00
    8.118434035206996e-01      0.000000000000000e+00
    8.126858400155622e-01      0.000000000000000e+00
    8.135282765104248e-01      0.000000000000000e+00
    8.143707130052873e-01      0.000000000000000e+00
    8.152131495001499e-01      0.000000000000000e+00
    8.160555859950125e-01      0.000000000000000e+00
    8.168980224898750e-01      0.000000000000000e+00
    8.177404589847375e-01      0.000000000000000e+00
    8.185828954796001e-01      0.000000000000000e+00
    8.194253319744627e-01      0.000000000000000e+00
    8.202677684693251e-01      0.000000000000000e+00
    8.211102049641877e-01      0.000000000000000e+00
    8.219526414590503e-01      0.000000000000000e+00
    8.227950779539128e-01      0.000000000000000e+00
    8.236375144487753e-01      0.000000000000000e+00
    8.244799509436379e-01      0.000000000000000e+00
    8.253223874385005e-01      0.000000000000000e+00
    8.261648239333630e-01      0.000000000000000e+00
    8.270072604282256e-01      0.000000000000000e+00
    8.278496969230882e-01      0.000000000000000e+00
    8.286921334179507e-01      0.000000000000000e+00
    8.295345699128132e-01      0.000000000000000e+00
    8.303770064076758e-01      0.000000000000000e+00
    8.312194429025384e-01      0.000000000000000e+00
    8.320618793974008e-01      0.000000000000000e+00
    8.329043158922634e-01      0.000000000000000e+00
    8.337467523871260e-01      0.000000000000000e+00
    8.345891888819885e-01      0.000000000000000e+00
    8.354316253768511e-01      0.000000000000000e+00
    8.362740618717136e-01      0.000000000000000e+00
    8.371164983665762e-01      0.000000000000000e+00
    8.379589348614387e-01      0.000000000000000e+00
    8.388013713563013e-01      0.000000000000000e+00
    8.396438078511639e-01      0.000000000000000e+00
    8.404862443460264e-01      0.000000000000000e+00
    8.413286808408890e-01      0.000000000000000e+00
    8.421711173357515e-01      0.000000000000000e+00
    8.430135538306140e-01      0.000000000000000e+00
    8.438559903254765e-01      0.000000000000000e+00
    8.446984268203391e-01      0.000000000000000e+00
    8.455408633152017e-01      0.000000000000000e+00
    8.463832998100642e-01      0.000000000000000e+00
    8.472257363049268e-01      0.000000000000000e+00
    8.480681727997893e-01      0.000000000000000e+00
    8.489106092946519e-01      0.000000000000000e+00
    8.497530457895145e-01      0.000000000000000e+00
    8.505954822843770e-01      0.000000000000000e+00
    8.514379187792396e-01      0.000000000000000e+00
    8.522803552741021e-01      0.000000000000000e+00
    8.531227917689647e-01      0.000000000000000e+00
    8.539652282638271e-01      0.000000000000000e+00
    8.548076647586897e-01      0.000000000000000e+00
    8.556501012535523e-01      0.000000000000000e+00
    8.564925377484148e-01      0.000000000000000e+00
    8.573349742432774e-01      0.000000000000000e+00
    8.581774107381399e-01      0.000000000000000e+00
    8.590198472330025e-01      0.000000000000000e+00
    8.598622837278650e-01      0.000000000000000e+00
    8.607047202227276e-01      0.000000000000000e+00
    8.615471567175902e-01      0.000000000000000e+00
    8.623895932124527e-01      0.000000000000000e+00
    8.632320297073153e-01      0.000000000000000e+00
    8.640744662021778e-01      0.000000000000000e+00
    8.649169026970404e-01      0.000000000000000e+00
    8.657593391919028e-01      0.000000000000000e+00
    8.666017756867654e-01      0.000000000000000e+00
    8.674442121816280e-01      0.000000000000000e+00
    8.682866486764905e-01      0.000000000000000e+00
    8.691290851713531e-01      0.000000000000000e+00
    8.699715216662156e-01      0.000000000000000e+00
    8.708139581610782e-01      0.000000000000000e+00
    8.716563946559408e-01      0.000000000000000e+00
    8.724988311508033e-01      0.000000000000000e+00
    8.733412676456659e-01      0.000000000000000e+00
    8.741837041405284e-01      0.000000000000000e+00
    8.750261406353910e-01      0.000000000000000e+00
    8.758685771302535e-01      0.000000000000000e+00
    8.767110136251161e-01      0.000000000000000e+00
    8.775534501199787e-01      0.000000000000000e+00
    8.783958866148411e-01      0.000000000000000e+00
    8.792383231097037e-01      0.000000000000000e+00
    8.800807596045662e-01      0.000000000000000e+00
    8.809231960994288e-01      0.000000000000000e+00
    8.817656325942913e-01      0.000000000000000e+00
    8.826080690891539e-01      0.000000000000000e+00
    8.834505055840165e-01      0.000000000000000e+00
    8.842929420788790e-01      0.000000000000000e+00
    8.851353785737416e-01      0.000000000000000e+00
    8.859778150686041e-01      0.000000000000000e+00
    8.868202515634667e-01      0.000000000000000e+00
    8.876626880583292e-01      0.000000000000000e+00
    8.885051245531917e-01      0.000000000000000e+00
    8.893475610480543e-01      0.000000000000000e+00
    8.901899975429168e-01      0.000000000000000e+00
    8.910324340377794e-01      0.000000000000000e+00
    8.918748705326419e-01      0.000000000000000e+00
    8.927173070275045e-01      0.000000000000000e+00
    8.935597435223671e-01      0.000000000000000e+00
    8.944021800172296e-01      0.000000000000000e+00
    8.952446165120922e-01      0.000000000000000e+00
    8.960870530069547e-01      0.000000000000000e+00
    8.969294895018173e-01      0.000000000000000e+00
    8.977719259966798e-01      0.000000000000000e+00
    8.986143624915424e-01      0.000000000000000e+00
    8.994567989864050e-01      0.000000000000000e+00
    9.002992354812674e-01      0.000000000000000e+00
    9.011416719761300e-01      0.000000000000000e+00
    9.019841084709925e-01      0.000000000000000e+00
    9.028265449658551e-01      0.000000000000000e+00
    9.036689814607176e-01      0.000000000000000e+00
    9.045114179555802e-01      0.000000000000000e+00
    9.053538544504428e-01      0.000000000000000e+00
    9.061962909453053e-01      0.000000000000000e+00
    9.070387274401679e-01      0.000000000000000e+00
    9.078811639350304e-01      0.000000000000000e+00
    9.087236004298930e-01      0.000000000000000e+00
    9.095660369247556e-01      0.000000000000000e+00
    9.104084734196181e-01      0.000000000000000e+00
    9.112509099144807e-01      0.000000000000000e+00
    9.120933464093431e-01      0.000000000000000e+00
    9.129357829042057e-01      0.000000000000000e+00
    9.137782193990682e-01      0.000000000000000e+00
    9.146206558939308e-01      0.000000000000000e+00
    9.154630923887934e-01      0.000000000000000e+00
    9.163055288836559e-01      0.000000000000000e+00
    9.171479653785185e-01      0.000000000000000e+00
    9.179904018733810e-01      0.000000000000000e+00
    9.188328383682436e-01      0.000000000000000e+00
    9.196752748631061e-01      2.011920500326534e+01
    9.205177113579687e-01      0.000000000000000e+00
    9.213601478528313e-01      0.000000000000000e+00
    9.222025843476938e-01      0.000000000000000e+00
    9.230450208425564e-01      0.000000000000000e+00
    9.238874573374188e-01      0.000000000000000e+00
    9.247298938322814e-01      0.000000000000000e+00
    9.255723303271439e-01      0.000000000000000e+00
    9.264147668220065e-01      0.000000000000000e+00
    9.272572033168691e-01      0.000000000000000e+00
    9.280996398117316e-01      0.000000000000000e+00
    9.289420763065942e-01      0.000000000000000e+00
    9.297845128014567e-01      0.000000000000000e+00
    9.306269492963193e-01      0.000000000000000e+00
    9.314693857911819e-01      0.000000000000000e+00
    9.323118222860444e-01      0.000000000000000e+00
    9.331542587809070e-01      0.000000000000000e+00
    9.339966952757695e-01      0.000000000000000e+00
    9.348391317706320e-01      0.000000000000000e+00
    9.356815682654945e-01      0.000000000000000e+00
    9.365240047603571e-01      0.000000000000000e+00
    9.373664412552197e-01      0.000000000000000e+00
    9.382088777500822e-01      0.000000000000000e+00
    9.390513142449448e-01      0.000000000000000e+00
    9.398937507398073e-01      0.000000000000000e+00
    9.407361872346699e-01      0.000000000000000e+00
    9.415786237295324e-01      0.000000000000000e+00
    9.424210602243950e-01      0.000000000000000e+00
    9.432634967192576e-01      0.000000000000000e+00
    9.441059332141201e-01      0.000000000000000e+00
    9.449483697089827e-01      0.000000000000000e+00
    9.457908062038451e-01      0.000000000000000e+00
    9.466332426987077e-01      0.000000000000000e+00
    9.474756791935702e-01      0.000000000000000e+00
    9.483181156884328e-01      0.000000000000000e+00
    9.491605521832954e-01      0.000000000000000e+00
    9.500029886781579e-01      0.000000000000000e+00
    9.508454251730205e-01      0.000000000000000e+00
    9.516878616678830e-01      0.000000000000000e+00
    9.525302981627456e-01      0.000000000000000e+00
    9.533727346576082e-01      0.000000000000000e+00
    9.542151711524707e-01      0.000000000000000e+00
    9.550576076473333e-01      0.000000000000000e+00
    9.559000441421958e-01      0.000000000000000e+00
    9.567424806370584e-01      0.000000000000000e+00
    9.575849171319208e-01      0.000000000000000e+00
    9.584273536267834e-01      0.000000000000000e+00
    9.592697901216460e-01      0.000000000000000e+00
    9.601122266165085e-01      0.000000000000000e+00
    9.609546631113711e-01      0.000000000000000e+00
    9.617970996062336e-01      0.000000000000000e+00
    9.626395361010962e-01      0.000000000000000e+00
    9.634819725959587e-01      0.000000000000000e+00
    9.643244090908213e-01      0.000000000000000e+00
    9.651668455856839e-01      0.000000000000000e+00
    9.660092820805464e-01      0.000000000000000e+00
    9.668517185754090e-01      0.000000000000000e+00
    9.676941550702715e-01      0.000000000000000e+00
    9.685365915651341e-01      0.000000000000000e+00
    9.693790280599965e-01      0.000000000000000e+00
    9.702214645548591e-01      0.000000000000000e+00
    9.710639010497217e-01      0.000000000000000e+00
    9.719063375445842e-01      0.000000000000000e+00
    9.727487740394468e-01      0.000000000000000e+00
    9.735912105343093e-01      0.000000000000000e+00
    9.744336470291719e-01      0.000000000000000e+00
    9.752760835240345e-01      0.000000000000000e+00
    9.761185200188970e-01      0.000000000000000e+00
    9.769609565137596e-01      0.000000000000000e+00
    9.778033930086221e-01      0.000000000000000e+00
    9.786458295034847e-01      0.000000000000000e+00
    9.794882659983472e-01      0.000000000000000e+00
    9.803307024932097e-01      0.000000000000000e+00
    9.811731389880723e-01      0.000000000000000e+00
    9.820155754829348e-01      0.000000000000000e+00
    9.828580119777974e-01      0.000000000000000e+00
    9.837004484726599e-01      0.000000000000000e+00
    9.845428849675225e-01      0.000000000000000e+00
    9.853853214623850e-01      0.000000000000000e+00
    9.862277579572476e-01      0.000000000000000e+00
    9.870701944521102e-01      0.000000000000000e+00
    9.879126309469727e-01      0.000000000000000e+00
    9.887550674418353e-01      0.000000000000000e+00
    9.895975039366978e-01      0.000000000000000e+00
    9.904399404315604e-01      0.000000000000000e+00
    9.912823769264228e-01      0.000000000000000e+00
    9.921248134212854e-01      0.000000000000000e+00
    9.929672499161480e-01      0.000000000000000e+00
    9.938096864110105e-01      0.000000000000000e+00
    9.946521229058731e-01      0.000000000000000e+00
    9.954945594007356e-01      0.000000000000000e+00
    9.963369958955982e-01      0.000000000000000e+00
    9.971794323904608e-01      0.000000000000000e+00
    9.980218688853233e-01      0.000000000000000e+00
    9.988643053801859e-01      0.000000000000000e+00
    9.997067418750484e-01      0.000000000000000e+00
    1.000549178369911e+00      0.000000000000000e+00
    1.001391614864773e+00      0.000000000000000e+00
    1.002234051359636e+00      0.000000000000000e+00
    1.003076487854499e+00      0.000000000000000e+00
    1.003918924349361e+00      0.000000000000000e+00
    1.004761360844224e+00      0.000000000000000e+00
    1.005603797339086e+00      0.000000000000000e+00
    1.006446233833949e+00      0.000000000000000e+00
    1.007288670328811e+00      0.000000000000000e+00
    1.008131106823674e+00      0.000000000000000e+00
    1.008973543318537e+00      0.000000000000000e+00
    1.009815979813399e+00      0.000000000000000e+00
    1.010658416308261e+00      0.000000000000000e+00
    1.011500852803124e+00      0.000000000000000e+00
    1.012343289297987e+00      0.000000000000000e+00
    1.013185725792849e+00      0.000000000000000e+00
    1.014028162287712e+00      0.000000000000000e+00
    1.014870598782574e+00      0.000000000000000e+00
    1.015713035277437e+00      0.000000000000000e+00
    1.016555471772299e+00      0.000000000000000e+00
    1.017397908267162e+00      0.000000000000000e+00
    1.018240344762025e+00      0.000000000000000e+00
    1.019082781256887e+00      0.000000000000000e+00
    1.019925217751750e+00      0.000000000000000e+00
    1.020767654246612e+00      0.000000000000000e+00
    1.021610090741475e+00      0.000000000000000e+00
    1.022452527236337e+00      0.000000000000000e+00
    1.023294963731200e+00      0.000000000000000e+00
    1.024137400226062e+00      0.000000000000000e+00
    1.024979836720925e+00      0.000000000000000e+00
    1.025822273215788e+00      0.000000000000000e+00
    1.026664709710650e+00      0.000000000000000e+00
    1.027507146205513e+00      0.000000000000000e+00
    1.028349582700375e+00      0.000000000000000e+00
    1.029192019195238e+00      0.000000000000000e+00
    1.030034455690100e+00      0.000000000000000e+00
    1.030876892184963e+00      0.000000000000000e+00
    1.031719328679825e+00      0.000000000000000e+00
    1.032561765174688e+00      0.000000000000000e+00
    1.033404201669550e+00      0.000000000000000e+00
    1.034246638164413e+00      0.000000000000000e+00
    1.035089074659275e+00      0.000000000000000e+00
    1.035931511154138e+00      0.000000000000000e+00
    1.036773947649001e+00      0.000000000000000e+00
    1.037616384143863e+00      0.000000000000000e+00
    1.038458820638726e+00      0.000000000000000e+00
    1.039301257133588e+00      0.000000000000000e+00
    1.040143693628451e+00      0.000000000000000e+00
    1.040986130123313e+00      0.000000000000000e+00
    1.041828566618176e+00      0.000000000000000e+00
    1.042671003113039e+00      0.000000000000000e+00
    1.043513439607901e+00      0.000000000000000e+00
    1.044355876102764e+00      0.000000000000000e+00
    1.045198312597626e+00      0.000000000000000e+00
    1.046040749092489e+00      4.023841000652537e+01
    1.046883185587351e+00      0.000000000000000e+00
    1.047725622082214e+00      0.000000000000000e+00
    1.048568058577076e+00      0.000000000000000e+00
    1.049410495071939e+00      0.000000000000000e+00
    1.050252931566801e+00      0.000000000000000e+00
    1.051095368061664e+00      0.000000000000000e+00
    1.051937804556526e+00      0.000000000000000e+00
    1.052780241051389e+00      0.000000000000000e+00
    1.053622677546252e+00      0.000000000000000e+00
    1.054465114041114e+00      0.000000000000000e+00
    1.055307550535977e+00      0.000000000000000e+00
    1.056149987030839e+00      0.000000000000000e+00
    1.056992423525702e+00      0.000000000000000e+00
    1.057834860020564e+00      0.000000000000000e+00
    1.058677296515427e+00      0.000000000000000e+00
    1.059519733010289e+00      0.000000000000000e+00
    1.060362169505152e+00      0.000000000000000e+00
    1.061204606000015e+00      0.000000000000000e+00
    1.062047042494877e+00      0.000000000000000e+00
    1.062889478989740e+00      0.000000000000000e+00
    1.063731915484602e+00      0.000000000000000e+00
    1.064574351979465e+00      0.000000000000000e+00
    1.065416788474327e+00      0.000000000000000e+00
    1.066259224969190e+00      0.000000000000000e+00
    1.067101661464052e+00      0.000000000000000e+00
    1.067944097958915e+00      0.000000000000000e+00
    1.068786534453777e+00      0.000000000000000e+00
    1.069628970948640e+00      0.000000000000000e+00
    1.070471407443503e+00      0.000000000000000e+00
    1.071313843938365e+00      0.000000000000000e+00
    1.072156280433228e+00      0.000000000000000e+00
    1.072998716928090e+00      0.000000000000000e+00
    1.073841153422953e+00      0.000000000000000e+00
    1.074683589917815e+00      0.000000000000000e+00
    1.075526026412678e+00      0.000000000000000e+00
    1.076368462907541e+00      0.000000000000000e+00
    1.077210899402403e+00      0.000000000000000e+00
    1.078053335897266e+00      0.000000000000000e+00
    1.078895772392128e+00      0.000000000000000e+00
    1.079738208886991e+00      0.000000000000000e+00
    1.080580645381853e+00      0.000000000000000e+00
    1.081423081876716e+00      0.000000000000000e+00
    1.082265518371578e+00      0.000000000000000e+00
    1.083107954866441e+00      0.000000000000000e+00
    1.083950391361304e+00      0.000000000000000e+00
    1.084792827856166e+00      0.000000000000000e+00
    1.085635264351029e+00      0.000000000000000e+00
    1.086477700845891e+00      0.000000000000000e+00
    1.087320137340754e+00      0.000000000000000e+00
    1.088162573835616e+00      0.000000000000000e+00
    1.089005010330479e+00      0.000000000000000e+00
    1.089847446825341e+00      0.000000000000000e+00
    1.090689883320204e+00      0.000000000000000e+00
    1.091532319815066e+00      0.000000000000000e+00
    1.092374756309929e+00      0.000000000000000e+00
    1.093217192804791e+00      0.000000000000000e+00
    1.094059629299654e+00      0.000000000000000e+00
    1.094902065794517e+00      0.000000000000000e+00
    1.095744502289379e+00      0.000000000000000e+00
    1.096586938784242e+00      0.000000000000000e+00
    1.097429375279104e+00      0.000000000000000e+00
    1.098271811773967e+00      0.000000000000000e+00
    1.099114248268829e+00      0.000000000000000e+00
    1.099956684763692e+00      0.000000000000000e+00
    1.100799121258555e+00      0.000000000000000e+00
    1.101641557753417e+00      0.000000000000000e+00
    1.102483994248280e+00      0.000000000000000e+00
    1.103326430743142e+00      0.000000000000000e+00
    1.104168867238005e+00      0.000000000000000e+00
    1.105011303732867e+00      0.000000000000000e+00
    1.105853740227730e+00      0.000000000000000e+00
    1.106696176722592e+00      0.000000000000000e+00
    1.107538613217455e+00      0.000000000000000e+00
    1.108381049712317e+00      0.000000000000000e+00
    1.109223486207180e+00      0.000000000000000e+00
    1.110065922702042e+00      0.000000000000000e+00
    1.110908359196905e+00      0.000000000000000e+00
    1.111750795691768e+00      0.000000000000000e+00
    1.112593232186630e+00      0.000000000000000e+00
    1.113435668681493e+00      0.000000000000000e+00
    1.114278105176355e+00      0.000000000000000e+00
    1.115120541671218e+00      0.000000000000000e+00
    1.115962978166080e+00      0.000000000000000e+00
    1.116805414660943e+00      0.000000000000000e+00
    1.117647851155805e+00      0.000000000000000e+00
    1.118490287650668e+00      0.000000000000000e+00
    1.119332724145531e+00      0.000000000000000e+00
    1.120175160640393e+00      0.000000000000000e+00
    1.121017597135256e+00      0.000000000000000e+00
    1.121860033630118e+00      0.000000000000000e+00
    1.122702470124981e+00      0.000000000000000e+00
    1.123544906619843e+00      0.000000000000000e+00
    1.124387343114706e+00      0.000000000000000e+00
    1.125229779609568e+00      0.000000000000000e+00
    1.126072216104431e+00      0.000000000000000e+00
    1.126914652599293e+00      0.000000000000000e+00
    1.127757089094156e+00      0.000000000000000e+00
    1.128599525589019e+00      0.000000000000000e+00
    1.129441962083881e+00      0.000000000000000e+00
    1.130284398578744e+00      0.000000000000000e+00
    1.131126835073606e+00      0.000000000000000e+00
    1.131969271568469e+00      0.000000000000000e+00
    1.132811708063331e+00      0.000000000000000e+00
    1.133654144558194e+00      0.000000000000000e+00
    1.134496581053057e+00      0.000000000000000e+00
    1.135339017547919e+00      0.000000000000000e+00
    1.136181454042782e+00      0.000000000000000e+00
    1.137023890537644e+00      0.000000000000000e+00
    1.137866327032507e+00      0.000000000000000e+00
    1.138708763527369e+00      0.000000000000000e+00
    1.139551200022232e+00      0.000000000000000e+00
    1.140393636517094e+00      0.000000000000000e+00
    1.141236073011957e+00      0.000000000000000e+00
    1.142078509506820e+00      0.000000000000000e+00
    1.142920946001682e+00      0.000000000000000e+00
    1.143763382496545e+00      0.000000000000000e+00
    1.144605818991407e+00      0.000000000000000e+00
    1.145448255486269e+00      0.000000000000000e+00
    1.146290691981132e+00      0.000000000000000e+00
    1.147133128475995e+00      0.000000000000000e+00
    1.147975564970857e+00      0.000000000000000e+00
    1.148818001465720e+00      0.000000000000000e+00
    1.149660437960582e+00      0.000000000000000e+00
    1.150502874455445e+00      0.000000000000000e+00
    1.151345310950307e+00      0.000000000000000e+00
    1.152187747445170e+00      0.000000000000000e+00
    1.153030183940033e+00      0.000000000000000e+00
    1.153872620434895e+00      0.000000000000000e+00
    1.154715056929758e+00      0.000000000000000e+00
    1.155557493424620e+00      0.000000000000000e+00
    1.156399929919483e+00      0.000000000000000e+00
    1.157242366414345e+00      0.000000000000000e+00
    1.158084802909208e+00      0.000000000000000e+00
    1.158927239404070e+00      0.000000000000000e+00
    1.159769675898933e+00      0.000000000000000e+00
    1.160612112393796e+00      0.000000000000000e+00
    1.161454548888658e+00      0.000000000000000e+00
    1.162296985383521e+00      0.000000000000000e+00
    1.163139421878383e+00      0.000000000000000e+00
    1.163981858373246e+00      0.000000000000000e+00
    1.164824294868108e+00      0.000000000000000e+00
    1.165666731362971e+00      0.000000000000000e+00
    1.166509167857833e+00      0.000000000000000e+00
    1.167351604352696e+00      0.000000000000000e+00
    1.168194040847558e+00      0.000000000000000e+00
    1.169036477342421e+00      0.000000000000000e+00
    1.169878913837284e+00      0.000000000000000e+00
    1.170721350332146e+00      0.000000000000000e+00
    1.171563786827009e+00      0.000000000000000e+00
    1.172406223321871e+00      2.011920500326799e+01
