                     bin:                     prob.:
    4.733412711697321e+01      5.831966466192848e-02
    4.762475211697321e+01      0.000000000000000e+00
    4.791537711697321e+01      0.000000000000000e+00
    4.820600211697322e+01      0.000000000000000e+00
    4.849662711697322e+01      0.000000000000000e+00
    4.878725211697321e+01      0.000000000000000e+00
    4.907787711697321e+01      0.000000000000000e+00
    4.936850211697321e+01      0.000000000000000e+00
    4.965912711697322e+01      0.000000000000000e+00
    4.994975211697322e+01      0.000000000000000e+00
    5.024037711697321e+01      0.000000000000000e+00
    5.053100211697321e+01      0.000000000000000e+00
    5.082162711697321e+01      0.000000000000000e+00
    5.111225211697322e+01      0.000000000000000e+00
    5.140287711697322e+01      0.000000000000000e+00
    5.169350211697321e+01      0.000000000000000e+00
    5.198412711697321e+01      0.000000000000000e+00
    5.227475211697322e+01      0.000000000000000e+00
    5.256537711697322e+01      0.000000000000000e+00
    5.285600211697322e+01      0.000000000000000e+00
    5.314662711697321e+01      0.000000000000000e+00
    5.343725211697321e+01      0.000000000000000e+00
    5.372787711697322e+01      0.000000000000000e+00
    5.401850211697322e+01      0.000000000000000e+00
    5.430912711697322e+01      0.000000000000000e+00
    5.459975211697321e+01      1.166393293238570e-01
    5.489037711697321e+01      0.000000000000000e+00
    5.518100211697322e+01      0.000000000000000e+00
    5.547162711697322e+01      0.000000000000000e+00
    5.576225211697322e+01      0.000000000000000e+00
    5.605287711697321e+01      0.000000000000000e+00
    5.634350211697321e+01      0.000000000000000e+00
    5.663412711697322e+01      0.000000000000000e+00
    5.692475211697322e+01      0.000000000000000e+00
    5.721537711697322e+01      0.000000000000000e+00
    5.750600211697321e+01      0.000000000000000e+00
    5.779662711697321e+01      0.000000000000000e+00
    5.808725211697322e+01      0.000000000000000e+00
    5.837787711697322e+01      0.000000000000000e+00
    5.866850211697322e+01      0.000000000000000e+00
    5.895912711697321e+01      0.000000000000000e+00
    5.924975211697321e+01      0.000000000000000e+00
    5.954037711697322e+01      0.000000000000000e+00
    5.983100211697322e+01      0.000000000000000e+00
    6.012162711697322e+01      0.000000000000000e+00
    6.041225211697321e+01      0.000000000000000e+00
    6.070287711697321e+01      0.000000000000000e+00
    6.099350211697322e+01      0.000000000000000e+00
    6.128412711697322e+01      0.000000000000000e+00
    6.157475211697322e+01      0.000000000000000e+00
    6.186537711697321e+01      5.831966466192848e-02
    6.215600211697321e+01      0.000000000000000e+00
    6.244662711697322e+01      0.000000000000000e+00
    6.273725211697322e+01      0.000000000000000e+00
    6.302787711697322e+01      0.000000000000000e+00
    6.331850211697321e+01      0.000000000000000e+00
    6.360912711697321e+01      0.000000000000000e+00
    6.389975211697322e+01      0.000000000000000e+00
    6.419037711697322e+01      0.000000000000000e+00
    6.448100211697322e+01      0.000000000000000e+00
    6.477162711697321e+01      0.000000000000000e+00
    6.506225211697321e+01      0.000000000000000e+00
    6.535287711697322e+01      0.000000000000000e+00
    6.564350211697322e+01      0.000000000000000e+00
    6.593412711697322e+01      0.000000000000000e+00
    6.622475211697321e+01      0.000000000000000e+00
    6.651537711697321e+01      0.000000000000000e+00
    6.680600211697322e+01      0.000000000000000e+00
    6.709662711697322e+01      0.000000000000000e+00
    6.738725211697322e+01      0.000000000000000e+00
    6.767787711697321e+01      0.000000000000000e+00
    6.796850211697321e+01      0.000000000000000e+00
    6.825912711697322e+01      0.000000000000000e+00
    6.854975211697322e+01      0.000000000000000e+00
    6.884037711697322e+01      0.000000000000000e+00
    6.913100211697321e+01      1.166393293238541e-01
    6.942162711697321e+01      0.000000000000000e+00
    6.971225211697322e+01      0.000000000000000e+00
    7.000287711697322e+01      0.000000000000000e+00
    7.029350211697322e+01      0.000000000000000e+00
    7.058412711697321e+01      0.000000000000000e+00
    7.087475211697321e+01      0.000000000000000e+00
    7.116537711697322e+01      0.000000000000000e+00
    7.145600211697322e+01      0.000000000000000e+00
    7.174662711697322e+01      0.000000000000000e+00
    7.203725211697322e+01      0.000000000000000e+00
    7.232787711697321e+01      0.000000000000000e+00
    7.261850211697322e+01      0.000000000000000e+00
    7.290912711697322e+01      0.000000000000000e+00
    7.319975211697322e+01      0.000000000000000e+00
    7.349037711697322e+01      0.000000000000000e+00
    7.378100211697321e+01      0.000000000000000e+00
    7.407162711697322e+01      0.000000000000000e+00
    7.436225211697322e+01      0.000000000000000e+00
    7.465287711697322e+01      0.000000000000000e+00
    7.494350211697322e+01      0.000000000000000e+00
    7.523412711697321e+01      0.000000000000000e+00
    7.552475211697322e+01      0.000000000000000e+00
    7.581537711697322e+01      0.000000000000000e+00
    7.610600211697322e+01      0.000000000000000e+00
    7.639662711697322e+01      5.831966466192990e-02
    7.668725211697321e+01      0.000000000000000e+00
    7.697787711697322e+01      0.000000000000000e+00
    7.726850211697322e+01      0.000000000000000e+00
    7.755912711697322e+01      0.000000000000000e+00
    7.784975211697322e+01      0.000000000000000e+00
    7.814037711697321e+01      0.000000000000000e+00
    7.843100211697322e+01      0.000000000000000e+00
    7.872162711697322e+01      0.000000000000000e+00
    7.901225211697322e+01      0.000000000000000e+00
    7.930287711697322e+01      0.000000000000000e+00
    7.959350211697321e+01      0.000000000000000e+00
    7.988412711697322e+01      0.000000000000000e+00
    8.017475211697322e+01      0.000000000000000e+00
    8.046537711697322e+01      0.000000000000000e+00
    8.075600211697321e+01      0.000000000000000e+00
    8.104662711697321e+01      0.000000000000000e+00
    8.133725211697322e+01      0.000000000000000e+00
    8.162787711697322e+01      0.000000000000000e+00
    8.191850211697322e+01      0.000000000000000e+00
    8.220912711697321e+01      0.000000000000000e+00
    8.249975211697321e+01      0.000000000000000e+00
    8.279037711697322e+01      0.000000000000000e+00
    8.308100211697322e+01      0.000000000000000e+00
    8.337162711697322e+01      0.000000000000000e+00
    8.366225211697321e+01      0.000000000000000e+00
    8.395287711697321e+01      1.166393293238541e-01
    8.424350211697322e+01      0.000000000000000e+00
    8.453412711697322e+01      0.000000000000000e+00
    8.482475211697322e+01      0.000000000000000e+00
    8.511537711697321e+01      0.000000000000000e+00
    8.540600211697321e+01      0.000000000000000e+00
    8.569662711697322e+01      0.000000000000000e+00
    8.598725211697322e+01      0.000000000000000e+00
    8.627787711697322e+01      0.000000000000000e+00
    8.656850211697321e+01      0.000000000000000e+00
    8.685912711697321e+01      0.000000000000000e+00
    8.714975211697322e+01      0.000000000000000e+00
    8.744037711697322e+01      0.000000000000000e+00
    8.773100211697322e+01      0.000000000000000e+00
    8.802162711697321e+01      0.000000000000000e+00
    8.831225211697321e+01      0.000000000000000e+00
    8.860287711697322e+01      0.000000000000000e+00
    8.889350211697322e+01      0.000000000000000e+00
    8.918412711697322e+01      0.000000000000000e+00
    8.947475211697321e+01      0.000000000000000e+00
    8.976537711697321e+01      0.000000000000000e+00
    9.005600211697322e+01      0.000000000000000e+00
    9.034662711697322e+01      0.000000000000000e+00
    9.063725211697322e+01      0.000000000000000e+00
    9.092787711697321e+01      0.000000000000000e+00
    9.121850211697321e+01      5.831966466192705e-02
    9.150912711697322e+01      0.000000000000000e+00
    9.179975211697322e+01      0.000000000000000e+00
    9.209037711697322e+01      0.000000000000000e+00
    9.238100211697321e+01      0.000000000000000e+00
    9.267162711697321e+01      0.000000000000000e+00
    9.296225211697322e+01      0.000000000000000e+00
    9.325287711697322e+01      0.000000000000000e+00
    9.354350211697322e+01      0.000000000000000e+00
    9.383412711697321e+01      0.000000000000000e+00
    9.412475211697321e+01      0.000000000000000e+00
    9.441537711697322e+01      0.000000000000000e+00
    9.470600211697322e+01      0.000000000000000e+00
    9.499662711697322e+01      0.000000000000000e+00
    9.528725211697322e+01      0.000000000000000e+00
    9.557787711697321e+01      0.000000000000000e+00
    9.586850211697322e+01      0.000000000000000e+00
    9.615912711697322e+01      0.000000000000000e+00
    9.644975211697322e+01      0.000000000000000e+00
    9.674037711697322e+01      0.000000000000000e+00
    9.703100211697321e+01      0.000000000000000e+00
    9.732162711697322e+01      0.000000000000000e+00
    9.761225211697322e+01      0.000000000000000e+00
    9.790287711697322e+01      0.000000000000000e+00
    9.819350211697322e+01      0.000000000000000e+00
    9.848412711697321e+01      1.166393293238541e-01
    9.877475211697322e+01      0.000000000000000e+00
    9.906537711697322e+01      0.000000000000000e+00
    9.935600211697322e+01      0.000000000000000e+00
    9.964662711697322e+01      0.000000000000000e+00
    9.993725211697321e+01      0.000000000000000e+00
    1.002278771169732e+02      0.000000000000000e+00
    1.005185021169732e+02      0.000000000000000e+00
    1.008091271169732e+02      0.000000000000000e+00
    1.010997521169732e+02      0.000000000000000e+00
    1.013903771169732e+02      0.000000000000000e+00
    1.016810021169732e+02      0.000000000000000e+00
    1.019716271169732e+02      0.000000000000000e+00
    1.022622521169732e+02      0.000000000000000e+00
    1.025528771169732e+02      0.000000000000000e+00
    1.028435021169732e+02      0.000000000000000e+00
    1.031341271169732e+02      0.000000000000000e+00
    1.034247521169732e+02      0.000000000000000e+00
    1.037153771169732e+02      0.000000000000000e+00
    1.040060021169732e+02      0.000000000000000e+00
    1.042966271169732e+02      0.000000000000000e+00
    1.045872521169732e+02      0.000000000000000e+00
    1.048778771169732e+02      0.000000000000000e+00
    1.051685021169732e+02      0.000000000000000e+00
    1.054591271169732e+02      0.000000000000000e+00
    1.057497521169732e+02      5.831966466192705e-02
    1.060403771169732e+02      0.000000000000000e+00
    1.063310021169732e+02      0.000000000000000e+00
    1.066216271169732e+02      0.000000000000000e+00
    1.069122521169732e+02      0.000000000000000e+00
    1.072028771169732e+02      0.000000000000000e+00
    1.074935021169732e+02      0.000000000000000e+00
    1.077841271169732e+02      0.000000000000000e+00
    1.080747521169732e+02      0.000000000000000e+00
    1.083653771169732e+02      0.000000000000000e+00
    1.086560021169732e+02      0.000000000000000e+00
    1.089466271169732e+02      0.000000000000000e+00
    1.092372521169732e+02      0.000000000000000e+00
    1.095278771169732e+02      0.000000000000000e+00
    1.098185021169732e+02      0.000000000000000e+00
    1.101091271169732e+02      0.000000000000000e+00
    1.103997521169732e+02      0.000000000000000e+00
    1.106903771169732e+02      0.000000000000000e+00
    1.109810021169732e+02      0.000000000000000e+00
    1.112716271169732e+02      0.000000000000000e+00
    1.115622521169732e+02      0.000000000000000e+00
    1.118528771169732e+02      0.000000000000000e+00
    1.121435021169732e+02      0.000000000000000e+00
    1.124341271169732e+02      0.000000000000000e+00
    1.127247521169732e+02      0.000000000000000e+00
    1.130153771169732e+02      0.000000000000000e+00
    1.133060021169732e+02      1.166393293238541e-01
    1.135966271169732e+02      0.000000000000000e+00
    1.138872521169732e+02      0.000000000000000e+00
    1.141778771169732e+02      0.000000000000000e+00
    1.144685021169732e+02      0.000000000000000e+00
    1.147591271169732e+02      0.000000000000000e+00
    1.150497521169732e+02      0.000000000000000e+00
    1.153403771169732e+02      0.000000000000000e+00
    1.156310021169732e+02      0.000000000000000e+00
    1.159216271169732e+02      0.000000000000000e+00
    1.162122521169732e+02      0.000000000000000e+00
    1.165028771169732e+02      0.000000000000000e+00
    1.167935021169732e+02      0.000000000000000e+00
    1.170841271169732e+02      0.000000000000000e+00
    1.173747521169732e+02      0.000000000000000e+00
    1.176653771169732e+02      0.000000000000000e+00
    1.179560021169732e+02      0.000000000000000e+00
    1.182466271169732e+02      0.000000000000000e+00
    1.185372521169732e+02      0.000000000000000e+00
    1.188278771169732e+02      0.000000000000000e+00
    1.191185021169732e+02      0.000000000000000e+00
    1.194091271169732e+02      0.000000000000000e+00
    1.196997521169732e+02      0.000000000000000e+00
    1.199903771169732e+02      0.000000000000000e+00
    1.202810021169732e+02      0.000000000000000e+00
    1.205716271169732e+02      5.831966466192705e-02
    1.208622521169732e+02      0.000000000000000e+00
    1.211528771169732e+02      0.000000000000000e+00
    1.214435021169732e+02      0.000000000000000e+00
    1.217341271169732e+02      0.000000000000000e+00
    1.220247521169732e+02      0.000000000000000e+00
    1.223153771169732e+02      0.000000000000000e+00
    1.226060021169732e+02      0.000000000000000e+00
    1.228966271169732e+02      0.000000000000000e+00
    1.231872521169732e+02      0.000000000000000e+00
    1.234778771169732e+02      0.000000000000000e+00
    1.237685021169732e+02      0.000000000000000e+00
    1.240591271169732e+02      0.000000000000000e+00
    1.243497521169732e+02      0.000000000000000e+00
    1.246403771169732e+02      0.000000000000000e+00
    1.249310021169732e+02      0.000000000000000e+00
    1.252216271169732e+02      0.000000000000000e+00
    1.255122521169732e+02      0.000000000000000e+00
    1.258028771169732e+02      0.000000000000000e+00
    1.260935021169732e+02      0.000000000000000e+00
    1.263841271169732e+02      0.000000000000000e+00
    1.266747521169732e+02      0.000000000000000e+00
    1.269653771169732e+02      0.000000000000000e+00
    1.272560021169732e+02      0.000000000000000e+00
    1.275466271169732e+02      0.000000000000000e+00
    1.278372521169732e+02      1.166393293238541e-01
    1.281278771169732e+02      0.000000000000000e+00
    1.284185021169732e+02      0.000000000000000e+00
    1.287091271169732e+02      0.000000000000000e+00
    1.289997521169732e+02      0.000000000000000e+00
    1.292903771169732e+02      0.000000000000000e+00
    1.295810021169732e+02      0.000000000000000e+00
    1.298716271169732e+02      0.000000000000000e+00
    1.301622521169732e+02      0.000000000000000e+00
    1.304528771169732e+02      0.000000000000000e+00
    1.307435021169732e+02      0.000000000000000e+00
    1.310341271169732e+02      0.000000000000000e+00
    1.313247521169732e+02      0.000000000000000e+00
    1.316153771169732e+02      0.000000000000000e+00
    1.319060021169732e+02      0.000000000000000e+00
    1.321966271169732e+02      0.000000000000000e+00
    1.324872521169732e+02      0.000000000000000e+00
    1.327778771169732e+02      0.000000000000000e+00
    1.330685021169732e+02      0.000000000000000e+00
    1.333591271169732e+02      0.000000000000000e+00
    1.336497521169732e+02      0.000000000000000e+00
    1.339403771169732e+02      0.000000000000000e+00
    1.342310021169732e+02      0.000000000000000e+00
    1.345216271169732e+02      0.000000000000000e+00
    1.348122521169732e+02      0.000000000000000e+00
    1.351028771169732e+02      0.000000000000000e+00
    1.353935021169732e+02      0.000000000000000e+00
    1.356841271169732e+02      0.000000000000000e+00
    1.359747521169732e+02      0.000000000000000e+00
    1.362653771169732e+02      0.000000000000000e+00
    1.365560021169732e+02      0.000000000000000e+00
    1.368466271169732e+02      0.000000000000000e+00
    1.371372521169732e+02      0.000000000000000e+00
    1.374278771169732e+02      0.000000000000000e+00
    1.377185021169732e+02      0.000000000000000e+00
    1.380091271169732e+02      0.000000000000000e+00
    1.382997521169732e+02      0.000000000000000e+00
    1.385903771169732e+02      0.000000000000000e+00
    1.388810021169732e+02      0.000000000000000e+00
    1.391716271169732e+02      0.000000000000000e+00
    1.394622521169732e+02      0.000000000000000e+00
    1.397528771169732e+02      0.000000000000000e+00
    1.400435021169732e+02      0.000000000000000e+00
    1.403341271169732e+02      0.000000000000000e+00
    1.406247521169732e+02      0.000000000000000e+00
    1.409153771169732e+02      0.000000000000000e+00
    1.412060021169732e+02      0.000000000000000e+00
    1.414966271169732e+02      0.000000000000000e+00
    1.417872521169732e+02      0.000000000000000e+00
    1.420778771169732e+02      0.000000000000000e+00
    1.423685021169732e+02      0.000000000000000e+00
    1.426591271169732e+02      5.831966466192705e-02
    1.429497521169732e+02      0.000000000000000e+00
    1.432403771169732e+02      0.000000000000000e+00
    1.435310021169732e+02      0.000000000000000e+00
    1.438216271169732e+02      0.000000000000000e+00
    1.441122521169732e+02      0.000000000000000e+00
    1.444028771169732e+02      0.000000000000000e+00
    1.446935021169732e+02      0.000000000000000e+00
    1.449841271169732e+02      0.000000000000000e+00
    1.452747521169732e+02      0.000000000000000e+00
    1.455653771169732e+02      0.000000000000000e+00
    1.458560021169732e+02      0.000000000000000e+00
    1.461466271169732e+02      0.000000000000000e+00
    1.464372521169732e+02      0.000000000000000e+00
    1.467278771169732e+02      0.000000000000000e+00
    1.470185021169732e+02      0.000000000000000e+00
    1.473091271169732e+02      0.000000000000000e+00
    1.475997521169732e+02      0.000000000000000e+00
    1.478903771169732e+02      0.000000000000000e+00
    1.481810021169732e+02      0.000000000000000e+00
    1.484716271169732e+02      0.000000000000000e+00
    1.487622521169732e+02      0.000000000000000e+00
    1.490528771169732e+02      0.000000000000000e+00
    1.493435021169732e+02      0.000000000000000e+00
    1.496341271169732e+02      0.000000000000000e+00
    1.499247521169732e+02      0.000000000000000e+00
    1.502153771169732e+02      0.000000000000000e+00
    1.505060021169732e+02      0.000000000000000e+00
    1.507966271169732e+02      0.000000000000000e+00
    1.510872521169732e+02      0.000000000000000e+00
    1.513778771169732e+02      0.000000000000000e+00
    1.516685021169732e+02      0.000000000000000e+00
    1.519591271169732e+02      0.000000000000000e+00
    1.522497521169732e+02      0.000000000000000e+00
    1.525403771169732e+02      0.000000000000000e+00
    1.528310021169732e+02      0.000000000000000e+00
    1.531216271169732e+02      0.000000000000000e+00
    1.534122521169732e+02      0.000000000000000e+00
    1.537028771169732e+02      0.000000000000000e+00
    1.539935021169732e+02      0.000000000000000e+00
    1.542841271169732e+02      0.000000000000000e+00
    1.545747521169732e+02      0.000000000000000e+00
    1.548653771169732e+02      0.000000000000000e+00
    1.551560021169732e+02      0.000000000000000e+00
    1.554466271169732e+02      0.000000000000000e+00
    1.557372521169732e+02      0.000000000000000e+00
    1.560278771169732e+02      0.000000000000000e+00
    1.563185021169732e+02      0.000000000000000e+00
    1.566091271169732e+02      0.000000000000000e+00
    1.568997521169732e+02      0.000000000000000e+00
    1.571903771169732e+02      0.000000000000000e+00
    1.574810021169732e+02      0.000000000000000e+00
    1.577716271169732e+02      0.000000000000000e+00
    1.580622521169732e+02      0.000000000000000e+00
    1.583528771169732e+02      0.000000000000000e+00
    1.586435021169732e+02      0.000000000000000e+00
    1.589341271169732e+02      0.000000000000000e+00
    1.592247521169732e+02      0.000000000000000e+00
    1.595153771169732e+02      0.000000000000000e+00
    1.598060021169732e+02      0.000000000000000e+00
    1.600966271169732e+02      0.000000000000000e+00
    1.603872521169732e+02      0.000000000000000e+00
    1.606778771169732e+02      0.000000000000000e+00
    1.609685021169732e+02      0.000000000000000e+00
    1.612591271169732e+02      0.000000000000000e+00
    1.615497521169732e+02      0.000000000000000e+00
    1.618403771169732e+02      0.000000000000000e+00
    1.621310021169732e+02      0.000000000000000e+00
    1.624216271169732e+02      0.000000000000000e+00
    1.627122521169732e+02      0.000000000000000e+00
    1.630028771169732e+02      0.000000000000000e+00
    1.632935021169732e+02      5.831966466192705e-02
    1.635841271169732e+02      0.000000000000000e+00
    1.638747521169732e+02      0.000000000000000e+00
    1.641653771169732e+02      0.000000000000000e+00
    1.644560021169732e+02      0.000000000000000e+00
    1.647466271169732e+02      0.000000000000000e+00
    1.650372521169732e+02      0.000000000000000e+00
    1.653278771169732e+02      0.000000000000000e+00
    1.656185021169732e+02      0.000000000000000e+00
    1.659091271169732e+02      0.000000000000000e+00
    1.661997521169732e+02      0.000000000000000e+00
    1.664903771169732e+02      0.000000000000000e+00
    1.667810021169732e+02      0.000000000000000e+00
    1.670716271169732e+02      0.000000000000000e+00
    1.673622521169732e+02      0.000000000000000e+00
    1.676528771169732e+02      0.000000000000000e+00
    1.679435021169732e+02      0.000000000000000e+00
    1.682341271169732e+02      0.000000000000000e+00
    1.685247521169732e+02      0.000000000000000e+00
    1.688153771169732e+02      0.000000000000000e+00
    1.691060021169732e+02      1.166393293238541e-01
    1.693966271169732e+02      0.000000000000000e+00
    1.696872521169732e+02      0.000000000000000e+00
    1.699778771169732e+02      0.000000000000000e+00
    1.702685021169732e+02      0.000000000000000e+00
    1.705591271169732e+02      0.000000000000000e+00
    1.708497521169732e+02      0.000000000000000e+00
    1.711403771169732e+02      0.000000000000000e+00
    1.714310021169732e+02      0.000000000000000e+00
    1.717216271169732e+02      0.000000000000000e+00
    1.720122521169732e+02      0.000000000000000e+00
    1.723028771169732e+02      0.000000000000000e+00
    1.725935021169732e+02      0.000000000000000e+00
    1.728841271169732e+02      0.000000000000000e+00
    1.731747521169732e+02      0.000000000000000e+00
    1.734653771169732e+02      0.000000000000000e+00
    1.737560021169732e+02      0.000000000000000e+00
    1.740466271169732e+02      0.000000000000000e+00
    1.743372521169732e+02      0.000000000000000e+00
    1.746278771169732e+02      0.000000000000000e+00
    1.749185021169732e+02      0.000000000000000e+00
    1.752091271169732e+02      5.831966466193276e-02
    1.754997521169732e+02      0.000000000000000e+00
    1.757903771169732e+02      0.000000000000000e+00
    1.760810021169732e+02      0.000000000000000e+00
    1.763716271169732e+02      0.000000000000000e+00
    1.766622521169732e+02      0.000000000000000e+00
    1.769528771169732e+02      0.000000000000000e+00
    1.772435021169732e+02      0.000000000000000e+00
    1.775341271169732e+02      0.000000000000000e+00
    1.778247521169732e+02      0.000000000000000e+00
    1.781153771169732e+02      0.000000000000000e+00
    1.784060021169732e+02      0.000000000000000e+00
    1.786966271169732e+02      0.000000000000000e+00
    1.789872521169732e+02      0.000000000000000e+00
    1.792778771169732e+02      0.000000000000000e+00
    1.795685021169732e+02      0.000000000000000e+00
    1.798591271169732e+02      0.000000000000000e+00
    1.801497521169732e+02      0.000000000000000e+00
    1.804403771169732e+02      0.000000000000000e+00
    1.807310021169732e+02      0.000000000000000e+00
    1.810216271169732e+02      0.000000000000000e+00
    1.813122521169732e+02      4.082376526334893e-01
    1.816028771169732e+02      0.000000000000000e+00
    1.818935021169732e+02      0.000000000000000e+00
    1.821841271169732e+02      0.000000000000000e+00
    1.824747521169732e+02      0.000000000000000e+00
    1.827653771169732e+02      0.000000000000000e+00
    1.830560021169732e+02      0.000000000000000e+00
    1.833466271169732e+02      0.000000000000000e+00
    1.836372521169732e+02      0.000000000000000e+00
    1.839278771169732e+02      0.000000000000000e+00
    1.842185021169732e+02      0.000000000000000e+00
    1.845091271169732e+02      0.000000000000000e+00
    1.847997521169732e+02      0.000000000000000e+00
    1.850903771169732e+02      0.000000000000000e+00
    1.853810021169732e+02      0.000000000000000e+00
    1.856716271169732e+02      0.000000000000000e+00
    1.859622521169732e+02      0.000000000000000e+00
    1.862528771169732e+02      0.000000000000000e+00
    1.865435021169732e+02      0.000000000000000e+00
    1.868341271169732e+02      0.000000000000000e+00
    1.871247521169732e+02      0.000000000000000e+00
    1.874153771169732e+02      5.831966466192705e-02
    1.877060021169732e+02      0.000000000000000e+00
    1.879966271169732e+02      0.000000000000000e+00
    1.882872521169732e+02      0.000000000000000e+00
    1.885778771169732e+02      0.000000000000000e+00
    1.888685021169732e+02      0.000000000000000e+00
    1.891591271169732e+02      0.000000000000000e+00
    1.894497521169732e+02      0.000000000000000e+00
    1.897403771169732e+02      0.000000000000000e+00
    1.900310021169732e+02      0.000000000000000e+00
    1.903216271169732e+02      0.000000000000000e+00
    1.906122521169732e+02      0.000000000000000e+00
    1.909028771169732e+02      0.000000000000000e+00
    1.911935021169732e+02      0.000000000000000e+00
    1.914841271169732e+02      0.000000000000000e+00
    1.917747521169732e+02      0.000000000000000e+00
    1.920653771169732e+02      0.000000000000000e+00
    1.923560021169732e+02      0.000000000000000e+00
    1.926466271169732e+02      0.000000000000000e+00
    1.929372521169732e+02      0.000000000000000e+00
    1.932278771169732e+02      1.166393293238541e-01
    1.935185021169732e+02      0.000000000000000e+00
    1.938091271169732e+02      0.000000000000000e+00
    1.940997521169732e+02      0.000000000000000e+00
    1.943903771169732e+02      0.000000000000000e+00
    1.946810021169732e+02      0.000000000000000e+00
    1.949716271169732e+02      0.000000000000000e+00
    1.952622521169732e+02      0.000000000000000e+00
    1.955528771169732e+02      0.000000000000000e+00
    1.958435021169732e+02      0.000000000000000e+00
    1.961341271169732e+02      0.000000000000000e+00
    1.964247521169732e+02      0.000000000000000e+00
    1.967153771169732e+02      0.000000000000000e+00
    1.970060021169732e+02      0.000000000000000e+00
    1.972966271169732e+02      0.000000000000000e+00
    1.975872521169732e+02      0.000000000000000e+00
    1.978778771169732e+02      0.000000000000000e+00
    1.981685021169732e+02      0.000000000000000e+00
    1.984591271169732e+02      0.000000000000000e+00
    1.987497521169732e+02      0.000000000000000e+00
    1.990403771169732e+02      0.000000000000000e+00
    1.993310021169732e+02      5.831966466192705e-02
    1.996216271169732e+02      0.000000000000000e+00
    1.999122521169732e+02      0.000000000000000e+00
    2.002028771169732e+02      0.000000000000000e+00
    2.004935021169732e+02      0.000000000000000e+00
    2.007841271169732e+02      0.000000000000000e+00
    2.010747521169732e+02      0.000000000000000e+00
    2.013653771169732e+02      0.000000000000000e+00
    2.016560021169732e+02      0.000000000000000e+00
    2.019466271169732e+02      0.000000000000000e+00
    2.022372521169732e+02      0.000000000000000e+00
    2.025278771169732e+02      0.000000000000000e+00
    2.028185021169732e+02      0.000000000000000e+00
    2.031091271169732e+02      0.000000000000000e+00
    2.033997521169732e+02      0.000000000000000e+00
    2.036903771169732e+02      0.000000000000000e+00
    2.039810021169732e+02      0.000000000000000e+00
    2.042716271169732e+02      0.000000000000000e+00
    2.045622521169732e+02      0.000000000000000e+00
    2.048528771169732e+02      0.000000000000000e+00
    2.051435021169732e+02      0.000000000000000e+00
    2.054341271169732e+02      5.831966466193276e-02
    2.057247521169732e+02      0.000000000000000e+00
    2.060153771169732e+02      0.000000000000000e+00
    2.063060021169732e+02      0.000000000000000e+00
    2.065966271169732e+02      0.000000000000000e+00
    2.068872521169732e+02      0.000000000000000e+00
    2.071778771169732e+02      0.000000000000000e+00
    2.074685021169732e+02      0.000000000000000e+00
    2.077591271169732e+02      0.000000000000000e+00
    2.080497521169732e+02      0.000000000000000e+00
    2.083403771169732e+02      5.831966466193276e-02
    2.086310021169732e+02      0.000000000000000e+00
    2.089216271169732e+02      0.000000000000000e+00
    2.092122521169732e+02      0.000000000000000e+00
    2.095028771169732e+02      0.000000000000000e+00
    2.097935021169732e+02      0.000000000000000e+00
    2.100841271169732e+02      0.000000000000000e+00
    2.103747521169732e+02      0.000000000000000e+00
    2.106653771169732e+02      0.000000000000000e+00
    2.109560021169732e+02      0.000000000000000e+00
    2.112466271169732e+02      1.166393293238655e-01
    2.115372521169732e+02      0.000000000000000e+00
    2.118278771169732e+02      0.000000000000000e+00
    2.121185021169732e+02      0.000000000000000e+00
    2.124091271169732e+02      0.000000000000000e+00
    2.126997521169732e+02      0.000000000000000e+00
    2.129903771169732e+02      0.000000000000000e+00
    2.132810021169732e+02      0.000000000000000e+00
    2.135716271169732e+02      0.000000000000000e+00
    2.138622521169732e+02      0.000000000000000e+00
    2.141528771169732e+02      0.000000000000000e+00
    2.144435021169732e+02      5.831966466192705e-02
    2.147341271169732e+02      0.000000000000000e+00
    2.150247521169732e+02      0.000000000000000e+00
    2.153153771169732e+02      0.000000000000000e+00
    2.156060021169732e+02      0.000000000000000e+00
    2.158966271169732e+02      0.000000000000000e+00
    2.161872521169732e+02      0.000000000000000e+00
    2.164778771169732e+02      0.000000000000000e+00
    2.167685021169732e+02      0.000000000000000e+00
    2.170591271169732e+02      0.000000000000000e+00
    2.173497521169732e+02      1.166393293238541e-01
    2.176403771169732e+02      0.000000000000000e+00
    2.179310021169732e+02      0.000000000000000e+00
    2.182216271169732e+02      0.000000000000000e+00
    2.185122521169732e+02      0.000000000000000e+00
    2.188028771169732e+02      0.000000000000000e+00
    2.190935021169732e+02      0.000000000000000e+00
    2.193841271169732e+02      0.000000000000000e+00
    2.196747521169732e+02      0.000000000000000e+00
    2.199653771169732e+02      0.000000000000000e+00
    2.202560021169732e+02      0.000000000000000e+00
    2.205466271169732e+02      0.000000000000000e+00
    2.208372521169732e+02      0.000000000000000e+00
    2.211278771169732e+02      0.000000000000000e+00
    2.214185021169732e+02      0.000000000000000e+00
    2.217091271169732e+02      0.000000000000000e+00
    2.219997521169732e+02      0.000000000000000e+00
    2.222903771169732e+02      0.000000000000000e+00
    2.225810021169732e+02      0.000000000000000e+00
    2.228716271169732e+02      0.000000000000000e+00
    2.231622521169732e+02      0.000000000000000e+00
    2.234528771169732e+02      5.831966466192705e-02
    2.237435021169732e+02      0.000000000000000e+00
    2.240341271169732e+02      0.000000000000000e+00
    2.243247521169732e+02      0.000000000000000e+00
    2.246153771169732e+02      0.000000000000000e+00
    2.249060021169732e+02      0.000000000000000e+00
    2.251966271169732e+02      0.000000000000000e+00
    2.254872521169732e+02      0.000000000000000e+00
    2.257778771169732e+02      0.000000000000000e+00
    2.260685021169732e+02      0.000000000000000e+00
    2.263591271169732e+02      0.000000000000000e+00
    2.266497521169732e+02      0.000000000000000e+00
    2.269403771169732e+02      0.000000000000000e+00
    2.272310021169732e+02      0.000000000000000e+00
    2.275216271169732e+02      0.000000000000000e+00
    2.278122521169732e+02      0.000000000000000e+00
    2.281028771169732e+02      0.000000000000000e+00
    2.283935021169732e+02      0.000000000000000e+00
    2.286841271169732e+02      0.000000000000000e+00
    2.289747521169732e+02      0.000000000000000e+00
    2.292653771169732e+02      0.000000000000000e+00
    2.295560021169732e+02      1.166393293238541e-01
    2.298466271169732e+02      0.000000000000000e+00
    2.301372521169732e+02      0.000000000000000e+00
    2.304278771169732e+02      0.000000000000000e+00
    2.307185021169732e+02      0.000000000000000e+00
    2.310091271169732e+02      0.000000000000000e+00
    2.312997521169732e+02      0.000000000000000e+00
    2.315903771169732e+02      0.000000000000000e+00
    2.318810021169732e+02      0.000000000000000e+00
    2.321716271169732e+02      0.000000000000000e+00
    2.324622521169732e+02      0.000000000000000e+00
    2.327528771169732e+02      0.000000000000000e+00
    2.330435021169732e+02      0.000000000000000e+00
    2.333341271169732e+02      0.000000000000000e+00
    2.336247521169732e+02      0.000000000000000e+00
    2.339153771169732e+02      0.000000000000000e+00
    2.342060021169732e+02      0.000000000000000e+00
    2.344966271169732e+02      0.000000000000000e+00
    2.347872521169732e+02      0.000000000000000e+00
    2.350778771169732e+02      0.000000000000000e+00
    2.353685021169732e+02      5.831966466192705e-02
    2.356591271169732e+02      0.000000000000000e+00
    2.359497521169732e+02      0.000000000000000e+00
    2.362403771169732e+02      0.000000000000000e+00
    2.365310021169732e+02      0.000000000000000e+00
    2.368216271169732e+02      0.000000000000000e+00
    2.371122521169732e+02      0.000000000000000e+00
    2.374028771169732e+02      0.000000000000000e+00
    2.376935021169732e+02      0.000000000000000e+00
    2.379841271169732e+02      0.000000000000000e+00
    2.382747521169732e+02      0.000000000000000e+00
    2.385653771169732e+02      0.000000000000000e+00
    2.388560021169732e+02      0.000000000000000e+00
    2.391466271169732e+02      0.000000000000000e+00
    2.394372521169732e+02      0.000000000000000e+00
    2.397278771169732e+02      0.000000000000000e+00
    2.400185021169732e+02      0.000000000000000e+00
    2.403091271169732e+02      0.000000000000000e+00
    2.405997521169732e+02      0.000000000000000e+00
    2.408903771169732e+02      0.000000000000000e+00
    2.411810021169732e+02      0.000000000000000e+00
    2.414716271169732e+02      1.166393293238541e-01
    2.417622521169732e+02      0.000000000000000e+00
    2.420528771169732e+02      0.000000000000000e+00
    2.423435021169732e+02      0.000000000000000e+00
    2.426341271169732e+02      0.000000000000000e+00
    2.429247521169732e+02      0.000000000000000e+00
    2.432153771169732e+02      0.000000000000000e+00
    2.435060021169732e+02      0.000000000000000e+00
    2.437966271169732e+02      0.000000000000000e+00
    2.440872521169732e+02      0.000000000000000e+00
    2.443778771169732e+02      0.000000000000000e+00
    2.446685021169732e+02      0.000000000000000e+00
    2.449591271169732e+02      0.000000000000000e+00
    2.452497521169732e+02      0.000000000000000e+00
    2.455403771169732e+02      0.000000000000000e+00
    2.458310021169732e+02      0.000000000000000e+00
    2.461216271169732e+02      0.000000000000000e+00
    2.464122521169732e+02      0.000000000000000e+00
    2.467028771169732e+02      0.000000000000000e+00
    2.469935021169732e+02      0.000000000000000e+00
    2.472841271169732e+02      0.000000000000000e+00
    2.475747521169732e+02      5.831966466192705e-02
    2.478653771169732e+02      0.000000000000000e+00
    2.481560021169732e+02      0.000000000000000e+00
    2.484466271169732e+02      0.000000000000000e+00
    2.487372521169732e+02      0.000000000000000e+00
    2.490278771169732e+02      0.000000000000000e+00
    2.493185021169732e+02      0.000000000000000e+00
    2.496091271169732e+02      0.000000000000000e+00
    2.498997521169732e+02      0.000000000000000e+00
    2.501903771169732e+02      0.000000000000000e+00
    2.504810021169732e+02      0.000000000000000e+00
    2.507716271169732e+02      0.000000000000000e+00
    2.510622521169732e+02      0.000000000000000e+00
    2.513528771169732e+02      0.000000000000000e+00
    2.516435021169732e+02      0.000000000000000e+00
    2.519341271169732e+02      0.000000000000000e+00
    2.522247521169732e+02      0.000000000000000e+00
    2.525153771169732e+02      0.000000000000000e+00
    2.528060021169732e+02      0.000000000000000e+00
    2.530966271169732e+02      0.000000000000000e+00
    2.533872521169732e+02      0.000000000000000e+00
    2.536778771169732e+02      0.000000000000000e+00
    2.539685021169732e+02      0.000000000000000e+00
    2.542591271169732e+02      0.000000000000000e+00
    2.545497521169732e+02      0.000000000000000e+00
    2.548403771169732e+02      0.000000000000000e+00
    2.551310021169732e+02      0.000000000000000e+00
    2.554216271169732e+02      0.000000000000000e+00
    2.557122521169732e+02      0.000000000000000e+00
    2.560028771169733e+02      0.000000000000000e+00
    2.562935021169732e+02      0.000000000000000e+00
    2.565841271169733e+02      0.000000000000000e+00
    2.568747521169732e+02      0.000000000000000e+00
    2.571653771169732e+02      0.000000000000000e+00
    2.574560021169733e+02      0.000000000000000e+00
    2.577466271169732e+02      0.000000000000000e+00
    2.580372521169733e+02      0.000000000000000e+00
    2.583278771169732e+02      0.000000000000000e+00
    2.586185021169732e+02      0.000000000000000e+00
    2.589091271169733e+02      0.000000000000000e+00
    2.591997521169732e+02      0.000000000000000e+00
    2.594903771169733e+02      0.000000000000000e+00
    2.597810021169732e+02      0.000000000000000e+00
    2.600716271169732e+02      0.000000000000000e+00
    2.603622521169733e+02      0.000000000000000e+00
    2.606528771169732e+02      0.000000000000000e+00
    2.609435021169733e+02      0.000000000000000e+00
    2.612341271169732e+02      0.000000000000000e+00
    2.615247521169732e+02      0.000000000000000e+00
    2.618153771169733e+02      0.000000000000000e+00
    2.621060021169732e+02      0.000000000000000e+00
    2.623966271169733e+02      0.000000000000000e+00
    2.626872521169732e+02      0.000000000000000e+00
    2.629778771169732e+02      0.000000000000000e+00
    2.632685021169733e+02      0.000000000000000e+00
    2.635591271169732e+02      0.000000000000000e+00
    2.638497521169733e+02      0.000000000000000e+00
    2.641403771169732e+02      0.000000000000000e+00
    2.644310021169732e+02      0.000000000000000e+00
    2.647216271169733e+02      0.000000000000000e+00
    2.650122521169732e+02      0.000000000000000e+00
    2.653028771169733e+02      0.000000000000000e+00
    2.655935021169732e+02      5.831966466193276e-02
    2.658841271169732e+02      0.000000000000000e+00
    2.661747521169733e+02      0.000000000000000e+00
    2.664653771169732e+02      0.000000000000000e+00
    2.667560021169733e+02      0.000000000000000e+00
    2.670466271169732e+02      0.000000000000000e+00
    2.673372521169732e+02      0.000000000000000e+00
    2.676278771169733e+02      0.000000000000000e+00
    2.679185021169732e+02      0.000000000000000e+00
    2.682091271169733e+02      0.000000000000000e+00
    2.684997521169732e+02      0.000000000000000e+00
    2.687903771169732e+02      0.000000000000000e+00
    2.690810021169733e+02      0.000000000000000e+00
    2.693716271169732e+02      0.000000000000000e+00
    2.696622521169733e+02      0.000000000000000e+00
    2.699528771169732e+02      0.000000000000000e+00
    2.702435021169732e+02      0.000000000000000e+00
    2.705341271169733e+02      0.000000000000000e+00
    2.708247521169732e+02      0.000000000000000e+00
    2.711153771169733e+02      0.000000000000000e+00
    2.714060021169732e+02      0.000000000000000e+00
    2.716966271169732e+02      0.000000000000000e+00
    2.719872521169733e+02      0.000000000000000e+00
    2.722778771169732e+02      0.000000000000000e+00
    2.725685021169733e+02      0.000000000000000e+00
    2.728591271169732e+02      0.000000000000000e+00
    2.731497521169732e+02      0.000000000000000e+00
    2.734403771169733e+02      0.000000000000000e+00
    2.737310021169732e+02      0.000000000000000e+00
    2.740216271169733e+02      0.000000000000000e+00
    2.743122521169732e+02      0.000000000000000e+00
    2.746028771169732e+02      0.000000000000000e+00
    2.748935021169733e+02      0.000000000000000e+00
    2.751841271169732e+02      0.000000000000000e+00
    2.754747521169733e+02      0.000000000000000e+00
    2.757653771169732e+02      0.000000000000000e+00
    2.760560021169732e+02      0.000000000000000e+00
    2.763466271169733e+02      0.000000000000000e+00
    2.766372521169732e+02      0.000000000000000e+00
    2.769278771169733e+02      0.000000000000000e+00
    2.772185021169732e+02      0.000000000000000e+00
    2.775091271169732e+02      1.166393293238427e-01
    2.777997521169733e+02      0.000000000000000e+00
    2.780903771169732e+02      0.000000000000000e+00
    2.783810021169733e+02      0.000000000000000e+00
    2.786716271169732e+02      0.000000000000000e+00
    2.789622521169732e+02      0.000000000000000e+00
    2.792528771169733e+02      0.000000000000000e+00
    2.795435021169732e+02      0.000000000000000e+00
    2.798341271169733e+02      0.000000000000000e+00
    2.801247521169732e+02      0.000000000000000e+00
    2.804153771169732e+02      0.000000000000000e+00
    2.807060021169733e+02      0.000000000000000e+00
    2.809966271169732e+02      0.000000000000000e+00
    2.812872521169733e+02      0.000000000000000e+00
    2.815778771169732e+02      0.000000000000000e+00
    2.818685021169732e+02      0.000000000000000e+00
    2.821591271169733e+02      0.000000000000000e+00
    2.824497521169732e+02      0.000000000000000e+00
    2.827403771169733e+02      0.000000000000000e+00
    2.830310021169732e+02      0.000000000000000e+00
    2.833216271169732e+02      0.000000000000000e+00
    2.836122521169733e+02      0.000000000000000e+00
    2.839028771169732e+02      0.000000000000000e+00
    2.841935021169733e+02      0.000000000000000e+00
    2.844841271169732e+02      0.000000000000000e+00
    2.847747521169732e+02      0.000000000000000e+00
    2.850653771169733e+02      0.000000000000000e+00
    2.853560021169732e+02      0.000000000000000e+00
    2.856466271169733e+02      0.000000000000000e+00
    2.859372521169732e+02      0.000000000000000e+00
    2.862278771169732e+02      0.000000000000000e+00
    2.865185021169733e+02      0.000000000000000e+00
    2.868091271169732e+02      0.000000000000000e+00
    2.870997521169733e+02      0.000000000000000e+00
    2.873903771169732e+02      0.000000000000000e+00
    2.876810021169732e+02      0.000000000000000e+00
    2.879716271169733e+02      0.000000000000000e+00
    2.882622521169732e+02      0.000000000000000e+00
    2.885528771169733e+02      0.000000000000000e+00
    2.888435021169732e+02      0.000000000000000e+00
    2.891341271169732e+02      0.000000000000000e+00
    2.894247521169733e+02      0.000000000000000e+00
    2.897153771169732e+02      5.831966466192135e-02
    2.900060021169733e+02      0.000000000000000e+00
    2.902966271169732e+02      0.000000000000000e+00
    2.905872521169732e+02      0.000000000000000e+00
    2.908778771169733e+02      0.000000000000000e+00
    2.911685021169732e+02      0.000000000000000e+00
    2.914591271169733e+02      0.000000000000000e+00
    2.917497521169732e+02      0.000000000000000e+00
    2.920403771169732e+02      0.000000000000000e+00
    2.923310021169733e+02      0.000000000000000e+00
    2.926216271169732e+02      0.000000000000000e+00
    2.929122521169733e+02      0.000000000000000e+00
    2.932028771169732e+02      0.000000000000000e+00
    2.934935021169732e+02      0.000000000000000e+00
    2.937841271169733e+02      0.000000000000000e+00
    2.940747521169732e+02      0.000000000000000e+00
    2.943653771169733e+02      0.000000000000000e+00
    2.946560021169732e+02      0.000000000000000e+00
    2.949466271169732e+02      0.000000000000000e+00
    2.952372521169733e+02      0.000000000000000e+00
    2.955278771169732e+02      0.000000000000000e+00
    2.958185021169733e+02      0.000000000000000e+00
    2.961091271169732e+02      0.000000000000000e+00
    2.963997521169732e+02      0.000000000000000e+00
    2.966903771169733e+02      0.000000000000000e+00
    2.969810021169732e+02      0.000000000000000e+00
    2.972716271169733e+02      0.000000000000000e+00
    2.975622521169732e+02      0.000000000000000e+00
    2.978528771169732e+02      0.000000000000000e+00
    2.981435021169733e+02      0.000000000000000e+00
    2.984341271169732e+02      0.000000000000000e+00
    2.987247521169733e+02      0.000000000000000e+00
    2.990153771169732e+02      0.000000000000000e+00
    2.993060021169732e+02      0.000000000000000e+00
    2.995966271169733e+02      0.000000000000000e+00
    2.998872521169732e+02      0.000000000000000e+00
    3.001778771169733e+02      0.000000000000000e+00
    3.004685021169732e+02      0.000000000000000e+00
    3.007591271169732e+02      0.000000000000000e+00
    3.010497521169733e+02      0.000000000000000e+00
    3.013403771169732e+02      0.000000000000000e+00
    3.016310021169733e+02      1.749589939857983e-01
    3.019216271169732e+02      0.000000000000000e+00
    3.022122521169732e+02      0.000000000000000e+00
    3.025028771169733e+02      0.000000000000000e+00
    3.027935021169732e+02      0.000000000000000e+00
    3.030841271169733e+02      0.000000000000000e+00
    3.033747521169732e+02      0.000000000000000e+00
    3.036653771169732e+02      0.000000000000000e+00
    3.039560021169733e+02      0.000000000000000e+00
    3.042466271169732e+02      0.000000000000000e+00
    3.045372521169732e+02      0.000000000000000e+00
    3.048278771169732e+02      0.000000000000000e+00
    3.051185021169732e+02      0.000000000000000e+00
    3.054091271169733e+02      0.000000000000000e+00
    3.056997521169732e+02      0.000000000000000e+00
    3.059903771169732e+02      0.000000000000000e+00
    3.062810021169732e+02      0.000000000000000e+00
    3.065716271169732e+02      0.000000000000000e+00
    3.068622521169733e+02      0.000000000000000e+00
    3.071528771169732e+02      0.000000000000000e+00
    3.074435021169732e+02      0.000000000000000e+00
    3.077341271169732e+02      0.000000000000000e+00
    3.080247521169732e+02      0.000000000000000e+00
    3.083153771169733e+02      0.000000000000000e+00
    3.086060021169732e+02      0.000000000000000e+00
    3.088966271169732e+02      0.000000000000000e+00
    3.091872521169732e+02      0.000000000000000e+00
    3.094778771169732e+02      0.000000000000000e+00
    3.097685021169733e+02      0.000000000000000e+00
    3.100591271169732e+02      0.000000000000000e+00
    3.103497521169732e+02      0.000000000000000e+00
    3.106403771169732e+02      0.000000000000000e+00
    3.109310021169732e+02      0.000000000000000e+00
    3.112216271169733e+02      0.000000000000000e+00
    3.115122521169732e+02      0.000000000000000e+00
    3.118028771169732e+02      0.000000000000000e+00
    3.120935021169732e+02      0.000000000000000e+00
    3.123841271169732e+02      0.000000000000000e+00
    3.126747521169733e+02      0.000000000000000e+00
    3.129653771169732e+02      0.000000000000000e+00
    3.132560021169732e+02      0.000000000000000e+00
    3.135466271169732e+02      0.000000000000000e+00
    3.138372521169732e+02      5.831966466192135e-02
    3.141278771169733e+02      0.000000000000000e+00
    3.144185021169732e+02      0.000000000000000e+00
    3.147091271169732e+02      0.000000000000000e+00
    3.149997521169732e+02      0.000000000000000e+00
    3.152903771169732e+02      0.000000000000000e+00
    3.155810021169733e+02      0.000000000000000e+00
    3.158716271169732e+02      0.000000000000000e+00
    3.161622521169732e+02      0.000000000000000e+00
    3.164528771169732e+02      0.000000000000000e+00
    3.167435021169732e+02      0.000000000000000e+00
    3.170341271169733e+02      0.000000000000000e+00
    3.173247521169732e+02      0.000000000000000e+00
    3.176153771169732e+02      0.000000000000000e+00
    3.179060021169732e+02      0.000000000000000e+00
    3.181966271169732e+02      0.000000000000000e+00
    3.184872521169733e+02      0.000000000000000e+00
    3.187778771169732e+02      0.000000000000000e+00
    3.190685021169732e+02      0.000000000000000e+00
    3.193591271169732e+02      0.000000000000000e+00
    3.196497521169732e+02      0.000000000000000e+00
    3.199403771169733e+02      0.000000000000000e+00
    3.202310021169732e+02      0.000000000000000e+00
    3.205216271169732e+02      0.000000000000000e+00
    3.208122521169732e+02      0.000000000000000e+00
    3.211028771169732e+02      0.000000000000000e+00
    3.213935021169733e+02      0.000000000000000e+00
    3.216841271169732e+02      0.000000000000000e+00
    3.219747521169732e+02      0.000000000000000e+00
    3.222653771169732e+02      0.000000000000000e+00
    3.225560021169732e+02      0.000000000000000e+00
    3.228466271169733e+02      0.000000000000000e+00
    3.231372521169732e+02      0.000000000000000e+00
    3.234278771169732e+02      0.000000000000000e+00
    3.237185021169732e+02      0.000000000000000e+00
    3.240091271169732e+02      0.000000000000000e+00
    3.242997521169733e+02      0.000000000000000e+00
    3.245903771169732e+02      0.000000000000000e+00
    3.248810021169732e+02      0.000000000000000e+00
    3.251716271169732e+02      0.000000000000000e+00
    3.254622521169732e+02      0.000000000000000e+00
    3.257528771169733e+02      1.166393293238655e-01
    3.260435021169732e+02      0.000000000000000e+00
    3.263341271169732e+02      0.000000000000000e+00
    3.266247521169732e+02      0.000000000000000e+00
    3.269153771169732e+02      0.000000000000000e+00
    3.272060021169733e+02      0.000000000000000e+00
    3.274966271169732e+02      0.000000000000000e+00
    3.277872521169732e+02      0.000000000000000e+00
    3.280778771169732e+02      0.000000000000000e+00
    3.283685021169732e+02      0.000000000000000e+00
    3.286591271169733e+02      0.000000000000000e+00
    3.289497521169732e+02      0.000000000000000e+00
    3.292403771169732e+02      0.000000000000000e+00
    3.295310021169732e+02      0.000000000000000e+00
    3.298216271169732e+02      0.000000000000000e+00
    3.301122521169733e+02      0.000000000000000e+00
    3.304028771169732e+02      0.000000000000000e+00
    3.306935021169732e+02      0.000000000000000e+00
    3.309841271169732e+02      0.000000000000000e+00
    3.312747521169732e+02      0.000000000000000e+00
    3.315653771169733e+02      0.000000000000000e+00
    3.318560021169732e+02      0.000000000000000e+00
    3.321466271169732e+02      0.000000000000000e+00
    3.324372521169732e+02      0.000000000000000e+00
    3.327278771169732e+02      0.000000000000000e+00
    3.330185021169733e+02      0.000000000000000e+00
    3.333091271169732e+02      0.000000000000000e+00
    3.335997521169732e+02      0.000000000000000e+00
    3.338903771169732e+02      0.000000000000000e+00
    3.341810021169732e+02      0.000000000000000e+00
    3.344716271169733e+02      0.000000000000000e+00
    3.347622521169732e+02      0.000000000000000e+00
    3.350528771169732e+02      0.000000000000000e+00
    3.353435021169732e+02      0.000000000000000e+00
    3.356341271169732e+02      0.000000000000000e+00
    3.359247521169733e+02      0.000000000000000e+00
    3.362153771169732e+02      0.000000000000000e+00
    3.365060021169732e+02      0.000000000000000e+00
    3.367966271169732e+02      0.000000000000000e+00
    3.370872521169732e+02      0.000000000000000e+00
    3.373778771169733e+02      0.000000000000000e+00
    3.376685021169732e+02      5.831966466193276e-02
