                     bin:                     prob.:
    3.605941489991575e-01      1.937046004842583e+01
    3.614691489991576e-01      0.000000000000000e+00
    3.623441489991575e-01      0.000000000000000e+00
    3.632191489991575e-01      0.000000000000000e+00
    3.640941489991575e-01      0.000000000000000e+00
    3.649691489991576e-01      0.000000000000000e+00
    3.658441489991575e-01      0.000000000000000e+00
    3.667191489991575e-01      0.000000000000000e+00
    3.675941489991575e-01      0.000000000000000e+00
    3.684691489991576e-01      0.000000000000000e+00
    3.693441489991575e-01      0.000000000000000e+00
    3.702191489991575e-01      0.000000000000000e+00
    3.710941489991575e-01      0.000000000000000e+00
    3.719691489991576e-01      0.000000000000000e+00
    3.728441489991575e-01      0.000000000000000e+00
    3.737191489991575e-01      0.000000000000000e+00
    3.745941489991576e-01      0.000000000000000e+00
    3.754691489991576e-01      0.000000000000000e+00
    3.763441489991575e-01      0.000000000000000e+00
    3.772191489991575e-01      0.000000000000000e+00
    3.780941489991576e-01      0.000000000000000e+00
    3.789691489991576e-01      0.000000000000000e+00
    3.798441489991575e-01      0.000000000000000e+00
    3.807191489991575e-01      0.000000000000000e+00
    3.815941489991576e-01      0.000000000000000e+00
    3.824691489991575e-01      0.000000000000000e+00
    3.833441489991575e-01      0.000000000000000e+00
    3.842191489991575e-01      0.000000000000000e+00
    3.850941489991576e-01      0.000000000000000e+00
    3.859691489991575e-01      0.000000000000000e+00
    3.868441489991575e-01      0.000000000000000e+00
    3.877191489991575e-01      0.000000000000000e+00
    3.885941489991576e-01      0.000000000000000e+00
    3.894691489991575e-01      0.000000000000000e+00
    3.903441489991575e-01      0.000000000000000e+00
    3.912191489991576e-01      0.000000000000000e+00
    3.920941489991576e-01      0.000000000000000e+00
    3.929691489991575e-01      0.000000000000000e+00
    3.938441489991575e-01      0.000000000000000e+00
    3.947191489991576e-01      0.000000000000000e+00
    3.955941489991576e-01      0.000000000000000e+00
    3.964691489991575e-01      0.000000000000000e+00
    3.973441489991575e-01      0.000000000000000e+00
    3.982191489991576e-01      0.000000000000000e+00
    3.990941489991576e-01      0.000000000000000e+00
    3.999691489991575e-01      0.000000000000000e+00
    4.008441489991575e-01      0.000000000000000e+00
    4.017191489991576e-01      0.000000000000000e+00
    4.025941489991576e-01      0.000000000000000e+00
    4.034691489991575e-01      0.000000000000000e+00
    4.043441489991575e-01      0.000000000000000e+00
    4.052191489991576e-01      0.000000000000000e+00
    4.060941489991575e-01      0.000000000000000e+00
    4.069691489991575e-01      0.000000000000000e+00
    4.078441489991576e-01      0.000000000000000e+00
    4.087191489991576e-01      0.000000000000000e+00
    4.095941489991576e-01      0.000000000000000e+00
    4.104691489991575e-01      0.000000000000000e+00
    4.113441489991576e-01      0.000000000000000e+00
    4.122191489991576e-01      0.000000000000000e+00
    4.130941489991575e-01      0.000000000000000e+00
    4.139691489991575e-01      0.000000000000000e+00
    4.148441489991576e-01      0.000000000000000e+00
    4.157191489991576e-01      0.000000000000000e+00
    4.165941489991575e-01      0.000000000000000e+00
    4.174691489991575e-01      0.000000000000000e+00
    4.183441489991576e-01      0.000000000000000e+00
    4.192191489991576e-01      0.000000000000000e+00
    4.200941489991575e-01      0.000000000000000e+00
    4.209691489991575e-01      3.874092009685165e+01
    4.218441489991576e-01      0.000000000000000e+00
    4.227191489991575e-01      0.000000000000000e+00
    4.235941489991575e-01      0.000000000000000e+00
    4.244691489991576e-01      0.000000000000000e+00
    4.253441489991576e-01      0.000000000000000e+00
    4.262191489991576e-01      0.000000000000000e+00
    4.270941489991575e-01      0.000000000000000e+00
    4.279691489991576e-01      0.000000000000000e+00
    4.288441489991576e-01      0.000000000000000e+00
    4.297191489991575e-01      0.000000000000000e+00
    4.305941489991575e-01      0.000000000000000e+00
    4.314691489991576e-01      0.000000000000000e+00
    4.323441489991576e-01      0.000000000000000e+00
    4.332191489991576e-01      0.000000000000000e+00
    4.340941489991575e-01      0.000000000000000e+00
    4.349691489991576e-01      0.000000000000000e+00
    4.358441489991576e-01      0.000000000000000e+00
    4.367191489991575e-01      0.000000000000000e+00
    4.375941489991576e-01      0.000000000000000e+00
    4.384691489991576e-01      0.000000000000000e+00
    4.393441489991575e-01      0.000000000000000e+00
    4.402191489991575e-01      0.000000000000000e+00
    4.410941489991576e-01      0.000000000000000e+00
    4.419691489991576e-01      0.000000000000000e+00
    4.428441489991576e-01      0.000000000000000e+00
    4.437191489991575e-01      0.000000000000000e+00
    4.445941489991576e-01      0.000000000000000e+00
    4.454691489991576e-01      0.000000000000000e+00
    4.463441489991575e-01      0.000000000000000e+00
    4.472191489991575e-01      0.000000000000000e+00
    4.480941489991576e-01      0.000000000000000e+00
    4.489691489991576e-01      0.000000000000000e+00
    4.498441489991576e-01      0.000000000000000e+00
    4.507191489991575e-01      0.000000000000000e+00
    4.515941489991576e-01      0.000000000000000e+00
    4.524691489991576e-01      0.000000000000000e+00
    4.533441489991575e-01      0.000000000000000e+00
    4.542191489991576e-01      0.000000000000000e+00
    4.550941489991576e-01      0.000000000000000e+00
    4.559691489991576e-01      0.000000000000000e+00
    4.568441489991576e-01      0.000000000000000e+00
    4.577191489991576e-01      0.000000000000000e+00
    4.585941489991576e-01      0.000000000000000e+00
    4.594691489991576e-01      0.000000000000000e+00
    4.603441489991575e-01      0.000000000000000e+00
    4.612191489991576e-01      0.000000000000000e+00
    4.620941489991576e-01      0.000000000000000e+00
    4.629691489991575e-01      0.000000000000000e+00
    4.638441489991575e-01      0.000000000000000e+00
    4.647191489991576e-01      0.000000000000000e+00
    4.655941489991576e-01      0.000000000000000e+00
    4.664691489991576e-01      0.000000000000000e+00
    4.673441489991575e-01      0.000000000000000e+00
    4.682191489991576e-01      0.000000000000000e+00
    4.690941489991576e-01      0.000000000000000e+00
    4.699691489991575e-01      0.000000000000000e+00
    4.708441489991576e-01      0.000000000000000e+00
    4.717191489991576e-01      0.000000000000000e+00
    4.725941489991576e-01      0.000000000000000e+00
    4.734691489991576e-01      0.000000000000000e+00
    4.743441489991576e-01      0.000000000000000e+00
    4.752191489991576e-01      0.000000000000000e+00
    4.760941489991576e-01      0.000000000000000e+00
    4.769691489991575e-01      0.000000000000000e+00
    4.778441489991576e-01      0.000000000000000e+00
    4.787191489991576e-01      0.000000000000000e+00
    4.795941489991576e-01      0.000000000000000e+00
    4.804691489991576e-01      0.000000000000000e+00
    4.813441489991576e-01      1.937046004842583e+01
    4.822191489991576e-01      0.000000000000000e+00
    4.830941489991576e-01      0.000000000000000e+00
    4.839691489991576e-01      0.000000000000000e+00
    4.848441489991576e-01      0.000000000000000e+00
    4.857191489991576e-01      0.000000000000000e+00
    4.865941489991575e-01      0.000000000000000e+00
    4.874691489991576e-01      0.000000000000000e+00
    4.883441489991576e-01      0.000000000000000e+00
    4.892191489991576e-01      0.000000000000000e+00
    4.900941489991576e-01      0.000000000000000e+00
    4.909691489991576e-01      0.000000000000000e+00
    4.918441489991576e-01      0.000000000000000e+00
    4.927191489991576e-01      0.000000000000000e+00
    4.935941489991575e-01      0.000000000000000e+00
    4.944691489991576e-01      0.000000000000000e+00
    4.953441489991576e-01      0.000000000000000e+00
    4.962191489991575e-01      0.000000000000000e+00
    4.970941489991576e-01      0.000000000000000e+00
    4.979691489991576e-01      0.000000000000000e+00
    4.988441489991576e-01      0.000000000000000e+00
    4.997191489991576e-01      0.000000000000000e+00
    5.005941489991576e-01      0.000000000000000e+00
    5.014691489991576e-01      0.000000000000000e+00
    5.023441489991576e-01      0.000000000000000e+00
    5.032191489991575e-01      0.000000000000000e+00
    5.040941489991576e-01      0.000000000000000e+00
    5.049691489991576e-01      0.000000000000000e+00
    5.058441489991576e-01      0.000000000000000e+00
    5.067191489991576e-01      0.000000000000000e+00
    5.075941489991576e-01      0.000000000000000e+00
    5.084691489991575e-01      0.000000000000000e+00
    5.093441489991576e-01      0.000000000000000e+00
    5.102191489991575e-01      0.000000000000000e+00
    5.110941489991576e-01      0.000000000000000e+00
    5.119691489991576e-01      0.000000000000000e+00
    5.128441489991575e-01      0.000000000000000e+00
    5.137191489991576e-01      0.000000000000000e+00
    5.145941489991576e-01      0.000000000000000e+00
    5.154691489991576e-01      0.000000000000000e+00
    5.163441489991576e-01      0.000000000000000e+00
    5.172191489991576e-01      0.000000000000000e+00
    5.180941489991575e-01      0.000000000000000e+00
    5.189691489991576e-01      0.000000000000000e+00
    5.198441489991575e-01      0.000000000000000e+00
    5.207191489991576e-01      0.000000000000000e+00
    5.215941489991576e-01      0.000000000000000e+00
    5.224691489991575e-01      0.000000000000000e+00
    5.233441489991576e-01      0.000000000000000e+00
    5.242191489991576e-01      0.000000000000000e+00
    5.250941489991576e-01      0.000000000000000e+00
    5.259691489991576e-01      0.000000000000000e+00
    5.268441489991575e-01      0.000000000000000e+00
    5.277191489991576e-01      0.000000000000000e+00
    5.285941489991576e-01      0.000000000000000e+00
    5.294691489991576e-01      0.000000000000000e+00
    5.303441489991576e-01      0.000000000000000e+00
    5.312191489991576e-01      0.000000000000000e+00
    5.320941489991575e-01      0.000000000000000e+00
    5.329691489991576e-01      0.000000000000000e+00
    5.338441489991576e-01      0.000000000000000e+00
    5.347191489991576e-01      0.000000000000000e+00
    5.355941489991576e-01      0.000000000000000e+00
    5.364691489991575e-01      0.000000000000000e+00
    5.373441489991576e-01      0.000000000000000e+00
    5.382191489991576e-01      0.000000000000000e+00
    5.390941489991576e-01      0.000000000000000e+00
    5.399691489991576e-01      0.000000000000000e+00
    5.408441489991576e-01      0.000000000000000e+00
    5.417191489991575e-01      3.874092009684919e+01
    5.425941489991576e-01      0.000000000000000e+00
    5.434691489991575e-01      0.000000000000000e+00
    5.443441489991576e-01      0.000000000000000e+00
    5.452191489991576e-01      0.000000000000000e+00
    5.460941489991575e-01      0.000000000000000e+00
    5.469691489991576e-01      0.000000000000000e+00
    5.478441489991576e-01      0.000000000000000e+00
    5.487191489991576e-01      0.000000000000000e+00
    5.495941489991576e-01      0.000000000000000e+00
    5.504691489991576e-01      0.000000000000000e+00
    5.513441489991576e-01      0.000000000000000e+00
    5.522191489991576e-01      0.000000000000000e+00
    5.530941489991577e-01      0.000000000000000e+00
    5.539691489991576e-01      0.000000000000000e+00
    5.548441489991576e-01      0.000000000000000e+00
    5.557191489991575e-01      0.000000000000000e+00
    5.565941489991576e-01      0.000000000000000e+00
    5.574691489991576e-01      0.000000000000000e+00
    5.583441489991576e-01      0.000000000000000e+00
    5.592191489991576e-01      0.000000000000000e+00
    5.600941489991575e-01      0.000000000000000e+00
    5.609691489991576e-01      0.000000000000000e+00
    5.618441489991576e-01      0.000000000000000e+00
    5.627191489991576e-01      0.000000000000000e+00
    5.635941489991576e-01      0.000000000000000e+00
    5.644691489991576e-01      0.000000000000000e+00
    5.653441489991575e-01      0.000000000000000e+00
    5.662191489991576e-01      0.000000000000000e+00
    5.670941489991576e-01      0.000000000000000e+00
    5.679691489991576e-01      0.000000000000000e+00
    5.688441489991576e-01      0.000000000000000e+00
    5.697191489991575e-01      0.000000000000000e+00
    5.705941489991576e-01      0.000000000000000e+00
    5.714691489991576e-01      0.000000000000000e+00
    5.723441489991576e-01      0.000000000000000e+00
    5.732191489991576e-01      0.000000000000000e+00
    5.740941489991576e-01      0.000000000000000e+00
    5.749691489991576e-01      0.000000000000000e+00
    5.758441489991576e-01      0.000000000000000e+00
    5.767191489991577e-01      0.000000000000000e+00
    5.775941489991576e-01      0.000000000000000e+00
    5.784691489991576e-01      0.000000000000000e+00
    5.793441489991575e-01      0.000000000000000e+00
    5.802191489991576e-01      0.000000000000000e+00
    5.810941489991576e-01      0.000000000000000e+00
    5.819691489991576e-01      0.000000000000000e+00
    5.828441489991576e-01      0.000000000000000e+00
    5.837191489991576e-01      0.000000000000000e+00
    5.845941489991576e-01      0.000000000000000e+00
    5.854691489991576e-01      0.000000000000000e+00
    5.863441489991577e-01      0.000000000000000e+00
    5.872191489991576e-01      0.000000000000000e+00
    5.880941489991576e-01      0.000000000000000e+00
    5.889691489991575e-01      0.000000000000000e+00
    5.898441489991576e-01      0.000000000000000e+00
    5.907191489991576e-01      0.000000000000000e+00
    5.915941489991576e-01      0.000000000000000e+00
    5.924691489991576e-01      0.000000000000000e+00
    5.933441489991576e-01      0.000000000000000e+00
    5.942191489991576e-01      0.000000000000000e+00
    5.950941489991576e-01      0.000000000000000e+00
    5.959691489991576e-01      0.000000000000000e+00
    5.968441489991576e-01      0.000000000000000e+00
    5.977191489991576e-01      0.000000000000000e+00
    5.985941489991576e-01      0.000000000000000e+00
    5.994691489991576e-01      0.000000000000000e+00
    6.003441489991577e-01      0.000000000000000e+00
    6.012191489991576e-01      0.000000000000000e+00
    6.020941489991576e-01      0.000000000000000e+00
    6.029691489991575e-01      1.937046004842460e+01
    6.038441489991576e-01      0.000000000000000e+00
    6.047191489991576e-01      0.000000000000000e+00
    6.055941489991576e-01      0.000000000000000e+00
    6.064691489991576e-01      0.000000000000000e+00
    6.073441489991576e-01      0.000000000000000e+00
    6.082191489991576e-01      0.000000000000000e+00
    6.090941489991576e-01      0.000000000000000e+00
    6.099691489991577e-01      0.000000000000000e+00
    6.108441489991576e-01      0.000000000000000e+00
    6.117191489991576e-01      0.000000000000000e+00
    6.125941489991575e-01      0.000000000000000e+00
    6.134691489991576e-01      0.000000000000000e+00
    6.143441489991577e-01      0.000000000000000e+00
    6.152191489991576e-01      0.000000000000000e+00
    6.160941489991576e-01      0.000000000000000e+00
    6.169691489991576e-01      0.000000000000000e+00
    6.178441489991576e-01      0.000000000000000e+00
    6.187191489991576e-01      0.000000000000000e+00
    6.195941489991577e-01      0.000000000000000e+00
    6.204691489991576e-01      0.000000000000000e+00
    6.213441489991576e-01      0.000000000000000e+00
    6.222191489991575e-01      0.000000000000000e+00
    6.230941489991576e-01      0.000000000000000e+00
    6.239691489991577e-01      0.000000000000000e+00
    6.248441489991576e-01      0.000000000000000e+00
    6.257191489991576e-01      0.000000000000000e+00
    6.265941489991576e-01      0.000000000000000e+00
    6.274691489991576e-01      0.000000000000000e+00
    6.283441489991577e-01      0.000000000000000e+00
    6.292191489991577e-01      0.000000000000000e+00
    6.300941489991576e-01      0.000000000000000e+00
    6.309691489991576e-01      0.000000000000000e+00
    6.318441489991575e-01      0.000000000000000e+00
    6.327191489991576e-01      0.000000000000000e+00
    6.335941489991577e-01      0.000000000000000e+00
    6.344691489991576e-01      0.000000000000000e+00
    6.353441489991576e-01      0.000000000000000e+00
    6.362191489991575e-01      0.000000000000000e+00
    6.370941489991576e-01      0.000000000000000e+00
    6.379691489991577e-01      0.000000000000000e+00
    6.388441489991576e-01      0.000000000000000e+00
    6.397191489991576e-01      0.000000000000000e+00
    6.405941489991576e-01      0.000000000000000e+00
    6.414691489991576e-01      0.000000000000000e+00
    6.423441489991576e-01      0.000000000000000e+00
    6.432191489991577e-01      0.000000000000000e+00
    6.440941489991576e-01      0.000000000000000e+00
    6.449691489991576e-01      0.000000000000000e+00
    6.458441489991575e-01      0.000000000000000e+00
    6.467191489991576e-01      0.000000000000000e+00
    6.475941489991577e-01      0.000000000000000e+00
    6.484691489991576e-01      0.000000000000000e+00
    6.493441489991576e-01      0.000000000000000e+00
    6.502191489991576e-01      0.000000000000000e+00
    6.510941489991576e-01      0.000000000000000e+00
    6.519691489991576e-01      0.000000000000000e+00
    6.528441489991577e-01      0.000000000000000e+00
    6.537191489991576e-01      0.000000000000000e+00
    6.545941489991576e-01      0.000000000000000e+00
    6.554691489991575e-01      0.000000000000000e+00
    6.563441489991576e-01      0.000000000000000e+00
    6.572191489991577e-01      0.000000000000000e+00
    6.580941489991576e-01      0.000000000000000e+00
    6.589691489991576e-01      0.000000000000000e+00
    6.598441489991576e-01      0.000000000000000e+00
    6.607191489991576e-01      0.000000000000000e+00
    6.615941489991577e-01      0.000000000000000e+00
    6.624691489991577e-01      0.000000000000000e+00
    6.633441489991576e-01      3.874092009685411e+01
    6.642191489991576e-01      0.000000000000000e+00
    6.650941489991576e-01      0.000000000000000e+00
    6.659691489991576e-01      0.000000000000000e+00
    6.668441489991577e-01      0.000000000000000e+00
    6.677191489991576e-01      0.000000000000000e+00
    6.685941489991576e-01      0.000000000000000e+00
    6.694691489991575e-01      0.000000000000000e+00
    6.703441489991576e-01      0.000000000000000e+00
    6.712191489991577e-01      0.000000000000000e+00
    6.720941489991576e-01      0.000000000000000e+00
    6.729691489991576e-01      0.000000000000000e+00
    6.738441489991576e-01      0.000000000000000e+00
    6.747191489991576e-01      0.000000000000000e+00
    6.755941489991576e-01      0.000000000000000e+00
    6.764691489991577e-01      0.000000000000000e+00
    6.773441489991576e-01      0.000000000000000e+00
    6.782191489991576e-01      0.000000000000000e+00
    6.790941489991575e-01      0.000000000000000e+00
    6.799691489991576e-01      0.000000000000000e+00
    6.808441489991577e-01      0.000000000000000e+00
    6.817191489991576e-01      0.000000000000000e+00
    6.825941489991576e-01      0.000000000000000e+00
    6.834691489991576e-01      0.000000000000000e+00
    6.843441489991576e-01      0.000000000000000e+00
    6.852191489991577e-01      0.000000000000000e+00
    6.860941489991577e-01      0.000000000000000e+00
    6.869691489991576e-01      0.000000000000000e+00
    6.878441489991576e-01      0.000000000000000e+00
    6.887191489991576e-01      0.000000000000000e+00
    6.895941489991576e-01      0.000000000000000e+00
    6.904691489991577e-01      0.000000000000000e+00
    6.913441489991576e-01      0.000000000000000e+00
    6.922191489991576e-01      0.000000000000000e+00
    6.930941489991576e-01      0.000000000000000e+00
    6.939691489991576e-01      0.000000000000000e+00
    6.948441489991577e-01      0.000000000000000e+00
    6.957191489991577e-01      0.000000000000000e+00
    6.965941489991576e-01      0.000000000000000e+00
    6.974691489991576e-01      0.000000000000000e+00
    6.983441489991576e-01      0.000000000000000e+00
    6.992191489991576e-01      0.000000000000000e+00
    7.000941489991577e-01      0.000000000000000e+00
    7.009691489991576e-01      0.000000000000000e+00
    7.018441489991576e-01      0.000000000000000e+00
    7.027191489991576e-01      0.000000000000000e+00
    7.035941489991576e-01      0.000000000000000e+00
    7.044691489991577e-01      0.000000000000000e+00
    7.053441489991576e-01      0.000000000000000e+00
    7.062191489991576e-01      0.000000000000000e+00
    7.070941489991576e-01      0.000000000000000e+00
    7.079691489991576e-01      0.000000000000000e+00
    7.088441489991577e-01      0.000000000000000e+00
    7.097191489991577e-01      0.000000000000000e+00
    7.105941489991576e-01      0.000000000000000e+00
    7.114691489991576e-01      0.000000000000000e+00
    7.123441489991577e-01      0.000000000000000e+00
    7.132191489991576e-01      0.000000000000000e+00
    7.140941489991577e-01      0.000000000000000e+00
    7.149691489991576e-01      0.000000000000000e+00
    7.158441489991576e-01      0.000000000000000e+00
    7.167191489991576e-01      0.000000000000000e+00
    7.175941489991576e-01      0.000000000000000e+00
    7.184691489991577e-01      0.000000000000000e+00
    7.193441489991577e-01      0.000000000000000e+00
    7.202191489991576e-01      0.000000000000000e+00
    7.210941489991576e-01      0.000000000000000e+00
    7.219691489991577e-01      0.000000000000000e+00
    7.228441489991576e-01      0.000000000000000e+00
    7.237191489991577e-01      1.937046004842706e+01
    7.245941489991576e-01      0.000000000000000e+00
    7.254691489991576e-01      0.000000000000000e+00
    7.263441489991576e-01      0.000000000000000e+00
    7.272191489991576e-01      0.000000000000000e+00
    7.280941489991577e-01      0.000000000000000e+00
    7.289691489991577e-01      0.000000000000000e+00
    7.298441489991576e-01      0.000000000000000e+00
    7.307191489991576e-01      0.000000000000000e+00
    7.315941489991576e-01      0.000000000000000e+00
    7.324691489991577e-01      0.000000000000000e+00
    7.333441489991577e-01      0.000000000000000e+00
    7.342191489991576e-01      0.000000000000000e+00
    7.350941489991576e-01      0.000000000000000e+00
    7.359691489991577e-01      0.000000000000000e+00
    7.368441489991576e-01      0.000000000000000e+00
    7.377191489991577e-01      0.000000000000000e+00
    7.385941489991577e-01      0.000000000000000e+00
    7.394691489991576e-01      0.000000000000000e+00
    7.403441489991576e-01      0.000000000000000e+00
    7.412191489991576e-01      0.000000000000000e+00
    7.420941489991577e-01      0.000000000000000e+00
    7.429691489991577e-01      0.000000000000000e+00
    7.438441489991576e-01      0.000000000000000e+00
    7.447191489991576e-01      0.000000000000000e+00
    7.455941489991577e-01      0.000000000000000e+00
    7.464691489991576e-01      0.000000000000000e+00
    7.473441489991577e-01      0.000000000000000e+00
    7.482191489991576e-01      0.000000000000000e+00
    7.490941489991576e-01      0.000000000000000e+00
    7.499691489991576e-01      0.000000000000000e+00
    7.508441489991576e-01      0.000000000000000e+00
    7.517191489991577e-01      0.000000000000000e+00
    7.525941489991577e-01      0.000000000000000e+00
    7.534691489991576e-01      0.000000000000000e+00
    7.543441489991576e-01      0.000000000000000e+00
    7.552191489991577e-01      0.000000000000000e+00
    7.560941489991577e-01      0.000000000000000e+00
    7.569691489991577e-01      0.000000000000000e+00
    7.578441489991576e-01      0.000000000000000e+00
    7.587191489991576e-01      0.000000000000000e+00
    7.595941489991577e-01      0.000000000000000e+00
    7.604691489991576e-01      0.000000000000000e+00
    7.613441489991577e-01      0.000000000000000e+00
    7.622191489991577e-01      0.000000000000000e+00
    7.630941489991576e-01      0.000000000000000e+00
    7.639691489991576e-01      0.000000000000000e+00
    7.648441489991576e-01      0.000000000000000e+00
    7.657191489991577e-01      0.000000000000000e+00
    7.665941489991577e-01      0.000000000000000e+00
    7.674691489991576e-01      0.000000000000000e+00
    7.683441489991576e-01      0.000000000000000e+00
    7.692191489991577e-01      0.000000000000000e+00
    7.700941489991576e-01      0.000000000000000e+00
    7.709691489991577e-01      0.000000000000000e+00
    7.718441489991577e-01      0.000000000000000e+00
    7.727191489991576e-01      0.000000000000000e+00
    7.735941489991576e-01      0.000000000000000e+00
    7.744691489991576e-01      0.000000000000000e+00
    7.753441489991577e-01      0.000000000000000e+00
    7.762191489991577e-01      0.000000000000000e+00
    7.770941489991576e-01      0.000000000000000e+00
    7.779691489991576e-01      0.000000000000000e+00
    7.788441489991577e-01      0.000000000000000e+00
    7.797191489991577e-01      0.000000000000000e+00
    7.805941489991577e-01      0.000000000000000e+00
    7.814691489991576e-01      0.000000000000000e+00
    7.823441489991576e-01      0.000000000000000e+00
    7.832191489991577e-01      0.000000000000000e+00
    7.840941489991576e-01      0.000000000000000e+00
    7.849691489991577e-01      0.000000000000000e+00
    7.858441489991577e-01      0.000000000000000e+00
    7.867191489991576e-01      0.000000000000000e+00
    7.875941489991576e-01      0.000000000000000e+00
    7.884691489991577e-01      0.000000000000000e+00
    7.893441489991577e-01      0.000000000000000e+00
    7.902191489991577e-01      0.000000000000000e+00
    7.910941489991576e-01      0.000000000000000e+00
    7.919691489991576e-01      1.937046004842460e+01
    7.928441489991577e-01      0.000000000000000e+00
    7.937191489991576e-01      0.000000000000000e+00
    7.945941489991577e-01      0.000000000000000e+00
    7.954691489991577e-01      0.000000000000000e+00
    7.963441489991576e-01      0.000000000000000e+00
    7.972191489991576e-01      0.000000000000000e+00
    7.980941489991576e-01      0.000000000000000e+00
    7.989691489991577e-01      0.000000000000000e+00
    7.998441489991577e-01      0.000000000000000e+00
    8.007191489991576e-01      3.874092009685411e+01
    8.015941489991576e-01      0.000000000000000e+00
    8.024691489991577e-01      0.000000000000000e+00
    8.033441489991577e-01      0.000000000000000e+00
    8.042191489991577e-01      0.000000000000000e+00
    8.050941489991577e-01      0.000000000000000e+00
    8.059691489991576e-01      0.000000000000000e+00
    8.068441489991577e-01      0.000000000000000e+00
    8.077191489991576e-01      0.000000000000000e+00
    8.085941489991577e-01      1.937046004842706e+01
    8.094691489991577e-01      0.000000000000000e+00
    8.103441489991576e-01      0.000000000000000e+00
    8.112191489991576e-01      0.000000000000000e+00
    8.120941489991577e-01      0.000000000000000e+00
    8.129691489991577e-01      0.000000000000000e+00
    8.138441489991577e-01      0.000000000000000e+00
    8.147191489991576e-01      0.000000000000000e+00
    8.155941489991576e-01      0.000000000000000e+00
    8.164691489991577e-01      3.874092009685411e+01
    8.173441489991576e-01      0.000000000000000e+00
    8.182191489991577e-01      0.000000000000000e+00
    8.190941489991577e-01      0.000000000000000e+00
    8.199691489991576e-01      0.000000000000000e+00
    8.208441489991576e-01      0.000000000000000e+00
    8.217191489991577e-01      0.000000000000000e+00
    8.225941489991577e-01      0.000000000000000e+00
    8.234691489991577e-01      0.000000000000000e+00
    8.243441489991576e-01      1.937046004842706e+01
    8.252191489991576e-01      0.000000000000000e+00
    8.260941489991577e-01      0.000000000000000e+00
    8.269691489991577e-01      0.000000000000000e+00
    8.278441489991577e-01      0.000000000000000e+00
    8.287191489991577e-01      0.000000000000000e+00
    8.295941489991576e-01      0.000000000000000e+00
    8.304691489991577e-01      0.000000000000000e+00
    8.313441489991577e-01      0.000000000000000e+00
    8.322191489991577e-01      3.874092009685411e+01
    8.330941489991577e-01      0.000000000000000e+00
    8.339691489991576e-01      0.000000000000000e+00
    8.348441489991576e-01      0.000000000000000e+00
    8.357191489991577e-01      0.000000000000000e+00
    8.365941489991577e-01      0.000000000000000e+00
    8.374691489991577e-01      0.000000000000000e+00
    8.383441489991577e-01      0.000000000000000e+00
    8.392191489991576e-01      0.000000000000000e+00
    8.400941489991577e-01      0.000000000000000e+00
    8.409691489991576e-01      1.937046004842460e+01
    8.418441489991577e-01      0.000000000000000e+00
    8.427191489991577e-01      0.000000000000000e+00
    8.435941489991576e-01      0.000000000000000e+00
    8.444691489991576e-01      0.000000000000000e+00
    8.453441489991577e-01      0.000000000000000e+00
    8.462191489991577e-01      0.000000000000000e+00
    8.470941489991577e-01      0.000000000000000e+00
    8.479691489991577e-01      0.000000000000000e+00
    8.488441489991576e-01      5.811138014527379e+01
    8.497191489991577e-01      0.000000000000000e+00
    8.505941489991578e-01      0.000000000000000e+00
    8.514691489991577e-01      0.000000000000000e+00
    8.523441489991577e-01      0.000000000000000e+00
    8.532191489991576e-01      0.000000000000000e+00
    8.540941489991576e-01      0.000000000000000e+00
    8.549691489991577e-01      0.000000000000000e+00
    8.558441489991577e-01      0.000000000000000e+00
    8.567191489991577e-01      1.937046004842706e+01
    8.575941489991576e-01      0.000000000000000e+00
    8.584691489991576e-01      0.000000000000000e+00
    8.593441489991577e-01      0.000000000000000e+00
    8.602191489991577e-01      0.000000000000000e+00
    8.610941489991577e-01      0.000000000000000e+00
    8.619691489991577e-01      0.000000000000000e+00
    8.628441489991576e-01      0.000000000000000e+00
    8.637191489991577e-01      0.000000000000000e+00
    8.645941489991577e-01      3.874092009684919e+01
    8.654691489991577e-01      0.000000000000000e+00
    8.663441489991577e-01      0.000000000000000e+00
    8.672191489991576e-01      0.000000000000000e+00
    8.680941489991577e-01      0.000000000000000e+00
    8.689691489991577e-01      0.000000000000000e+00
    8.698441489991576e-01      0.000000000000000e+00
    8.707191489991577e-01      0.000000000000000e+00
    8.715941489991577e-01      0.000000000000000e+00
    8.724691489991577e-01      1.937046004842706e+01
    8.733441489991577e-01      0.000000000000000e+00
    8.742191489991576e-01      0.000000000000000e+00
    8.750941489991577e-01      0.000000000000000e+00
    8.759691489991577e-01      0.000000000000000e+00
    8.768441489991576e-01      0.000000000000000e+00
    8.777191489991577e-01      0.000000000000000e+00
    8.785941489991577e-01      0.000000000000000e+00
    8.794691489991576e-01      0.000000000000000e+00
    8.803441489991577e-01      0.000000000000000e+00
    8.812191489991577e-01      7.748184019369839e+01
    8.820941489991577e-01      0.000000000000000e+00
    8.829691489991577e-01      0.000000000000000e+00
    8.838441489991576e-01      0.000000000000000e+00
    8.847191489991577e-01      0.000000000000000e+00
    8.855941489991577e-01      0.000000000000000e+00
    8.864691489991576e-01      0.000000000000000e+00
    8.873441489991577e-01      0.000000000000000e+00
    8.882191489991577e-01      0.000000000000000e+00
    8.890941489991577e-01      1.937046004842706e+01
    8.899691489991577e-01      0.000000000000000e+00
    8.908441489991576e-01      0.000000000000000e+00
    8.917191489991577e-01      0.000000000000000e+00
    8.925941489991577e-01      0.000000000000000e+00
    8.934691489991576e-01      0.000000000000000e+00
    8.943441489991577e-01      0.000000000000000e+00
    8.952191489991577e-01      0.000000000000000e+00
    8.960941489991577e-01      0.000000000000000e+00
    8.969691489991577e-01      3.874092009685411e+01
    8.978441489991577e-01      0.000000000000000e+00
    8.987191489991577e-01      0.000000000000000e+00
    8.995941489991577e-01      0.000000000000000e+00
    9.004691489991576e-01      0.000000000000000e+00
    9.013441489991577e-01      1.937046004842706e+01
    9.022191489991577e-01      0.000000000000000e+00
    9.030941489991576e-01      0.000000000000000e+00
    9.039691489991577e-01      0.000000000000000e+00
    9.048441489991577e-01      3.874092009684919e+01
    9.057191489991577e-01      0.000000000000000e+00
    9.065941489991577e-01      0.000000000000000e+00
    9.074691489991576e-01      0.000000000000000e+00
    9.083441489991577e-01      0.000000000000000e+00
    9.092191489991577e-01      1.937046004842706e+01
    9.100941489991576e-01      0.000000000000000e+00
    9.109691489991577e-01      0.000000000000000e+00
    9.118441489991577e-01      0.000000000000000e+00
    9.127191489991577e-01      1.937046004842706e+01
    9.135941489991577e-01      0.000000000000000e+00
    9.144691489991577e-01      0.000000000000000e+00
    9.153441489991577e-01      0.000000000000000e+00
    9.162191489991577e-01      0.000000000000000e+00
    9.170941489991576e-01      0.000000000000000e+00
    9.179691489991577e-01      0.000000000000000e+00
    9.188441489991577e-01      0.000000000000000e+00
    9.197191489991577e-01      0.000000000000000e+00
    9.205941489991577e-01      0.000000000000000e+00
    9.214691489991577e-01      1.937046004842460e+01
    9.223441489991577e-01      0.000000000000000e+00
    9.232191489991577e-01      0.000000000000000e+00
    9.240941489991576e-01      0.000000000000000e+00
    9.249691489991577e-01      0.000000000000000e+00
    9.258441489991577e-01      0.000000000000000e+00
    9.267191489991576e-01      0.000000000000000e+00
    9.275941489991577e-01      0.000000000000000e+00
    9.284691489991577e-01      0.000000000000000e+00
    9.293441489991577e-01      3.874092009685411e+01
    9.302191489991577e-01      0.000000000000000e+00
    9.310941489991577e-01      0.000000000000000e+00
    9.319691489991577e-01      0.000000000000000e+00
    9.328441489991577e-01      0.000000000000000e+00
    9.337191489991576e-01      0.000000000000000e+00
    9.345941489991577e-01      0.000000000000000e+00
    9.354691489991577e-01      0.000000000000000e+00
    9.363441489991577e-01      0.000000000000000e+00
    9.372191489991577e-01      1.937046004842706e+01
    9.380941489991577e-01      0.000000000000000e+00
    9.389691489991577e-01      0.000000000000000e+00
    9.398441489991577e-01      0.000000000000000e+00
    9.407191489991577e-01      0.000000000000000e+00
    9.415941489991577e-01      0.000000000000000e+00
    9.424691489991577e-01      0.000000000000000e+00
    9.433441489991576e-01      0.000000000000000e+00
    9.442191489991577e-01      0.000000000000000e+00
    9.450941489991577e-01      5.811138014527379e+01
    9.459691489991577e-01      0.000000000000000e+00
    9.468441489991577e-01      0.000000000000000e+00
    9.477191489991577e-01      0.000000000000000e+00
    9.485941489991577e-01      0.000000000000000e+00
    9.494691489991577e-01      0.000000000000000e+00
    9.503441489991576e-01      0.000000000000000e+00
    9.512191489991577e-01      0.000000000000000e+00
    9.520941489991577e-01      0.000000000000000e+00
    9.529691489991577e-01      0.000000000000000e+00
    9.538441489991577e-01      0.000000000000000e+00
    9.547191489991577e-01      0.000000000000000e+00
    9.555941489991577e-01      0.000000000000000e+00
    9.564691489991577e-01      0.000000000000000e+00
    9.573441489991577e-01      0.000000000000000e+00
    9.582191489991577e-01      0.000000000000000e+00
    9.590941489991577e-01      0.000000000000000e+00
    9.599691489991578e-01      0.000000000000000e+00
    9.608441489991577e-01      0.000000000000000e+00
    9.617191489991577e-01      1.937046004842460e+01
    9.625941489991577e-01      0.000000000000000e+00
    9.634691489991577e-01      0.000000000000000e+00
    9.643441489991577e-01      0.000000000000000e+00
    9.652191489991577e-01      0.000000000000000e+00
    9.660941489991577e-01      0.000000000000000e+00
    9.669691489991576e-01      0.000000000000000e+00
    9.678441489991577e-01      0.000000000000000e+00
    9.687191489991577e-01      0.000000000000000e+00
    9.695941489991577e-01      0.000000000000000e+00
    9.704691489991577e-01      0.000000000000000e+00
    9.713441489991577e-01      0.000000000000000e+00
    9.722191489991577e-01      0.000000000000000e+00
    9.730941489991577e-01      0.000000000000000e+00
    9.739691489991577e-01      0.000000000000000e+00
    9.748441489991577e-01      0.000000000000000e+00
    9.757191489991577e-01      0.000000000000000e+00
    9.765941489991578e-01      0.000000000000000e+00
    9.774691489991577e-01      5.811138014528116e+01
    9.783441489991577e-01      0.000000000000000e+00
    9.792191489991577e-01      0.000000000000000e+00
    9.800941489991577e-01      0.000000000000000e+00
    9.809691489991577e-01      0.000000000000000e+00
    9.818441489991577e-01      0.000000000000000e+00
    9.827191489991577e-01      0.000000000000000e+00
    9.835941489991578e-01      0.000000000000000e+00
    9.844691489991577e-01      0.000000000000000e+00
    9.853441489991577e-01      0.000000000000000e+00
    9.862191489991577e-01      0.000000000000000e+00
    9.870941489991577e-01      0.000000000000000e+00
    9.879691489991577e-01      0.000000000000000e+00
    9.888441489991577e-01      0.000000000000000e+00
    9.897191489991577e-01      0.000000000000000e+00
    9.905941489991577e-01      0.000000000000000e+00
    9.914691489991577e-01      0.000000000000000e+00
    9.923441489991577e-01      0.000000000000000e+00
    9.932191489991578e-01      1.937046004842706e+01
    9.940941489991577e-01      0.000000000000000e+00
    9.949691489991577e-01      0.000000000000000e+00
    9.958441489991577e-01      0.000000000000000e+00
    9.967191489991577e-01      0.000000000000000e+00
    9.975941489991577e-01      0.000000000000000e+00
    9.984691489991577e-01      0.000000000000000e+00
    9.993441489991577e-01      0.000000000000000e+00
    1.000219148999158e+00      0.000000000000000e+00
    1.001094148999158e+00      0.000000000000000e+00
    1.001969148999158e+00      0.000000000000000e+00
    1.002844148999158e+00      0.000000000000000e+00
    1.003719148999158e+00      0.000000000000000e+00
    1.004594148999158e+00      0.000000000000000e+00
    1.005469148999158e+00      0.000000000000000e+00
    1.006344148999158e+00      0.000000000000000e+00
    1.007219148999158e+00      0.000000000000000e+00
    1.008094148999158e+00      0.000000000000000e+00
    1.008969148999158e+00      0.000000000000000e+00
    1.009844148999158e+00      3.874092009684428e+01
    1.010719148999158e+00      0.000000000000000e+00
    1.011594148999158e+00      0.000000000000000e+00
    1.012469148999158e+00      0.000000000000000e+00
    1.013344148999158e+00      0.000000000000000e+00
    1.014219148999158e+00      0.000000000000000e+00
    1.015094148999158e+00      0.000000000000000e+00
    1.015969148999158e+00      0.000000000000000e+00
    1.016844148999158e+00      0.000000000000000e+00
    1.017719148999158e+00      0.000000000000000e+00
    1.018594148999158e+00      0.000000000000000e+00
    1.019469148999158e+00      0.000000000000000e+00
    1.020344148999158e+00      0.000000000000000e+00
    1.021219148999158e+00      0.000000000000000e+00
    1.022094148999158e+00      0.000000000000000e+00
    1.022969148999158e+00      0.000000000000000e+00
    1.023844148999158e+00      0.000000000000000e+00
    1.024719148999158e+00      0.000000000000000e+00
    1.025594148999158e+00      1.937046004842706e+01
    1.026469148999158e+00      0.000000000000000e+00
    1.027344148999158e+00      0.000000000000000e+00
    1.028219148999158e+00      0.000000000000000e+00
    1.029094148999158e+00      0.000000000000000e+00
    1.029969148999158e+00      0.000000000000000e+00
    1.030844148999158e+00      0.000000000000000e+00
    1.031719148999158e+00      0.000000000000000e+00
    1.032594148999158e+00      0.000000000000000e+00
    1.033469148999158e+00      0.000000000000000e+00
    1.034344148999158e+00      0.000000000000000e+00
    1.035219148999158e+00      0.000000000000000e+00
    1.036094148999158e+00      0.000000000000000e+00
    1.036969148999158e+00      0.000000000000000e+00
    1.037844148999158e+00      0.000000000000000e+00
    1.038719148999158e+00      0.000000000000000e+00
    1.039594148999158e+00      0.000000000000000e+00
    1.040469148999158e+00      0.000000000000000e+00
    1.041344148999158e+00      0.000000000000000e+00
    1.042219148999158e+00      0.000000000000000e+00
    1.043094148999158e+00      0.000000000000000e+00
    1.043969148999158e+00      0.000000000000000e+00
    1.044844148999158e+00      0.000000000000000e+00
    1.045719148999158e+00      0.000000000000000e+00
    1.046594148999158e+00      0.000000000000000e+00
    1.047469148999158e+00      0.000000000000000e+00
    1.048344148999158e+00      0.000000000000000e+00
    1.049219148999158e+00      0.000000000000000e+00
    1.050094148999158e+00      0.000000000000000e+00
    1.050969148999158e+00      0.000000000000000e+00
    1.051844148999158e+00      0.000000000000000e+00
    1.052719148999158e+00      0.000000000000000e+00
    1.053594148999158e+00      0.000000000000000e+00
    1.054469148999158e+00      0.000000000000000e+00
    1.055344148999158e+00      0.000000000000000e+00
    1.056219148999158e+00      0.000000000000000e+00
    1.057094148999158e+00      0.000000000000000e+00
    1.057969148999158e+00      0.000000000000000e+00
    1.058844148999158e+00      0.000000000000000e+00
    1.059719148999158e+00      0.000000000000000e+00
    1.060594148999158e+00      0.000000000000000e+00
    1.061469148999158e+00      0.000000000000000e+00
    1.062344148999158e+00      0.000000000000000e+00
    1.063219148999158e+00      0.000000000000000e+00
    1.064094148999158e+00      0.000000000000000e+00
    1.064969148999158e+00      0.000000000000000e+00
    1.065844148999158e+00      0.000000000000000e+00
    1.066719148999158e+00      0.000000000000000e+00
    1.067594148999158e+00      0.000000000000000e+00
    1.068469148999158e+00      0.000000000000000e+00
    1.069344148999158e+00      0.000000000000000e+00
    1.070219148999158e+00      0.000000000000000e+00
    1.071094148999158e+00      0.000000000000000e+00
    1.071969148999158e+00      0.000000000000000e+00
    1.072844148999158e+00      0.000000000000000e+00
    1.073719148999158e+00      0.000000000000000e+00
    1.074594148999158e+00      0.000000000000000e+00
    1.075469148999158e+00      0.000000000000000e+00
    1.076344148999158e+00      0.000000000000000e+00
    1.077219148999158e+00      0.000000000000000e+00
    1.078094148999158e+00      0.000000000000000e+00
    1.078969148999158e+00      0.000000000000000e+00
    1.079844148999158e+00      0.000000000000000e+00
    1.080719148999158e+00      0.000000000000000e+00
    1.081594148999158e+00      0.000000000000000e+00
    1.082469148999158e+00      0.000000000000000e+00
    1.083344148999158e+00      0.000000000000000e+00
    1.084219148999158e+00      0.000000000000000e+00
    1.085094148999158e+00      0.000000000000000e+00
    1.085969148999158e+00      0.000000000000000e+00
    1.086844148999158e+00      0.000000000000000e+00
    1.087719148999158e+00      0.000000000000000e+00
    1.088594148999158e+00      0.000000000000000e+00
    1.089469148999158e+00      0.000000000000000e+00
    1.090344148999158e+00      0.000000000000000e+00
    1.091219148999158e+00      0.000000000000000e+00
    1.092094148999158e+00      0.000000000000000e+00
    1.092969148999158e+00      0.000000000000000e+00
    1.093844148999158e+00      0.000000000000000e+00
    1.094719148999158e+00      0.000000000000000e+00
    1.095594148999158e+00      0.000000000000000e+00
    1.096469148999158e+00      0.000000000000000e+00
    1.097344148999158e+00      0.000000000000000e+00
    1.098219148999158e+00      0.000000000000000e+00
    1.099094148999158e+00      0.000000000000000e+00
    1.099969148999158e+00      0.000000000000000e+00
    1.100844148999158e+00      0.000000000000000e+00
    1.101719148999158e+00      0.000000000000000e+00
    1.102594148999158e+00      0.000000000000000e+00
    1.103469148999158e+00      0.000000000000000e+00
    1.104344148999158e+00      0.000000000000000e+00
    1.105219148999158e+00      0.000000000000000e+00
    1.106094148999158e+00      1.937046004842214e+01
    1.106969148999158e+00      0.000000000000000e+00
    1.107844148999158e+00      0.000000000000000e+00
    1.108719148999158e+00      0.000000000000000e+00
    1.109594148999158e+00      0.000000000000000e+00
    1.110469148999158e+00      0.000000000000000e+00
    1.111344148999158e+00      0.000000000000000e+00
    1.112219148999158e+00      0.000000000000000e+00
    1.113094148999158e+00      0.000000000000000e+00
    1.113969148999158e+00      0.000000000000000e+00
    1.114844148999158e+00      0.000000000000000e+00
    1.115719148999158e+00      0.000000000000000e+00
    1.116594148999158e+00      0.000000000000000e+00
    1.117469148999158e+00      0.000000000000000e+00
    1.118344148999158e+00      0.000000000000000e+00
    1.119219148999158e+00      0.000000000000000e+00
    1.120094148999158e+00      0.000000000000000e+00
    1.120969148999158e+00      0.000000000000000e+00
    1.121844148999158e+00      0.000000000000000e+00
    1.122719148999158e+00      0.000000000000000e+00
    1.123594148999158e+00      0.000000000000000e+00
    1.124469148999158e+00      0.000000000000000e+00
    1.125344148999158e+00      0.000000000000000e+00
    1.126219148999158e+00      0.000000000000000e+00
    1.127094148999158e+00      0.000000000000000e+00
    1.127969148999158e+00      0.000000000000000e+00
    1.128844148999158e+00      0.000000000000000e+00
    1.129719148999158e+00      0.000000000000000e+00
    1.130594148999158e+00      0.000000000000000e+00
    1.131469148999158e+00      0.000000000000000e+00
    1.132344148999158e+00      0.000000000000000e+00
    1.133219148999158e+00      0.000000000000000e+00
    1.134094148999158e+00      0.000000000000000e+00
    1.134969148999158e+00      0.000000000000000e+00
    1.135844148999158e+00      0.000000000000000e+00
    1.136719148999158e+00      0.000000000000000e+00
    1.137594148999158e+00      0.000000000000000e+00
    1.138469148999158e+00      0.000000000000000e+00
    1.139344148999158e+00      0.000000000000000e+00
    1.140219148999158e+00      0.000000000000000e+00
    1.141094148999158e+00      0.000000000000000e+00
    1.141969148999158e+00      0.000000000000000e+00
    1.142844148999158e+00      0.000000000000000e+00
    1.143719148999158e+00      0.000000000000000e+00
    1.144594148999158e+00      0.000000000000000e+00
    1.145469148999158e+00      0.000000000000000e+00
    1.146344148999158e+00      0.000000000000000e+00
    1.147219148999158e+00      0.000000000000000e+00
    1.148094148999158e+00      0.000000000000000e+00
    1.148969148999158e+00      0.000000000000000e+00
    1.149844148999158e+00      0.000000000000000e+00
    1.150719148999158e+00      0.000000000000000e+00
    1.151594148999158e+00      0.000000000000000e+00
    1.152469148999158e+00      0.000000000000000e+00
    1.153344148999158e+00      0.000000000000000e+00
    1.154219148999158e+00      0.000000000000000e+00
    1.155094148999158e+00      0.000000000000000e+00
    1.155969148999158e+00      0.000000000000000e+00
    1.156844148999158e+00      0.000000000000000e+00
    1.157719148999158e+00      0.000000000000000e+00
    1.158594148999158e+00      0.000000000000000e+00
    1.159469148999158e+00      0.000000000000000e+00
    1.160344148999158e+00      0.000000000000000e+00
    1.161219148999158e+00      0.000000000000000e+00
    1.162094148999158e+00      0.000000000000000e+00
    1.162969148999158e+00      0.000000000000000e+00
    1.163844148999158e+00      0.000000000000000e+00
    1.164719148999158e+00      0.000000000000000e+00
    1.165594148999158e+00      0.000000000000000e+00
    1.166469148999158e+00      0.000000000000000e+00
    1.167344148999158e+00      0.000000000000000e+00
    1.168219148999158e+00      0.000000000000000e+00
    1.169094148999158e+00      0.000000000000000e+00
    1.169969148999158e+00      0.000000000000000e+00
    1.170844148999158e+00      5.811138014526642e+01
    1.171719148999158e+00      0.000000000000000e+00
    1.172594148999158e+00      0.000000000000000e+00
    1.173469148999158e+00      0.000000000000000e+00
    1.174344148999158e+00      0.000000000000000e+00
    1.175219148999158e+00      0.000000000000000e+00
    1.176094148999158e+00      0.000000000000000e+00
    1.176969148999158e+00      0.000000000000000e+00
    1.177844148999158e+00      0.000000000000000e+00
    1.178719148999158e+00      0.000000000000000e+00
    1.179594148999158e+00      0.000000000000000e+00
    1.180469148999158e+00      0.000000000000000e+00
    1.181344148999158e+00      0.000000000000000e+00
    1.182219148999158e+00      0.000000000000000e+00
    1.183094148999158e+00      0.000000000000000e+00
    1.183969148999158e+00      0.000000000000000e+00
    1.184844148999158e+00      0.000000000000000e+00
    1.185719148999158e+00      0.000000000000000e+00
    1.186594148999158e+00      0.000000000000000e+00
    1.187469148999158e+00      0.000000000000000e+00
    1.188344148999158e+00      0.000000000000000e+00
    1.189219148999158e+00      0.000000000000000e+00
    1.190094148999158e+00      0.000000000000000e+00
    1.190969148999158e+00      0.000000000000000e+00
    1.191844148999158e+00      0.000000000000000e+00
    1.192719148999158e+00      0.000000000000000e+00
    1.193594148999158e+00      0.000000000000000e+00
    1.194469148999158e+00      0.000000000000000e+00
    1.195344148999158e+00      0.000000000000000e+00
    1.196219148999158e+00      0.000000000000000e+00
    1.197094148999158e+00      0.000000000000000e+00
    1.197969148999158e+00      0.000000000000000e+00
    1.198844148999158e+00      0.000000000000000e+00
    1.199719148999158e+00      0.000000000000000e+00
    1.200594148999158e+00      0.000000000000000e+00
    1.201469148999158e+00      0.000000000000000e+00
    1.202344148999158e+00      0.000000000000000e+00
    1.203219148999158e+00      0.000000000000000e+00
    1.204094148999158e+00      0.000000000000000e+00
    1.204969148999158e+00      0.000000000000000e+00
    1.205844148999158e+00      0.000000000000000e+00
    1.206719148999158e+00      0.000000000000000e+00
    1.207594148999158e+00      0.000000000000000e+00
    1.208469148999158e+00      0.000000000000000e+00
    1.209344148999158e+00      0.000000000000000e+00
    1.210219148999158e+00      0.000000000000000e+00
    1.211094148999158e+00      0.000000000000000e+00
    1.211969148999158e+00      0.000000000000000e+00
    1.212844148999158e+00      0.000000000000000e+00
    1.213719148999158e+00      0.000000000000000e+00
    1.214594148999158e+00      0.000000000000000e+00
    1.215469148999158e+00      0.000000000000000e+00
    1.216344148999158e+00      0.000000000000000e+00
    1.217219148999158e+00      0.000000000000000e+00
    1.218094148999158e+00      0.000000000000000e+00
    1.218969148999158e+00      0.000000000000000e+00
    1.219844148999158e+00      0.000000000000000e+00
    1.220719148999158e+00      0.000000000000000e+00
    1.221594148999158e+00      0.000000000000000e+00
    1.222469148999158e+00      0.000000000000000e+00
    1.223344148999158e+00      0.000000000000000e+00
    1.224219148999158e+00      0.000000000000000e+00
    1.225094148999158e+00      0.000000000000000e+00
    1.225969148999158e+00      0.000000000000000e+00
    1.226844148999158e+00      0.000000000000000e+00
    1.227719148999158e+00      0.000000000000000e+00
    1.228594148999158e+00      0.000000000000000e+00
    1.229469148999158e+00      0.000000000000000e+00
    1.230344148999158e+00      0.000000000000000e+00
    1.231219148999158e+00      0.000000000000000e+00
    1.232094148999158e+00      0.000000000000000e+00
    1.232969148999158e+00      0.000000000000000e+00
    1.233844148999158e+00      0.000000000000000e+00
    1.234719148999158e+00      1.937046004842706e+01
