                     bin:                     prob.:
    1.810033174537561e+00      2.421307506053305e+00
    1.817033174537561e+00      0.000000000000000e+00
    1.824033174537561e+00      0.000000000000000e+00
    1.831033174537561e+00      0.000000000000000e+00
    1.838033174537561e+00      0.000000000000000e+00
    1.845033174537561e+00      0.000000000000000e+00
    1.852033174537561e+00      0.000000000000000e+00
    1.859033174537561e+00      0.000000000000000e+00
    1.866033174537561e+00      0.000000000000000e+00
    1.873033174537561e+00      0.000000000000000e+00
    1.880033174537561e+00      0.000000000000000e+00
    1.887033174537561e+00      0.000000000000000e+00
    1.894033174537561e+00      0.000000000000000e+00
    1.901033174537561e+00      0.000000000000000e+00
    1.908033174537561e+00      0.000000000000000e+00
    1.915033174537561e+00      0.000000000000000e+00
    1.922033174537561e+00      0.000000000000000e+00
    1.929033174537561e+00      0.000000000000000e+00
    1.936033174537561e+00      0.000000000000000e+00
    1.943033174537561e+00      0.000000000000000e+00
    1.950033174537561e+00      0.000000000000000e+00
    1.957033174537561e+00      0.000000000000000e+00
    1.964033174537561e+00      0.000000000000000e+00
    1.971033174537561e+00      0.000000000000000e+00
    1.978033174537561e+00      0.000000000000000e+00
    1.985033174537561e+00      0.000000000000000e+00
    1.992033174537561e+00      0.000000000000000e+00
    1.999033174537561e+00      0.000000000000000e+00
    2.006033174537561e+00      0.000000000000000e+00
    2.013033174537561e+00      0.000000000000000e+00
    2.020033174537561e+00      0.000000000000000e+00
    2.027033174537561e+00      0.000000000000000e+00
    2.034033174537561e+00      0.000000000000000e+00
    2.041033174537561e+00      0.000000000000000e+00
    2.048033174537561e+00      0.000000000000000e+00
    2.055033174537561e+00      0.000000000000000e+00
    2.062033174537561e+00      0.000000000000000e+00
    2.069033174537561e+00      0.000000000000000e+00
    2.076033174537561e+00      0.000000000000000e+00
    2.083033174537561e+00      0.000000000000000e+00
    2.090033174537561e+00      0.000000000000000e+00
    2.097033174537561e+00      0.000000000000000e+00
    2.104033174537561e+00      0.000000000000000e+00
    2.111033174537561e+00      0.000000000000000e+00
    2.118033174537561e+00      0.000000000000000e+00
    2.125033174537561e+00      0.000000000000000e+00
    2.132033174537561e+00      0.000000000000000e+00
    2.139033174537561e+00      0.000000000000000e+00
    2.146033174537561e+00      0.000000000000000e+00
    2.153033174537561e+00      0.000000000000000e+00
    2.160033174537561e+00      0.000000000000000e+00
    2.167033174537561e+00      0.000000000000000e+00
    2.174033174537561e+00      0.000000000000000e+00
    2.181033174537561e+00      0.000000000000000e+00
    2.188033174537561e+00      0.000000000000000e+00
    2.195033174537561e+00      0.000000000000000e+00
    2.202033174537561e+00      0.000000000000000e+00
    2.209033174537561e+00      0.000000000000000e+00
    2.216033174537561e+00      0.000000000000000e+00
    2.223033174537561e+00      0.000000000000000e+00
    2.230033174537561e+00      0.000000000000000e+00
    2.237033174537561e+00      0.000000000000000e+00
    2.244033174537561e+00      0.000000000000000e+00
    2.251033174537561e+00      0.000000000000000e+00
    2.258033174537561e+00      0.000000000000000e+00
    2.265033174537561e+00      0.000000000000000e+00
    2.272033174537561e+00      0.000000000000000e+00
    2.279033174537561e+00      0.000000000000000e+00
    2.286033174537561e+00      0.000000000000000e+00
    2.293033174537561e+00      0.000000000000000e+00
    2.300033174537561e+00      0.000000000000000e+00
    2.307033174537561e+00      0.000000000000000e+00
    2.314033174537561e+00      0.000000000000000e+00
    2.321033174537561e+00      0.000000000000000e+00
    2.328033174537561e+00      0.000000000000000e+00
    2.335033174537561e+00      0.000000000000000e+00
    2.342033174537561e+00      0.000000000000000e+00
    2.349033174537561e+00      0.000000000000000e+00
    2.356033174537561e+00      0.000000000000000e+00
    2.363033174537561e+00      0.000000000000000e+00
    2.370033174537561e+00      0.000000000000000e+00
    2.377033174537561e+00      0.000000000000000e+00
    2.384033174537561e+00      0.000000000000000e+00
    2.391033174537561e+00      0.000000000000000e+00
    2.398033174537561e+00      0.000000000000000e+00
    2.405033174537561e+00      0.000000000000000e+00
    2.412033174537561e+00      0.000000000000000e+00
    2.419033174537561e+00      0.000000000000000e+00
    2.426033174537561e+00      0.000000000000000e+00
    2.433033174537561e+00      0.000000000000000e+00
    2.440033174537561e+00      0.000000000000000e+00
    2.447033174537561e+00      0.000000000000000e+00
    2.454033174537561e+00      0.000000000000000e+00
    2.461033174537561e+00      0.000000000000000e+00
    2.468033174537561e+00      0.000000000000000e+00
    2.475033174537561e+00      0.000000000000000e+00
    2.482033174537561e+00      0.000000000000000e+00
    2.489033174537561e+00      0.000000000000000e+00
    2.496033174537561e+00      0.000000000000000e+00
    2.503033174537561e+00      0.000000000000000e+00
    2.510033174537561e+00      0.000000000000000e+00
    2.517033174537561e+00      0.000000000000000e+00
    2.524033174537561e+00      0.000000000000000e+00
    2.531033174537561e+00      0.000000000000000e+00
    2.538033174537561e+00      0.000000000000000e+00
    2.545033174537561e+00      0.000000000000000e+00
    2.552033174537561e+00      0.000000000000000e+00
    2.559033174537561e+00      0.000000000000000e+00
    2.566033174537561e+00      0.000000000000000e+00
    2.573033174537561e+00      0.000000000000000e+00
    2.580033174537561e+00      0.000000000000000e+00
    2.587033174537561e+00      0.000000000000000e+00
    2.594033174537561e+00      0.000000000000000e+00
    2.601033174537561e+00      0.000000000000000e+00
    2.608033174537561e+00      0.000000000000000e+00
    2.615033174537561e+00      4.842615012106457e+00
    2.622033174537561e+00      0.000000000000000e+00
    2.629033174537561e+00      0.000000000000000e+00
    2.636033174537561e+00      0.000000000000000e+00
    2.643033174537561e+00      0.000000000000000e+00
    2.650033174537561e+00      0.000000000000000e+00
    2.657033174537561e+00      0.000000000000000e+00
    2.664033174537561e+00      0.000000000000000e+00
    2.671033174537561e+00      0.000000000000000e+00
    2.678033174537561e+00      0.000000000000000e+00
    2.685033174537561e+00      0.000000000000000e+00
    2.692033174537561e+00      0.000000000000000e+00
    2.699033174537561e+00      0.000000000000000e+00
    2.706033174537561e+00      0.000000000000000e+00
    2.713033174537561e+00      0.000000000000000e+00
    2.720033174537561e+00      0.000000000000000e+00
    2.727033174537561e+00      0.000000000000000e+00
    2.734033174537561e+00      0.000000000000000e+00
    2.741033174537561e+00      0.000000000000000e+00
    2.748033174537561e+00      0.000000000000000e+00
    2.755033174537561e+00      0.000000000000000e+00
    2.762033174537561e+00      0.000000000000000e+00
    2.769033174537561e+00      0.000000000000000e+00
    2.776033174537561e+00      0.000000000000000e+00
    2.783033174537561e+00      0.000000000000000e+00
    2.790033174537561e+00      0.000000000000000e+00
    2.797033174537561e+00      0.000000000000000e+00
    2.804033174537561e+00      0.000000000000000e+00
    2.811033174537561e+00      0.000000000000000e+00
    2.818033174537561e+00      0.000000000000000e+00
    2.825033174537561e+00      0.000000000000000e+00
    2.832033174537561e+00      0.000000000000000e+00
    2.839033174537561e+00      0.000000000000000e+00
    2.846033174537562e+00      0.000000000000000e+00
    2.853033174537561e+00      0.000000000000000e+00
    2.860033174537561e+00      0.000000000000000e+00
    2.867033174537561e+00      0.000000000000000e+00
    2.874033174537561e+00      0.000000000000000e+00
    2.881033174537561e+00      0.000000000000000e+00
    2.888033174537561e+00      0.000000000000000e+00
    2.895033174537561e+00      0.000000000000000e+00
    2.902033174537561e+00      0.000000000000000e+00
    2.909033174537561e+00      0.000000000000000e+00
    2.916033174537561e+00      0.000000000000000e+00
    2.923033174537562e+00      0.000000000000000e+00
    2.930033174537561e+00      0.000000000000000e+00
    2.937033174537561e+00      0.000000000000000e+00
    2.944033174537561e+00      0.000000000000000e+00
    2.951033174537561e+00      0.000000000000000e+00
    2.958033174537561e+00      0.000000000000000e+00
    2.965033174537561e+00      0.000000000000000e+00
    2.972033174537561e+00      0.000000000000000e+00
    2.979033174537562e+00      0.000000000000000e+00
    2.986033174537561e+00      0.000000000000000e+00
    2.993033174537561e+00      0.000000000000000e+00
    3.000033174537561e+00      0.000000000000000e+00
    3.007033174537561e+00      0.000000000000000e+00
    3.014033174537561e+00      0.000000000000000e+00
    3.021033174537561e+00      0.000000000000000e+00
    3.028033174537561e+00      0.000000000000000e+00
    3.035033174537561e+00      0.000000000000000e+00
    3.042033174537561e+00      0.000000000000000e+00
    3.049033174537561e+00      0.000000000000000e+00
    3.056033174537562e+00      0.000000000000000e+00
    3.063033174537561e+00      0.000000000000000e+00
    3.070033174537561e+00      0.000000000000000e+00
    3.077033174537561e+00      0.000000000000000e+00
    3.084033174537561e+00      0.000000000000000e+00
    3.091033174537561e+00      0.000000000000000e+00
    3.098033174537561e+00      0.000000000000000e+00
    3.105033174537561e+00      0.000000000000000e+00
    3.112033174537562e+00      0.000000000000000e+00
    3.119033174537561e+00      0.000000000000000e+00
    3.126033174537561e+00      0.000000000000000e+00
    3.133033174537561e+00      0.000000000000000e+00
    3.140033174537561e+00      0.000000000000000e+00
    3.147033174537561e+00      0.000000000000000e+00
    3.154033174537561e+00      0.000000000000000e+00
    3.161033174537561e+00      0.000000000000000e+00
    3.168033174537561e+00      0.000000000000000e+00
    3.175033174537561e+00      0.000000000000000e+00
    3.182033174537561e+00      0.000000000000000e+00
    3.189033174537562e+00      0.000000000000000e+00
    3.196033174537561e+00      0.000000000000000e+00
    3.203033174537561e+00      0.000000000000000e+00
    3.210033174537561e+00      0.000000000000000e+00
    3.217033174537561e+00      0.000000000000000e+00
    3.224033174537561e+00      0.000000000000000e+00
    3.231033174537561e+00      0.000000000000000e+00
    3.238033174537561e+00      0.000000000000000e+00
    3.245033174537562e+00      0.000000000000000e+00
    3.252033174537561e+00      0.000000000000000e+00
    3.259033174537561e+00      0.000000000000000e+00
    3.266033174537561e+00      0.000000000000000e+00
    3.273033174537561e+00      0.000000000000000e+00
    3.280033174537561e+00      0.000000000000000e+00
    3.287033174537561e+00      0.000000000000000e+00
    3.294033174537561e+00      0.000000000000000e+00
    3.301033174537562e+00      0.000000000000000e+00
    3.308033174537561e+00      0.000000000000000e+00
    3.315033174537561e+00      0.000000000000000e+00
    3.322033174537562e+00      0.000000000000000e+00
    3.329033174537561e+00      0.000000000000000e+00
    3.336033174537561e+00      0.000000000000000e+00
    3.343033174537561e+00      0.000000000000000e+00
    3.350033174537561e+00      0.000000000000000e+00
    3.357033174537561e+00      0.000000000000000e+00
    3.364033174537561e+00      0.000000000000000e+00
    3.371033174537561e+00      0.000000000000000e+00
    3.378033174537562e+00      0.000000000000000e+00
    3.385033174537561e+00      0.000000000000000e+00
    3.392033174537561e+00      0.000000000000000e+00
    3.399033174537561e+00      0.000000000000000e+00
    3.406033174537561e+00      0.000000000000000e+00
    3.413033174537561e+00      0.000000000000000e+00
    3.420033174537561e+00      0.000000000000000e+00
    3.427033174537561e+00      2.421307506053075e+00
    3.434033174537562e+00      0.000000000000000e+00
    3.441033174537561e+00      0.000000000000000e+00
    3.448033174537561e+00      0.000000000000000e+00
    3.455033174537562e+00      0.000000000000000e+00
    3.462033174537561e+00      0.000000000000000e+00
    3.469033174537561e+00      0.000000000000000e+00
    3.476033174537561e+00      0.000000000000000e+00
    3.483033174537561e+00      0.000000000000000e+00
    3.490033174537561e+00      0.000000000000000e+00
    3.497033174537561e+00      0.000000000000000e+00
    3.504033174537561e+00      0.000000000000000e+00
    3.511033174537562e+00      0.000000000000000e+00
    3.518033174537561e+00      0.000000000000000e+00
    3.525033174537561e+00      0.000000000000000e+00
    3.532033174537561e+00      0.000000000000000e+00
    3.539033174537561e+00      0.000000000000000e+00
    3.546033174537561e+00      0.000000000000000e+00
    3.553033174537561e+00      0.000000000000000e+00
    3.560033174537561e+00      0.000000000000000e+00
    3.567033174537562e+00      0.000000000000000e+00
    3.574033174537561e+00      0.000000000000000e+00
    3.581033174537561e+00      0.000000000000000e+00
    3.588033174537562e+00      0.000000000000000e+00
    3.595033174537561e+00      0.000000000000000e+00
    3.602033174537561e+00      0.000000000000000e+00
    3.609033174537561e+00      0.000000000000000e+00
    3.616033174537561e+00      0.000000000000000e+00
    3.623033174537561e+00      0.000000000000000e+00
    3.630033174537561e+00      0.000000000000000e+00
    3.637033174537561e+00      0.000000000000000e+00
    3.644033174537562e+00      0.000000000000000e+00
    3.651033174537561e+00      0.000000000000000e+00
    3.658033174537561e+00      0.000000000000000e+00
    3.665033174537562e+00      0.000000000000000e+00
    3.672033174537561e+00      0.000000000000000e+00
    3.679033174537561e+00      0.000000000000000e+00
    3.686033174537561e+00      0.000000000000000e+00
    3.693033174537561e+00      0.000000000000000e+00
    3.700033174537562e+00      0.000000000000000e+00
    3.707033174537561e+00      0.000000000000000e+00
    3.714033174537561e+00      0.000000000000000e+00
    3.721033174537562e+00      0.000000000000000e+00
    3.728033174537561e+00      0.000000000000000e+00
    3.735033174537561e+00      0.000000000000000e+00
    3.742033174537561e+00      0.000000000000000e+00
    3.749033174537561e+00      0.000000000000000e+00
    3.756033174537561e+00      0.000000000000000e+00
    3.763033174537561e+00      0.000000000000000e+00
    3.770033174537561e+00      0.000000000000000e+00
    3.777033174537562e+00      0.000000000000000e+00
    3.784033174537561e+00      0.000000000000000e+00
    3.791033174537561e+00      0.000000000000000e+00
    3.798033174537562e+00      0.000000000000000e+00
    3.805033174537561e+00      0.000000000000000e+00
    3.812033174537561e+00      0.000000000000000e+00
    3.819033174537561e+00      0.000000000000000e+00
    3.826033174537562e+00      0.000000000000000e+00
    3.833033174537561e+00      0.000000000000000e+00
    3.840033174537561e+00      0.000000000000000e+00
    3.847033174537561e+00      0.000000000000000e+00
    3.854033174537562e+00      0.000000000000000e+00
    3.861033174537561e+00      0.000000000000000e+00
    3.868033174537561e+00      0.000000000000000e+00
    3.875033174537561e+00      0.000000000000000e+00
    3.882033174537562e+00      0.000000000000000e+00
    3.889033174537561e+00      0.000000000000000e+00
    3.896033174537561e+00      0.000000000000000e+00
    3.903033174537561e+00      0.000000000000000e+00
    3.910033174537561e+00      0.000000000000000e+00
    3.917033174537561e+00      0.000000000000000e+00
    3.924033174537561e+00      0.000000000000000e+00
    3.931033174537562e+00      0.000000000000000e+00
    3.938033174537561e+00      0.000000000000000e+00
    3.945033174537561e+00      0.000000000000000e+00
    3.952033174537561e+00      0.000000000000000e+00
    3.959033174537562e+00      0.000000000000000e+00
    3.966033174537561e+00      0.000000000000000e+00
    3.973033174537561e+00      0.000000000000000e+00
    3.980033174537561e+00      0.000000000000000e+00
    3.987033174537562e+00      0.000000000000000e+00
    3.994033174537561e+00      0.000000000000000e+00
    4.001033174537561e+00      0.000000000000000e+00
    4.008033174537561e+00      0.000000000000000e+00
    4.015033174537562e+00      0.000000000000000e+00
    4.022033174537562e+00      0.000000000000000e+00
    4.029033174537561e+00      0.000000000000000e+00
    4.036033174537561e+00      0.000000000000000e+00
    4.043033174537562e+00      0.000000000000000e+00
    4.050033174537561e+00      0.000000000000000e+00
    4.057033174537562e+00      0.000000000000000e+00
    4.064033174537562e+00      0.000000000000000e+00
    4.071033174537561e+00      0.000000000000000e+00
    4.078033174537561e+00      0.000000000000000e+00
    4.085033174537561e+00      0.000000000000000e+00
    4.092033174537562e+00      0.000000000000000e+00
    4.099033174537562e+00      0.000000000000000e+00
    4.106033174537561e+00      0.000000000000000e+00
    4.113033174537561e+00      0.000000000000000e+00
    4.120033174537562e+00      0.000000000000000e+00
    4.127033174537561e+00      0.000000000000000e+00
    4.134033174537562e+00      0.000000000000000e+00
    4.141033174537561e+00      0.000000000000000e+00
    4.148033174537561e+00      0.000000000000000e+00
    4.155033174537561e+00      0.000000000000000e+00
    4.162033174537561e+00      0.000000000000000e+00
    4.169033174537562e+00      0.000000000000000e+00
    4.176033174537562e+00      0.000000000000000e+00
    4.183033174537561e+00      0.000000000000000e+00
    4.190033174537561e+00      0.000000000000000e+00
    4.197033174537562e+00      0.000000000000000e+00
    4.204033174537561e+00      0.000000000000000e+00
    4.211033174537562e+00      0.000000000000000e+00
    4.218033174537561e+00      0.000000000000000e+00
    4.225033174537561e+00      0.000000000000000e+00
    4.232033174537561e+00      0.000000000000000e+00
    4.239033174537561e+00      4.842615012106149e+00
    4.246033174537562e+00      0.000000000000000e+00
    4.253033174537562e+00      0.000000000000000e+00
    4.260033174537561e+00      0.000000000000000e+00
    4.267033174537561e+00      0.000000000000000e+00
    4.274033174537561e+00      0.000000000000000e+00
    4.281033174537562e+00      0.000000000000000e+00
    4.288033174537562e+00      0.000000000000000e+00
    4.295033174537561e+00      0.000000000000000e+00
    4.302033174537561e+00      0.000000000000000e+00
    4.309033174537562e+00      0.000000000000000e+00
    4.316033174537561e+00      0.000000000000000e+00
    4.323033174537562e+00      0.000000000000000e+00
    4.330033174537562e+00      0.000000000000000e+00
    4.337033174537561e+00      0.000000000000000e+00
    4.344033174537561e+00      0.000000000000000e+00
    4.351033174537561e+00      0.000000000000000e+00
    4.358033174537562e+00      0.000000000000000e+00
    4.365033174537562e+00      0.000000000000000e+00
    4.372033174537561e+00      0.000000000000000e+00
    4.379033174537561e+00      0.000000000000000e+00
    4.386033174537562e+00      0.000000000000000e+00
    4.393033174537561e+00      0.000000000000000e+00
    4.400033174537562e+00      0.000000000000000e+00
    4.407033174537561e+00      0.000000000000000e+00
    4.414033174537561e+00      0.000000000000000e+00
    4.421033174537561e+00      0.000000000000000e+00
    4.428033174537561e+00      0.000000000000000e+00
    4.435033174537562e+00      0.000000000000000e+00
    4.442033174537562e+00      0.000000000000000e+00
    4.449033174537561e+00      0.000000000000000e+00
    4.456033174537561e+00      0.000000000000000e+00
    4.463033174537562e+00      0.000000000000000e+00
    4.470033174537562e+00      0.000000000000000e+00
    4.477033174537562e+00      0.000000000000000e+00
    4.484033174537561e+00      0.000000000000000e+00
    4.491033174537561e+00      0.000000000000000e+00
    4.498033174537562e+00      0.000000000000000e+00
    4.505033174537561e+00      0.000000000000000e+00
    4.512033174537562e+00      0.000000000000000e+00
    4.519033174537562e+00      0.000000000000000e+00
    4.526033174537561e+00      0.000000000000000e+00
    4.533033174537561e+00      0.000000000000000e+00
    4.540033174537562e+00      0.000000000000000e+00
    4.547033174537562e+00      0.000000000000000e+00
    4.554033174537562e+00      0.000000000000000e+00
    4.561033174537561e+00      0.000000000000000e+00
    4.568033174537561e+00      0.000000000000000e+00
    4.575033174537562e+00      0.000000000000000e+00
    4.582033174537561e+00      0.000000000000000e+00
    4.589033174537562e+00      0.000000000000000e+00
    4.596033174537562e+00      0.000000000000000e+00
    4.603033174537561e+00      0.000000000000000e+00
    4.610033174537561e+00      0.000000000000000e+00
    4.617033174537561e+00      0.000000000000000e+00
    4.624033174537562e+00      0.000000000000000e+00
    4.631033174537562e+00      0.000000000000000e+00
    4.638033174537561e+00      0.000000000000000e+00
    4.645033174537561e+00      0.000000000000000e+00
    4.652033174537562e+00      0.000000000000000e+00
    4.659033174537561e+00      0.000000000000000e+00
    4.666033174537562e+00      0.000000000000000e+00
    4.673033174537562e+00      0.000000000000000e+00
    4.680033174537561e+00      0.000000000000000e+00
    4.687033174537561e+00      0.000000000000000e+00
    4.694033174537561e+00      0.000000000000000e+00
    4.701033174537562e+00      0.000000000000000e+00
    4.708033174537562e+00      0.000000000000000e+00
    4.715033174537561e+00      0.000000000000000e+00
    4.722033174537561e+00      0.000000000000000e+00
    4.729033174537562e+00      0.000000000000000e+00
    4.736033174537562e+00      0.000000000000000e+00
    4.743033174537562e+00      0.000000000000000e+00
    4.750033174537561e+00      0.000000000000000e+00
    4.757033174537561e+00      0.000000000000000e+00
    4.764033174537562e+00      0.000000000000000e+00
    4.771033174537561e+00      0.000000000000000e+00
    4.778033174537562e+00      0.000000000000000e+00
    4.785033174537562e+00      0.000000000000000e+00
    4.792033174537561e+00      0.000000000000000e+00
    4.799033174537561e+00      0.000000000000000e+00
    4.806033174537562e+00      0.000000000000000e+00
    4.813033174537562e+00      0.000000000000000e+00
    4.820033174537562e+00      0.000000000000000e+00
    4.827033174537561e+00      0.000000000000000e+00
    4.834033174537561e+00      0.000000000000000e+00
    4.841033174537562e+00      0.000000000000000e+00
    4.848033174537561e+00      0.000000000000000e+00
    4.855033174537562e+00      0.000000000000000e+00
    4.862033174537562e+00      0.000000000000000e+00
    4.869033174537561e+00      0.000000000000000e+00
    4.876033174537561e+00      0.000000000000000e+00
    4.883033174537561e+00      0.000000000000000e+00
    4.890033174537562e+00      0.000000000000000e+00
    4.897033174537562e+00      0.000000000000000e+00
    4.904033174537561e+00      0.000000000000000e+00
    4.911033174537561e+00      0.000000000000000e+00
    4.918033174537562e+00      0.000000000000000e+00
    4.925033174537562e+00      0.000000000000000e+00
    4.932033174537562e+00      0.000000000000000e+00
    4.939033174537562e+00      0.000000000000000e+00
    4.946033174537561e+00      0.000000000000000e+00
    4.953033174537561e+00      0.000000000000000e+00
    4.960033174537561e+00      0.000000000000000e+00
    4.967033174537562e+00      0.000000000000000e+00
    4.974033174537562e+00      0.000000000000000e+00
    4.981033174537561e+00      0.000000000000000e+00
    4.988033174537561e+00      0.000000000000000e+00
    4.995033174537562e+00      0.000000000000000e+00
    5.002033174537562e+00      0.000000000000000e+00
    5.009033174537562e+00      0.000000000000000e+00
    5.016033174537561e+00      0.000000000000000e+00
    5.023033174537561e+00      0.000000000000000e+00
    5.030033174537562e+00      0.000000000000000e+00
    5.037033174537561e+00      0.000000000000000e+00
    5.044033174537562e+00      2.421307506053382e+00
    5.051033174537562e+00      0.000000000000000e+00
    5.058033174537561e+00      0.000000000000000e+00
    5.065033174537561e+00      0.000000000000000e+00
    5.072033174537562e+00      0.000000000000000e+00
    5.079033174537562e+00      0.000000000000000e+00
    5.086033174537562e+00      0.000000000000000e+00
    5.093033174537561e+00      0.000000000000000e+00
    5.100033174537561e+00      0.000000000000000e+00
    5.107033174537562e+00      0.000000000000000e+00
    5.114033174537561e+00      0.000000000000000e+00
    5.121033174537562e+00      0.000000000000000e+00
    5.128033174537562e+00      0.000000000000000e+00
    5.135033174537561e+00      0.000000000000000e+00
    5.142033174537561e+00      0.000000000000000e+00
    5.149033174537561e+00      0.000000000000000e+00
    5.156033174537562e+00      0.000000000000000e+00
    5.163033174537562e+00      0.000000000000000e+00
    5.170033174537561e+00      0.000000000000000e+00
    5.177033174537561e+00      0.000000000000000e+00
    5.184033174537562e+00      0.000000000000000e+00
    5.191033174537562e+00      0.000000000000000e+00
    5.198033174537562e+00      0.000000000000000e+00
    5.205033174537562e+00      0.000000000000000e+00
    5.212033174537561e+00      0.000000000000000e+00
    5.219033174537562e+00      0.000000000000000e+00
    5.226033174537561e+00      0.000000000000000e+00
    5.233033174537562e+00      0.000000000000000e+00
    5.240033174537562e+00      0.000000000000000e+00
    5.247033174537561e+00      0.000000000000000e+00
    5.254033174537561e+00      0.000000000000000e+00
    5.261033174537562e+00      0.000000000000000e+00
    5.268033174537562e+00      0.000000000000000e+00
    5.275033174537562e+00      0.000000000000000e+00
    5.282033174537561e+00      0.000000000000000e+00
    5.289033174537561e+00      0.000000000000000e+00
    5.296033174537562e+00      0.000000000000000e+00
    5.303033174537561e+00      0.000000000000000e+00
    5.310033174537562e+00      0.000000000000000e+00
    5.317033174537562e+00      0.000000000000000e+00
    5.324033174537561e+00      0.000000000000000e+00
    5.331033174537561e+00      0.000000000000000e+00
    5.338033174537562e+00      0.000000000000000e+00
    5.345033174537562e+00      0.000000000000000e+00
    5.352033174537562e+00      0.000000000000000e+00
    5.359033174537561e+00      0.000000000000000e+00
    5.366033174537561e+00      0.000000000000000e+00
    5.373033174537562e+00      0.000000000000000e+00
    5.380033174537562e+00      0.000000000000000e+00
    5.387033174537562e+00      0.000000000000000e+00
    5.394033174537562e+00      0.000000000000000e+00
    5.401033174537561e+00      0.000000000000000e+00
    5.408033174537561e+00      0.000000000000000e+00
    5.415033174537562e+00      0.000000000000000e+00
    5.422033174537562e+00      0.000000000000000e+00
    5.429033174537562e+00      0.000000000000000e+00
    5.436033174537561e+00      0.000000000000000e+00
    5.443033174537561e+00      0.000000000000000e+00
    5.450033174537562e+00      0.000000000000000e+00
    5.457033174537562e+00      0.000000000000000e+00
    5.464033174537562e+00      0.000000000000000e+00
    5.471033174537562e+00      0.000000000000000e+00
    5.478033174537561e+00      0.000000000000000e+00
    5.485033174537562e+00      0.000000000000000e+00
    5.492033174537561e+00      0.000000000000000e+00
    5.499033174537562e+00      0.000000000000000e+00
    5.506033174537562e+00      0.000000000000000e+00
    5.513033174537561e+00      0.000000000000000e+00
    5.520033174537561e+00      0.000000000000000e+00
    5.527033174537562e+00      0.000000000000000e+00
    5.534033174537562e+00      0.000000000000000e+00
    5.541033174537562e+00      0.000000000000000e+00
    5.548033174537562e+00      0.000000000000000e+00
    5.555033174537561e+00      0.000000000000000e+00
    5.562033174537562e+00      0.000000000000000e+00
    5.569033174537561e+00      0.000000000000000e+00
    5.576033174537562e+00      0.000000000000000e+00
    5.583033174537562e+00      0.000000000000000e+00
    5.590033174537561e+00      0.000000000000000e+00
    5.597033174537561e+00      0.000000000000000e+00
    5.604033174537562e+00      0.000000000000000e+00
    5.611033174537562e+00      0.000000000000000e+00
    5.618033174537562e+00      0.000000000000000e+00
    5.625033174537561e+00      0.000000000000000e+00
    5.632033174537561e+00      0.000000000000000e+00
    5.639033174537562e+00      0.000000000000000e+00
    5.646033174537562e+00      0.000000000000000e+00
    5.653033174537562e+00      0.000000000000000e+00
    5.660033174537562e+00      0.000000000000000e+00
    5.667033174537561e+00      0.000000000000000e+00
    5.674033174537562e+00      0.000000000000000e+00
    5.681033174537562e+00      0.000000000000000e+00
    5.688033174537562e+00      0.000000000000000e+00
    5.695033174537562e+00      0.000000000000000e+00
    5.702033174537561e+00      0.000000000000000e+00
    5.709033174537561e+00      0.000000000000000e+00
    5.716033174537562e+00      0.000000000000000e+00
    5.723033174537562e+00      0.000000000000000e+00
    5.730033174537562e+00      0.000000000000000e+00
    5.737033174537562e+00      0.000000000000000e+00
    5.744033174537561e+00      0.000000000000000e+00
    5.751033174537562e+00      0.000000000000000e+00
    5.758033174537561e+00      0.000000000000000e+00
    5.765033174537562e+00      0.000000000000000e+00
    5.772033174537562e+00      0.000000000000000e+00
    5.779033174537561e+00      0.000000000000000e+00
    5.786033174537561e+00      0.000000000000000e+00
    5.793033174537562e+00      0.000000000000000e+00
    5.800033174537562e+00      0.000000000000000e+00
    5.807033174537562e+00      0.000000000000000e+00
    5.814033174537562e+00      0.000000000000000e+00
    5.821033174537562e+00      0.000000000000000e+00
    5.828033174537562e+00      0.000000000000000e+00
    5.835033174537561e+00      0.000000000000000e+00
    5.842033174537562e+00      0.000000000000000e+00
    5.849033174537562e+00      0.000000000000000e+00
    5.856033174537561e+00      4.842615012106149e+00
    5.863033174537562e+00      0.000000000000000e+00
    5.870033174537562e+00      0.000000000000000e+00
    5.877033174537561e+00      0.000000000000000e+00
    5.884033174537562e+00      0.000000000000000e+00
    5.891033174537561e+00      0.000000000000000e+00
    5.898033174537562e+00      0.000000000000000e+00
    5.905033174537562e+00      0.000000000000000e+00
    5.912033174537561e+00      0.000000000000000e+00
    5.919033174537562e+00      0.000000000000000e+00
    5.926033174537562e+00      0.000000000000000e+00
    5.933033174537561e+00      0.000000000000000e+00
    5.940033174537562e+00      0.000000000000000e+00
    5.947033174537562e+00      0.000000000000000e+00
    5.954033174537562e+00      0.000000000000000e+00
    5.961033174537562e+00      0.000000000000000e+00
    5.968033174537561e+00      0.000000000000000e+00
    5.975033174537562e+00      0.000000000000000e+00
    5.982033174537562e+00      0.000000000000000e+00
    5.989033174537561e+00      0.000000000000000e+00
    5.996033174537562e+00      0.000000000000000e+00
    6.003033174537562e+00      0.000000000000000e+00
    6.010033174537561e+00      0.000000000000000e+00
    6.017033174537562e+00      0.000000000000000e+00
    6.024033174537561e+00      0.000000000000000e+00
    6.031033174537562e+00      0.000000000000000e+00
    6.038033174537562e+00      0.000000000000000e+00
    6.045033174537561e+00      0.000000000000000e+00
    6.052033174537562e+00      0.000000000000000e+00
    6.059033174537562e+00      0.000000000000000e+00
    6.066033174537561e+00      0.000000000000000e+00
    6.073033174537562e+00      0.000000000000000e+00
    6.080033174537562e+00      0.000000000000000e+00
    6.087033174537562e+00      0.000000000000000e+00
    6.094033174537562e+00      0.000000000000000e+00
    6.101033174537561e+00      0.000000000000000e+00
    6.108033174537562e+00      0.000000000000000e+00
    6.115033174537562e+00      0.000000000000000e+00
    6.122033174537561e+00      0.000000000000000e+00
    6.129033174537562e+00      0.000000000000000e+00
    6.136033174537562e+00      0.000000000000000e+00
    6.143033174537561e+00      0.000000000000000e+00
    6.150033174537562e+00      0.000000000000000e+00
    6.157033174537561e+00      0.000000000000000e+00
    6.164033174537562e+00      0.000000000000000e+00
    6.171033174537562e+00      0.000000000000000e+00
    6.178033174537561e+00      0.000000000000000e+00
    6.185033174537562e+00      0.000000000000000e+00
    6.192033174537562e+00      0.000000000000000e+00
    6.199033174537561e+00      0.000000000000000e+00
    6.206033174537562e+00      0.000000000000000e+00
    6.213033174537562e+00      0.000000000000000e+00
    6.220033174537562e+00      0.000000000000000e+00
    6.227033174537562e+00      0.000000000000000e+00
    6.234033174537561e+00      0.000000000000000e+00
    6.241033174537562e+00      0.000000000000000e+00
    6.248033174537562e+00      0.000000000000000e+00
    6.255033174537561e+00      0.000000000000000e+00
    6.262033174537562e+00      0.000000000000000e+00
    6.269033174537562e+00      0.000000000000000e+00
    6.276033174537562e+00      0.000000000000000e+00
    6.283033174537562e+00      0.000000000000000e+00
    6.290033174537562e+00      0.000000000000000e+00
    6.297033174537562e+00      0.000000000000000e+00
    6.304033174537562e+00      0.000000000000000e+00
    6.311033174537561e+00      0.000000000000000e+00
    6.318033174537562e+00      0.000000000000000e+00
    6.325033174537562e+00      0.000000000000000e+00
    6.332033174537561e+00      0.000000000000000e+00
    6.339033174537562e+00      0.000000000000000e+00
    6.346033174537562e+00      0.000000000000000e+00
    6.353033174537562e+00      0.000000000000000e+00
    6.360033174537562e+00      0.000000000000000e+00
    6.367033174537561e+00      0.000000000000000e+00
    6.374033174537562e+00      0.000000000000000e+00
    6.381033174537562e+00      0.000000000000000e+00
    6.388033174537561e+00      0.000000000000000e+00
    6.395033174537562e+00      0.000000000000000e+00
    6.402033174537562e+00      0.000000000000000e+00
    6.409033174537562e+00      0.000000000000000e+00
    6.416033174537562e+00      0.000000000000000e+00
    6.423033174537562e+00      0.000000000000000e+00
    6.430033174537562e+00      0.000000000000000e+00
    6.437033174537562e+00      0.000000000000000e+00
    6.444033174537561e+00      0.000000000000000e+00
    6.451033174537562e+00      0.000000000000000e+00
    6.458033174537562e+00      0.000000000000000e+00
    6.465033174537561e+00      0.000000000000000e+00
    6.472033174537562e+00      0.000000000000000e+00
    6.479033174537562e+00      0.000000000000000e+00
    6.486033174537562e+00      0.000000000000000e+00
    6.493033174537562e+00      0.000000000000000e+00
    6.500033174537561e+00      0.000000000000000e+00
    6.507033174537562e+00      0.000000000000000e+00
    6.514033174537562e+00      0.000000000000000e+00
    6.521033174537561e+00      0.000000000000000e+00
    6.528033174537562e+00      0.000000000000000e+00
    6.535033174537562e+00      0.000000000000000e+00
    6.542033174537562e+00      0.000000000000000e+00
    6.549033174537562e+00      0.000000000000000e+00
    6.556033174537562e+00      0.000000000000000e+00
    6.563033174537562e+00      0.000000000000000e+00
    6.570033174537562e+00      0.000000000000000e+00
    6.577033174537561e+00      0.000000000000000e+00
    6.584033174537562e+00      0.000000000000000e+00
    6.591033174537562e+00      0.000000000000000e+00
    6.598033174537561e+00      0.000000000000000e+00
    6.605033174537562e+00      0.000000000000000e+00
    6.612033174537562e+00      0.000000000000000e+00
    6.619033174537562e+00      0.000000000000000e+00
    6.626033174537562e+00      0.000000000000000e+00
    6.633033174537561e+00      0.000000000000000e+00
    6.640033174537562e+00      0.000000000000000e+00
    6.647033174537562e+00      0.000000000000000e+00
    6.654033174537561e+00      0.000000000000000e+00
    6.661033174537562e+00      0.000000000000000e+00
    6.668033174537562e+00      2.421307506053075e+00
    6.675033174537562e+00      0.000000000000000e+00
    6.682033174537562e+00      0.000000000000000e+00
    6.689033174537562e+00      0.000000000000000e+00
    6.696033174537562e+00      0.000000000000000e+00
    6.703033174537562e+00      0.000000000000000e+00
    6.710033174537561e+00      0.000000000000000e+00
    6.717033174537562e+00      0.000000000000000e+00
    6.724033174537562e+00      0.000000000000000e+00
    6.731033174537562e+00      0.000000000000000e+00
    6.738033174537562e+00      0.000000000000000e+00
    6.745033174537562e+00      0.000000000000000e+00
    6.752033174537562e+00      0.000000000000000e+00
    6.759033174537562e+00      0.000000000000000e+00
    6.766033174537561e+00      0.000000000000000e+00
    6.773033174537562e+00      0.000000000000000e+00
    6.780033174537562e+00      0.000000000000000e+00
    6.787033174537561e+00      0.000000000000000e+00
    6.794033174537562e+00      0.000000000000000e+00
    6.801033174537562e+00      0.000000000000000e+00
    6.808033174537562e+00      0.000000000000000e+00
    6.815033174537562e+00      0.000000000000000e+00
    6.822033174537562e+00      0.000000000000000e+00
    6.829033174537562e+00      0.000000000000000e+00
    6.836033174537562e+00      0.000000000000000e+00
    6.843033174537561e+00      0.000000000000000e+00
    6.850033174537562e+00      0.000000000000000e+00
    6.857033174537562e+00      0.000000000000000e+00
    6.864033174537562e+00      0.000000000000000e+00
    6.871033174537562e+00      0.000000000000000e+00
    6.878033174537562e+00      0.000000000000000e+00
    6.885033174537562e+00      0.000000000000000e+00
    6.892033174537562e+00      0.000000000000000e+00
    6.899033174537561e+00      0.000000000000000e+00
    6.906033174537562e+00      0.000000000000000e+00
    6.913033174537562e+00      0.000000000000000e+00
    6.920033174537561e+00      0.000000000000000e+00
    6.927033174537562e+00      0.000000000000000e+00
    6.934033174537562e+00      0.000000000000000e+00
    6.941033174537562e+00      0.000000000000000e+00
    6.948033174537562e+00      0.000000000000000e+00
    6.955033174537562e+00      0.000000000000000e+00
    6.962033174537562e+00      0.000000000000000e+00
    6.969033174537562e+00      0.000000000000000e+00
    6.976033174537561e+00      0.000000000000000e+00
    6.983033174537562e+00      0.000000000000000e+00
    6.990033174537562e+00      0.000000000000000e+00
    6.997033174537562e+00      0.000000000000000e+00
    7.004033174537562e+00      0.000000000000000e+00
    7.011033174537562e+00      0.000000000000000e+00
    7.018033174537562e+00      0.000000000000000e+00
    7.025033174537562e+00      0.000000000000000e+00
    7.032033174537561e+00      0.000000000000000e+00
    7.039033174537562e+00      0.000000000000000e+00
    7.046033174537562e+00      0.000000000000000e+00
    7.053033174537561e+00      0.000000000000000e+00
    7.060033174537562e+00      0.000000000000000e+00
    7.067033174537562e+00      0.000000000000000e+00
    7.074033174537562e+00      0.000000000000000e+00
    7.081033174537562e+00      0.000000000000000e+00
    7.088033174537562e+00      0.000000000000000e+00
    7.095033174537562e+00      0.000000000000000e+00
    7.102033174537562e+00      0.000000000000000e+00
    7.109033174537561e+00      0.000000000000000e+00
    7.116033174537562e+00      0.000000000000000e+00
    7.123033174537562e+00      0.000000000000000e+00
    7.130033174537562e+00      0.000000000000000e+00
    7.137033174537562e+00      0.000000000000000e+00
    7.144033174537562e+00      0.000000000000000e+00
    7.151033174537562e+00      0.000000000000000e+00
    7.158033174537562e+00      0.000000000000000e+00
    7.165033174537562e+00      0.000000000000000e+00
    7.172033174537562e+00      0.000000000000000e+00
    7.179033174537562e+00      0.000000000000000e+00
    7.186033174537562e+00      0.000000000000000e+00
    7.193033174537562e+00      0.000000000000000e+00
    7.200033174537562e+00      0.000000000000000e+00
    7.207033174537562e+00      0.000000000000000e+00
    7.214033174537562e+00      0.000000000000000e+00
    7.221033174537562e+00      0.000000000000000e+00
    7.228033174537562e+00      0.000000000000000e+00
    7.235033174537562e+00      0.000000000000000e+00
    7.242033174537561e+00      0.000000000000000e+00
    7.249033174537562e+00      0.000000000000000e+00
    7.256033174537562e+00      0.000000000000000e+00
    7.263033174537562e+00      0.000000000000000e+00
    7.270033174537562e+00      0.000000000000000e+00
    7.277033174537562e+00      0.000000000000000e+00
    7.284033174537562e+00      0.000000000000000e+00
    7.291033174537562e+00      0.000000000000000e+00
    7.298033174537562e+00      0.000000000000000e+00
    7.305033174537562e+00      0.000000000000000e+00
    7.312033174537562e+00      0.000000000000000e+00
    7.319033174537562e+00      0.000000000000000e+00
    7.326033174537562e+00      0.000000000000000e+00
    7.333033174537562e+00      0.000000000000000e+00
    7.340033174537562e+00      0.000000000000000e+00
    7.347033174537562e+00      0.000000000000000e+00
    7.354033174537562e+00      0.000000000000000e+00
    7.361033174537562e+00      0.000000000000000e+00
    7.368033174537562e+00      0.000000000000000e+00
    7.375033174537561e+00      0.000000000000000e+00
    7.382033174537562e+00      0.000000000000000e+00
    7.389033174537562e+00      0.000000000000000e+00
    7.396033174537562e+00      0.000000000000000e+00
    7.403033174537562e+00      0.000000000000000e+00
    7.410033174537562e+00      0.000000000000000e+00
    7.417033174537562e+00      0.000000000000000e+00
    7.424033174537562e+00      0.000000000000000e+00
    7.431033174537562e+00      0.000000000000000e+00
    7.438033174537562e+00      0.000000000000000e+00
    7.445033174537562e+00      0.000000000000000e+00
    7.452033174537562e+00      0.000000000000000e+00
    7.459033174537562e+00      0.000000000000000e+00
    7.466033174537562e+00      0.000000000000000e+00
    7.473033174537562e+00      0.000000000000000e+00
    7.480033174537562e+00      0.000000000000000e+00
    7.487033174537562e+00      0.000000000000000e+00
    7.494033174537562e+00      0.000000000000000e+00
    7.501033174537562e+00      2.421307506053382e+00
    7.508033174537561e+00      0.000000000000000e+00
    7.515033174537562e+00      0.000000000000000e+00
    7.522033174537562e+00      4.842615012106149e+00
    7.529033174537562e+00      0.000000000000000e+00
    7.536033174537562e+00      0.000000000000000e+00
    7.543033174537562e+00      0.000000000000000e+00
    7.550033174537562e+00      2.421307506053382e+00
    7.557033174537562e+00      0.000000000000000e+00
    7.564033174537562e+00      0.000000000000000e+00
    7.571033174537562e+00      4.842615012106764e+00
    7.578033174537562e+00      0.000000000000000e+00
    7.585033174537562e+00      0.000000000000000e+00
    7.592033174537562e+00      2.421307506053382e+00
    7.599033174537562e+00      0.000000000000000e+00
    7.606033174537562e+00      0.000000000000000e+00
    7.613033174537562e+00      0.000000000000000e+00
    7.620033174537562e+00      4.842615012106149e+00
    7.627033174537562e+00      0.000000000000000e+00
    7.634033174537562e+00      0.000000000000000e+00
    7.641033174537561e+00      2.421307506053075e+00
    7.648033174537562e+00      0.000000000000000e+00
    7.655033174537562e+00      0.000000000000000e+00
    7.662033174537562e+00      0.000000000000000e+00
    7.669033174537562e+00      7.263922518160145e+00
    7.676033174537562e+00      0.000000000000000e+00
    7.683033174537562e+00      0.000000000000000e+00
    7.690033174537562e+00      2.421307506053382e+00
    7.697033174537562e+00      0.000000000000000e+00
    7.704033174537562e+00      0.000000000000000e+00
    7.711033174537562e+00      4.842615012106149e+00
    7.718033174537562e+00      0.000000000000000e+00
    7.725033174537562e+00      0.000000000000000e+00
    7.732033174537562e+00      0.000000000000000e+00
    7.739033174537562e+00      2.421307506053382e+00
    7.746033174537562e+00      0.000000000000000e+00
    7.753033174537562e+00      0.000000000000000e+00
    7.760033174537562e+00      7.263922518160145e+00
    7.767033174537562e+00      0.000000000000000e+00
    7.774033174537562e+00      0.000000000000000e+00
    7.781033174537562e+00      0.000000000000000e+00
    7.788033174537562e+00      2.421307506053075e+00
    7.795033174537562e+00      0.000000000000000e+00
    7.802033174537562e+00      0.000000000000000e+00
    7.809033174537562e+00      4.842615012106149e+00
    7.816033174537562e+00      0.000000000000000e+00
    7.823033174537562e+00      2.421307506053382e+00
    7.830033174537562e+00      4.842615012106149e+00
    7.837033174537562e+00      0.000000000000000e+00
    7.844033174537562e+00      2.421307506053075e+00
    7.851033174537562e+00      0.000000000000000e+00
    7.858033174537562e+00      2.421307506053382e+00
    7.865033174537562e+00      0.000000000000000e+00
    7.872033174537562e+00      0.000000000000000e+00
    7.879033174537562e+00      2.421307506053382e+00
    7.886033174537562e+00      0.000000000000000e+00
    7.893033174537562e+00      0.000000000000000e+00
    7.900033174537562e+00      0.000000000000000e+00
    7.907033174537562e+00      4.842615012106764e+00
    7.914033174537562e+00      0.000000000000000e+00
    7.921033174537562e+00      0.000000000000000e+00
    7.928033174537562e+00      2.421307506053382e+00
    7.935033174537562e+00      0.000000000000000e+00
    7.942033174537562e+00      0.000000000000000e+00
    7.949033174537562e+00      7.263922518160145e+00
    7.956033174537562e+00      0.000000000000000e+00
    7.963033174537562e+00      0.000000000000000e+00
    7.970033174537562e+00      0.000000000000000e+00
    7.977033174537562e+00      0.000000000000000e+00
    7.984033174537562e+00      0.000000000000000e+00
    7.991033174537562e+00      0.000000000000000e+00
    7.998033174537562e+00      2.421307506053075e+00
    8.005033174537562e+00      0.000000000000000e+00
    8.012033174537562e+00      0.000000000000000e+00
    8.019033174537562e+00      0.000000000000000e+00
    8.026033174537563e+00      0.000000000000000e+00
    8.033033174537561e+00      0.000000000000000e+00
    8.040033174537562e+00      0.000000000000000e+00
    8.047033174537562e+00      9.685230024213528e+00
    8.054033174537562e+00      0.000000000000000e+00
    8.061033174537563e+00      0.000000000000000e+00
    8.068033174537561e+00      0.000000000000000e+00
    8.075033174537563e+00      0.000000000000000e+00
    8.082033174537562e+00      0.000000000000000e+00
    8.089033174537562e+00      0.000000000000000e+00
    8.096033174537562e+00      2.421307506053382e+00
    8.103033174537561e+00      0.000000000000000e+00
    8.110033174537563e+00      0.000000000000000e+00
    8.117033174537562e+00      0.000000000000000e+00
    8.124033174537562e+00      0.000000000000000e+00
    8.131033174537562e+00      0.000000000000000e+00
    8.138033174537561e+00      0.000000000000000e+00
    8.145033174537563e+00      4.842615012107992e+00
    8.152033174537561e+00      0.000000000000000e+00
    8.159033174537562e+00      0.000000000000000e+00
    8.166033174537562e+00      0.000000000000000e+00
    8.173033174537562e+00      0.000000000000000e+00
    8.180033174537563e+00      0.000000000000000e+00
    8.187033174537561e+00      2.421307506052767e+00
    8.194033174537562e+00      0.000000000000000e+00
    8.201033174537562e+00      0.000000000000000e+00
    8.208033174537562e+00      0.000000000000000e+00
    8.215033174537563e+00      0.000000000000000e+00
    8.222033174537561e+00      0.000000000000000e+00
    8.229033174537562e+00      0.000000000000000e+00
    8.236033174537562e+00      0.000000000000000e+00
    8.243033174537562e+00      0.000000000000000e+00
    8.250033174537563e+00      0.000000000000000e+00
    8.257033174537561e+00      0.000000000000000e+00
    8.264033174537563e+00      0.000000000000000e+00
    8.271033174537562e+00      0.000000000000000e+00
    8.278033174537562e+00      0.000000000000000e+00
    8.285033174537562e+00      0.000000000000000e+00
    8.292033174537561e+00      0.000000000000000e+00
    8.299033174537563e+00      0.000000000000000e+00
    8.306033174537562e+00      0.000000000000000e+00
    8.313033174537562e+00      0.000000000000000e+00
    8.320033174537562e+00      0.000000000000000e+00
    8.327033174537561e+00      0.000000000000000e+00
    8.334033174537563e+00      0.000000000000000e+00
    8.341033174537561e+00      0.000000000000000e+00
    8.348033174537562e+00      0.000000000000000e+00
    8.355033174537562e+00      0.000000000000000e+00
    8.362033174537562e+00      0.000000000000000e+00
    8.369033174537563e+00      0.000000000000000e+00
    8.376033174537561e+00      0.000000000000000e+00
    8.383033174537562e+00      0.000000000000000e+00
    8.390033174537562e+00      0.000000000000000e+00
    8.397033174537562e+00      0.000000000000000e+00
    8.404033174537563e+00      0.000000000000000e+00
    8.411033174537561e+00      0.000000000000000e+00
    8.418033174537563e+00      0.000000000000000e+00
    8.425033174537562e+00      2.421307506053382e+00
    8.432033174537562e+00      0.000000000000000e+00
    8.439033174537563e+00      0.000000000000000e+00
    8.446033174537561e+00      0.000000000000000e+00
    8.453033174537563e+00      0.000000000000000e+00
    8.460033174537562e+00      0.000000000000000e+00
    8.467033174537562e+00      0.000000000000000e+00
    8.474033174537562e+00      0.000000000000000e+00
    8.481033174537561e+00      0.000000000000000e+00
    8.488033174537563e+00      0.000000000000000e+00
    8.495033174537562e+00      0.000000000000000e+00
    8.502033174537562e+00      0.000000000000000e+00
    8.509033174537562e+00      0.000000000000000e+00
    8.516033174537561e+00      0.000000000000000e+00
    8.523033174537563e+00      0.000000000000000e+00
    8.530033174537561e+00      0.000000000000000e+00
    8.537033174537562e+00      0.000000000000000e+00
    8.544033174537562e+00      0.000000000000000e+00
    8.551033174537562e+00      0.000000000000000e+00
    8.558033174537563e+00      0.000000000000000e+00
    8.565033174537561e+00      0.000000000000000e+00
    8.572033174537562e+00      0.000000000000000e+00
    8.579033174537562e+00      0.000000000000000e+00
    8.586033174537562e+00      0.000000000000000e+00
    8.593033174537563e+00      0.000000000000000e+00
    8.600033174537561e+00      0.000000000000000e+00
    8.607033174537563e+00      0.000000000000000e+00
    8.614033174537562e+00      7.263922518160145e+00
    8.621033174537562e+00      0.000000000000000e+00
    8.628033174537563e+00      0.000000000000000e+00
    8.635033174537561e+00      0.000000000000000e+00
    8.642033174537563e+00      0.000000000000000e+00
    8.649033174537562e+00      0.000000000000000e+00
    8.656033174537562e+00      0.000000000000000e+00
    8.663033174537562e+00      0.000000000000000e+00
    8.670033174537561e+00      0.000000000000000e+00
    8.677033174537563e+00      0.000000000000000e+00
    8.684033174537561e+00      0.000000000000000e+00
    8.691033174537562e+00      0.000000000000000e+00
    8.698033174537562e+00      0.000000000000000e+00
    8.705033174537562e+00      0.000000000000000e+00
    8.712033174537563e+00      0.000000000000000e+00
    8.719033174537561e+00      0.000000000000000e+00
    8.726033174537562e+00      0.000000000000000e+00
    8.733033174537562e+00      0.000000000000000e+00
    8.740033174537562e+00      0.000000000000000e+00
    8.747033174537563e+00      0.000000000000000e+00
    8.754033174537561e+00      0.000000000000000e+00
    8.761033174537562e+00      0.000000000000000e+00
    8.768033174537562e+00      0.000000000000000e+00
    8.775033174537562e+00      0.000000000000000e+00
    8.782033174537563e+00      0.000000000000000e+00
    8.789033174537561e+00      0.000000000000000e+00
    8.796033174537563e+00      0.000000000000000e+00
    8.803033174537562e+00      2.421307506053382e+00
