                     bin:                     prob.:
    1.380501257664450e+01      5.108047063986782e+00
    1.380833070436142e+01      0.000000000000000e+00
    1.381164883207835e+01      0.000000000000000e+00
    1.381496695979527e+01      0.000000000000000e+00
    1.381828508751220e+01      0.000000000000000e+00
    1.382160321522912e+01      0.000000000000000e+00
    1.382492134294605e+01      0.000000000000000e+00
    1.382823947066298e+01      0.000000000000000e+00
    1.383155759837990e+01      0.000000000000000e+00
    1.383487572609683e+01      0.000000000000000e+00
    1.383819385381375e+01      0.000000000000000e+00
    1.384151198153068e+01      0.000000000000000e+00
    1.384483010924760e+01      0.000000000000000e+00
    1.384814823696453e+01      0.000000000000000e+00
    1.385146636468145e+01      0.000000000000000e+00
    1.385478449239838e+01      0.000000000000000e+00
    1.385810262011530e+01      0.000000000000000e+00
    1.386142074783223e+01      0.000000000000000e+00
    1.386473887554915e+01      0.000000000000000e+00
    1.386805700326608e+01      0.000000000000000e+00
    1.387137513098301e+01      0.000000000000000e+00
    1.387469325869993e+01      0.000000000000000e+00
    1.387801138641686e+01      0.000000000000000e+00
    1.388132951413378e+01      0.000000000000000e+00
    1.388464764185071e+01      0.000000000000000e+00
    1.388796576956763e+01      0.000000000000000e+00
    1.389128389728456e+01      0.000000000000000e+00
    1.389460202500148e+01      0.000000000000000e+00
    1.389792015271841e+01      0.000000000000000e+00
    1.390123828043533e+01      0.000000000000000e+00
    1.390455640815226e+01      0.000000000000000e+00
    1.390787453586919e+01      1.021609412797356e+01
    1.391119266358611e+01      0.000000000000000e+00
    1.391451079130304e+01      0.000000000000000e+00
    1.391782891901996e+01      0.000000000000000e+00
    1.392114704673689e+01      0.000000000000000e+00
    1.392446517445381e+01      0.000000000000000e+00
    1.392778330217074e+01      0.000000000000000e+00
    1.393110142988766e+01      0.000000000000000e+00
    1.393441955760459e+01      0.000000000000000e+00
    1.393773768532151e+01      0.000000000000000e+00
    1.394105581303844e+01      0.000000000000000e+00
    1.394437394075537e+01      0.000000000000000e+00
    1.394769206847229e+01      0.000000000000000e+00
    1.395101019618922e+01      0.000000000000000e+00
    1.395432832390614e+01      0.000000000000000e+00
    1.395764645162307e+01      0.000000000000000e+00
    1.396096457933999e+01      0.000000000000000e+00
    1.396428270705692e+01      0.000000000000000e+00
    1.396760083477384e+01      0.000000000000000e+00
    1.397091896249077e+01      0.000000000000000e+00
    1.397423709020769e+01      0.000000000000000e+00
    1.397755521792462e+01      0.000000000000000e+00
    1.398087334564154e+01      0.000000000000000e+00
    1.398419147335847e+01      0.000000000000000e+00
    1.398750960107539e+01      0.000000000000000e+00
    1.399082772879232e+01      0.000000000000000e+00
    1.399414585650925e+01      0.000000000000000e+00
    1.399746398422617e+01      0.000000000000000e+00
    1.400078211194310e+01      0.000000000000000e+00
    1.400410023966002e+01      0.000000000000000e+00
    1.400741836737695e+01      0.000000000000000e+00
    1.401073649509387e+01      0.000000000000000e+00
    1.401405462281080e+01      5.108047063986782e+00
    1.401737275052773e+01      0.000000000000000e+00
    1.402069087824465e+01      0.000000000000000e+00
    1.402400900596158e+01      0.000000000000000e+00
    1.402732713367850e+01      0.000000000000000e+00
    1.403064526139543e+01      0.000000000000000e+00
    1.403396338911235e+01      0.000000000000000e+00
    1.403728151682928e+01      0.000000000000000e+00
    1.404059964454620e+01      0.000000000000000e+00
    1.404391777226313e+01      0.000000000000000e+00
    1.404723589998005e+01      0.000000000000000e+00
    1.405055402769698e+01      0.000000000000000e+00
    1.405387215541390e+01      0.000000000000000e+00
    1.405719028313083e+01      0.000000000000000e+00
    1.406050841084775e+01      0.000000000000000e+00
    1.406382653856468e+01      0.000000000000000e+00
    1.406714466628161e+01      0.000000000000000e+00
    1.407046279399853e+01      0.000000000000000e+00
    1.407378092171546e+01      0.000000000000000e+00
    1.407709904943238e+01      0.000000000000000e+00
    1.408041717714931e+01      0.000000000000000e+00
    1.408373530486623e+01      0.000000000000000e+00
    1.408705343258316e+01      0.000000000000000e+00
    1.409037156030008e+01      0.000000000000000e+00
    1.409368968801701e+01      0.000000000000000e+00
    1.409700781573394e+01      0.000000000000000e+00
    1.410032594345086e+01      0.000000000000000e+00
    1.410364407116779e+01      0.000000000000000e+00
    1.410696219888471e+01      0.000000000000000e+00
    1.411028032660164e+01      0.000000000000000e+00
    1.411359845431856e+01      0.000000000000000e+00
    1.411691658203549e+01      0.000000000000000e+00
    1.412023470975241e+01      1.532414119196035e+01
    1.412355283746934e+01      0.000000000000000e+00
    1.412687096518626e+01      0.000000000000000e+00
    1.413018909290319e+01      0.000000000000000e+00
    1.413350722062011e+01      0.000000000000000e+00
    1.413682534833704e+01      0.000000000000000e+00
    1.414014347605397e+01      0.000000000000000e+00
    1.414346160377089e+01      0.000000000000000e+00
    1.414677973148782e+01      0.000000000000000e+00
    1.415009785920474e+01      0.000000000000000e+00
    1.415341598692167e+01      0.000000000000000e+00
    1.415673411463859e+01      0.000000000000000e+00
    1.416005224235552e+01      0.000000000000000e+00
    1.416337037007244e+01      0.000000000000000e+00
    1.416668849778937e+01      0.000000000000000e+00
    1.417000662550629e+01      0.000000000000000e+00
    1.417332475322322e+01      0.000000000000000e+00
    1.417664288094015e+01      0.000000000000000e+00
    1.417996100865707e+01      0.000000000000000e+00
    1.418327913637400e+01      0.000000000000000e+00
    1.418659726409092e+01      0.000000000000000e+00
    1.418991539180785e+01      0.000000000000000e+00
    1.419323351952477e+01      0.000000000000000e+00
    1.419655164724170e+01      0.000000000000000e+00
    1.419986977495862e+01      0.000000000000000e+00
    1.420318790267555e+01      0.000000000000000e+00
    1.420650603039247e+01      0.000000000000000e+00
    1.420982415810940e+01      0.000000000000000e+00
    1.421314228582633e+01      0.000000000000000e+00
    1.421646041354325e+01      0.000000000000000e+00
    1.421977854126018e+01      0.000000000000000e+00
    1.422309666897710e+01      0.000000000000000e+00
    1.422641479669403e+01      5.108047063986782e+00
    1.422973292441095e+01      0.000000000000000e+00
    1.423305105212788e+01      0.000000000000000e+00
    1.423636917984480e+01      0.000000000000000e+00
    1.423968730756173e+01      0.000000000000000e+00
    1.424300543527865e+01      0.000000000000000e+00
    1.424632356299558e+01      0.000000000000000e+00
    1.424964169071250e+01      0.000000000000000e+00
    1.425295981842943e+01      0.000000000000000e+00
    1.425627794614635e+01      0.000000000000000e+00
    1.425959607386328e+01      0.000000000000000e+00
    1.426291420158021e+01      0.000000000000000e+00
    1.426623232929713e+01      0.000000000000000e+00
    1.426955045701406e+01      0.000000000000000e+00
    1.427286858473098e+01      0.000000000000000e+00
    1.427618671244791e+01      0.000000000000000e+00
    1.427950484016483e+01      0.000000000000000e+00
    1.428282296788176e+01      0.000000000000000e+00
    1.428614109559869e+01      0.000000000000000e+00
    1.428945922331561e+01      0.000000000000000e+00
    1.429277735103254e+01      0.000000000000000e+00
    1.429609547874946e+01      0.000000000000000e+00
    1.429941360646639e+01      0.000000000000000e+00
    1.430273173418331e+01      0.000000000000000e+00
    1.430604986190024e+01      0.000000000000000e+00
    1.430936798961716e+01      0.000000000000000e+00
    1.431268611733409e+01      0.000000000000000e+00
    1.431600424505101e+01      0.000000000000000e+00
    1.431932237276794e+01      0.000000000000000e+00
    1.432264050048486e+01      0.000000000000000e+00
    1.432595862820179e+01      0.000000000000000e+00
    1.432927675591872e+01      0.000000000000000e+00
    1.433259488363564e+01      1.021609412797356e+01
    1.433591301135257e+01      0.000000000000000e+00
    1.433923113906949e+01      0.000000000000000e+00
    1.434254926678642e+01      0.000000000000000e+00
    1.434586739450334e+01      0.000000000000000e+00
    1.434918552222027e+01      0.000000000000000e+00
    1.435250364993719e+01      0.000000000000000e+00
    1.435582177765412e+01      0.000000000000000e+00
    1.435913990537104e+01      0.000000000000000e+00
    1.436245803308797e+01      0.000000000000000e+00
    1.436577616080490e+01      0.000000000000000e+00
    1.436909428852182e+01      0.000000000000000e+00
    1.437241241623875e+01      0.000000000000000e+00
    1.437573054395567e+01      0.000000000000000e+00
    1.437904867167260e+01      0.000000000000000e+00
    1.438236679938952e+01      0.000000000000000e+00
    1.438568492710645e+01      5.108047063986782e+00
    1.438900305482337e+01      0.000000000000000e+00
    1.439232118254030e+01      0.000000000000000e+00
    1.439563931025722e+01      0.000000000000000e+00
    1.439895743797415e+01      0.000000000000000e+00
    1.440227556569107e+01      0.000000000000000e+00
    1.440559369340800e+01      0.000000000000000e+00
    1.440891182112493e+01      0.000000000000000e+00
    1.441222994884185e+01      0.000000000000000e+00
    1.441554807655878e+01      0.000000000000000e+00
    1.441886620427570e+01      0.000000000000000e+00
    1.442218433199263e+01      0.000000000000000e+00
    1.442550245970955e+01      0.000000000000000e+00
    1.442882058742648e+01      0.000000000000000e+00
    1.443213871514340e+01      0.000000000000000e+00
    1.443545684286033e+01      0.000000000000000e+00
    1.443877497057725e+01      1.532414119196035e+01
    1.444209309829418e+01      0.000000000000000e+00
    1.444541122601110e+01      0.000000000000000e+00
    1.444872935372803e+01      0.000000000000000e+00
    1.445204748144496e+01      0.000000000000000e+00
    1.445536560916188e+01      0.000000000000000e+00
    1.445868373687881e+01      0.000000000000000e+00
    1.446200186459573e+01      0.000000000000000e+00
    1.446531999231266e+01      0.000000000000000e+00
    1.446863812002958e+01      0.000000000000000e+00
    1.447195624774651e+01      0.000000000000000e+00
    1.447527437546344e+01      0.000000000000000e+00
    1.447859250318036e+01      0.000000000000000e+00
    1.448191063089729e+01      0.000000000000000e+00
    1.448522875861421e+01      0.000000000000000e+00
    1.448854688633114e+01      0.000000000000000e+00
    1.449186501404806e+01      5.108047063986782e+00
    1.449518314176499e+01      0.000000000000000e+00
    1.449850126948191e+01      0.000000000000000e+00
    1.450181939719884e+01      0.000000000000000e+00
    1.450513752491576e+01      0.000000000000000e+00
    1.450845565263269e+01      0.000000000000000e+00
    1.451177378034961e+01      0.000000000000000e+00
    1.451509190806654e+01      0.000000000000000e+00
    1.451841003578346e+01      0.000000000000000e+00
    1.452172816350039e+01      0.000000000000000e+00
    1.452504629121731e+01      0.000000000000000e+00
    1.452836441893424e+01      0.000000000000000e+00
    1.453168254665117e+01      0.000000000000000e+00
    1.453500067436809e+01      0.000000000000000e+00
    1.453831880208502e+01      0.000000000000000e+00
    1.454163692980194e+01      0.000000000000000e+00
    1.454495505751887e+01      0.000000000000000e+00
    1.454827318523579e+01      0.000000000000000e+00
    1.455159131295272e+01      0.000000000000000e+00
    1.455490944066965e+01      0.000000000000000e+00
    1.455822756838657e+01      0.000000000000000e+00
    1.456154569610350e+01      0.000000000000000e+00
    1.456486382382042e+01      0.000000000000000e+00
    1.456818195153735e+01      0.000000000000000e+00
    1.457150007925427e+01      5.108047063984047e+00
    1.457481820697120e+01      0.000000000000000e+00
    1.457813633468812e+01      0.000000000000000e+00
    1.458145446240505e+01      0.000000000000000e+00
    1.458477259012197e+01      0.000000000000000e+00
    1.458809071783890e+01      0.000000000000000e+00
    1.459140884555582e+01      0.000000000000000e+00
    1.459472697327275e+01      0.000000000000000e+00
    1.459804510098968e+01      1.021609412797356e+01
    1.460136322870660e+01      0.000000000000000e+00
    1.460468135642353e+01      0.000000000000000e+00
    1.460799948414045e+01      0.000000000000000e+00
    1.461131761185738e+01      0.000000000000000e+00
    1.461463573957430e+01      0.000000000000000e+00
    1.461795386729123e+01      0.000000000000000e+00
    1.462127199500815e+01      0.000000000000000e+00
    1.462459012272508e+01      5.108047063986782e+00
    1.462790825044200e+01      0.000000000000000e+00
    1.463122637815893e+01      0.000000000000000e+00
    1.463454450587585e+01      0.000000000000000e+00
    1.463786263359278e+01      0.000000000000000e+00
    1.464118076130971e+01      0.000000000000000e+00
    1.464449888902663e+01      0.000000000000000e+00
    1.464781701674356e+01      0.000000000000000e+00
    1.465113514446048e+01      1.021609412797356e+01
    1.465445327217741e+01      0.000000000000000e+00
    1.465777139989433e+01      0.000000000000000e+00
    1.466108952761126e+01      0.000000000000000e+00
    1.466440765532818e+01      0.000000000000000e+00
    1.466772578304511e+01      0.000000000000000e+00
    1.467104391076203e+01      0.000000000000000e+00
    1.467436203847896e+01      0.000000000000000e+00
    1.467768016619589e+01      5.108047063986782e+00
    1.468099829391281e+01      0.000000000000000e+00
    1.468431642162974e+01      0.000000000000000e+00
    1.468763454934666e+01      0.000000000000000e+00
    1.469095267706359e+01      0.000000000000000e+00
    1.469427080478051e+01      0.000000000000000e+00
    1.469758893249744e+01      0.000000000000000e+00
    1.470090706021436e+01      0.000000000000000e+00
    1.470422518793129e+01      1.021609412797356e+01
    1.470754331564821e+01      0.000000000000000e+00
    1.471086144336514e+01      0.000000000000000e+00
    1.471417957108206e+01      0.000000000000000e+00
    1.471749769879899e+01      0.000000000000000e+00
    1.472081582651592e+01      0.000000000000000e+00
    1.472413395423284e+01      0.000000000000000e+00
    1.472745208194977e+01      0.000000000000000e+00
    1.473077020966669e+01      5.108047063986782e+00
    1.473408833738362e+01      0.000000000000000e+00
    1.473740646510054e+01      0.000000000000000e+00
    1.474072459281747e+01      0.000000000000000e+00
    1.474404272053440e+01      0.000000000000000e+00
    1.474736084825132e+01      0.000000000000000e+00
    1.475067897596825e+01      0.000000000000000e+00
    1.475399710368517e+01      0.000000000000000e+00
    1.475731523140210e+01      1.532414119196035e+01
    1.476063335911902e+01      0.000000000000000e+00
    1.476395148683595e+01      0.000000000000000e+00
    1.476726961455287e+01      0.000000000000000e+00
    1.477058774226980e+01      0.000000000000000e+00
    1.477390586998672e+01      0.000000000000000e+00
    1.477722399770365e+01      0.000000000000000e+00
    1.478054212542057e+01      0.000000000000000e+00
    1.478386025313750e+01      5.108047063986782e+00
    1.478717838085442e+01      0.000000000000000e+00
    1.479049650857135e+01      0.000000000000000e+00
    1.479381463628827e+01      0.000000000000000e+00
    1.479713276400520e+01      0.000000000000000e+00
    1.480045089172213e+01      0.000000000000000e+00
    1.480376901943905e+01      0.000000000000000e+00
    1.480708714715598e+01      0.000000000000000e+00
    1.481040527487290e+01      1.021609412797356e+01
    1.481372340258983e+01      0.000000000000000e+00
    1.481704153030675e+01      0.000000000000000e+00
    1.482035965802368e+01      0.000000000000000e+00
    1.482367778574061e+01      0.000000000000000e+00
    1.482699591345753e+01      0.000000000000000e+00
    1.483031404117446e+01      0.000000000000000e+00
    1.483363216889138e+01      0.000000000000000e+00
    1.483695029660831e+01      1.021609412797356e+01
    1.484026842432523e+01      0.000000000000000e+00
    1.484358655204216e+01      0.000000000000000e+00
    1.484690467975908e+01      0.000000000000000e+00
    1.485022280747601e+01      0.000000000000000e+00
    1.485354093519293e+01      0.000000000000000e+00
    1.485685906290986e+01      0.000000000000000e+00
    1.486017719062678e+01      0.000000000000000e+00
    1.486349531834371e+01      1.021609412796809e+01
    1.486681344606064e+01      0.000000000000000e+00
    1.487013157377756e+01      0.000000000000000e+00
    1.487344970149449e+01      0.000000000000000e+00
    1.487676782921141e+01      0.000000000000000e+00
    1.488008595692834e+01      0.000000000000000e+00
    1.488340408464526e+01      0.000000000000000e+00
    1.488672221236219e+01      0.000000000000000e+00
    1.489004034007911e+01      5.108047063986782e+00
    1.489335846779604e+01      0.000000000000000e+00
    1.489667659551296e+01      0.000000000000000e+00
    1.489999472322989e+01      0.000000000000000e+00
    1.490331285094681e+01      0.000000000000000e+00
    1.490663097866374e+01      0.000000000000000e+00
    1.490994910638067e+01      0.000000000000000e+00
    1.491326723409759e+01      0.000000000000000e+00
    1.491658536181452e+01      1.021609412796809e+01
    1.491990348953144e+01      0.000000000000000e+00
    1.492322161724837e+01      0.000000000000000e+00
    1.492653974496529e+01      0.000000000000000e+00
    1.492985787268222e+01      5.108047063986782e+00
    1.493317600039914e+01      0.000000000000000e+00
    1.493649412811607e+01      0.000000000000000e+00
    1.493981225583299e+01      0.000000000000000e+00
    1.494313038354992e+01      1.021609412797356e+01
    1.494644851126685e+01      0.000000000000000e+00
    1.494976663898377e+01      0.000000000000000e+00
    1.495308476670070e+01      0.000000000000000e+00
    1.495640289441762e+01      5.108047063986782e+00
    1.495972102213455e+01      0.000000000000000e+00
    1.496303914985147e+01      0.000000000000000e+00
    1.496635727756840e+01      0.000000000000000e+00
    1.496967540528532e+01      5.108047063986782e+00
    1.497299353300225e+01      0.000000000000000e+00
    1.497631166071917e+01      0.000000000000000e+00
    1.497962978843610e+01      0.000000000000000e+00
    1.498294791615302e+01      0.000000000000000e+00
    1.498626604386995e+01      0.000000000000000e+00
    1.498958417158688e+01      0.000000000000000e+00
    1.499290229930380e+01      0.000000000000000e+00
    1.499622042702073e+01      5.108047063986782e+00
    1.499953855473765e+01      0.000000000000000e+00
    1.500285668245458e+01      0.000000000000000e+00
    1.500617481017150e+01      0.000000000000000e+00
    1.500949293788843e+01      0.000000000000000e+00
    1.501281106560536e+01      0.000000000000000e+00
    1.501612919332228e+01      0.000000000000000e+00
    1.501944732103921e+01      0.000000000000000e+00
    1.502276544875613e+01      1.021609412797356e+01
    1.502608357647306e+01      0.000000000000000e+00
    1.502940170418998e+01      0.000000000000000e+00
    1.503271983190691e+01      0.000000000000000e+00
    1.503603795962383e+01      0.000000000000000e+00
    1.503935608734076e+01      0.000000000000000e+00
    1.504267421505768e+01      0.000000000000000e+00
    1.504599234277461e+01      0.000000000000000e+00
    1.504931047049153e+01      5.108047063986782e+00
    1.505262859820846e+01      0.000000000000000e+00
    1.505594672592538e+01      0.000000000000000e+00
    1.505926485364231e+01      0.000000000000000e+00
    1.506258298135923e+01      0.000000000000000e+00
    1.506590110907616e+01      0.000000000000000e+00
    1.506921923679309e+01      0.000000000000000e+00
    1.507253736451001e+01      0.000000000000000e+00
    1.507585549222694e+01      1.532414119196035e+01
    1.507917361994386e+01      0.000000000000000e+00
    1.508249174766079e+01      0.000000000000000e+00
    1.508580987537771e+01      0.000000000000000e+00
    1.508912800309464e+01      0.000000000000000e+00
    1.509244613081156e+01      0.000000000000000e+00
    1.509576425852849e+01      0.000000000000000e+00
    1.509908238624542e+01      0.000000000000000e+00
    1.510240051396234e+01      0.000000000000000e+00
    1.510571864167927e+01      0.000000000000000e+00
    1.510903676939619e+01      0.000000000000000e+00
    1.511235489711312e+01      0.000000000000000e+00
    1.511567302483004e+01      0.000000000000000e+00
    1.511899115254697e+01      0.000000000000000e+00
    1.512230928026389e+01      0.000000000000000e+00
    1.512562740798082e+01      0.000000000000000e+00
    1.512894553569774e+01      5.108047063986782e+00
    1.513226366341467e+01      0.000000000000000e+00
    1.513558179113160e+01      0.000000000000000e+00
    1.513889991884852e+01      0.000000000000000e+00
    1.514221804656545e+01      0.000000000000000e+00
    1.514553617428237e+01      0.000000000000000e+00
    1.514885430199930e+01      0.000000000000000e+00
    1.515217242971622e+01      0.000000000000000e+00
    1.515549055743315e+01      0.000000000000000e+00
    1.515880868515007e+01      0.000000000000000e+00
    1.516212681286700e+01      0.000000000000000e+00
    1.516544494058392e+01      0.000000000000000e+00
    1.516876306830085e+01      0.000000000000000e+00
    1.517208119601777e+01      0.000000000000000e+00
    1.517539932373470e+01      0.000000000000000e+00
    1.517871745145163e+01      0.000000000000000e+00
    1.518203557916855e+01      1.532414119195214e+01
    1.518535370688548e+01      0.000000000000000e+00
    1.518867183460240e+01      0.000000000000000e+00
    1.519198996231933e+01      0.000000000000000e+00
    1.519530809003625e+01      0.000000000000000e+00
    1.519862621775318e+01      0.000000000000000e+00
    1.520194434547010e+01      0.000000000000000e+00
    1.520526247318703e+01      0.000000000000000e+00
    1.520858060090395e+01      0.000000000000000e+00
    1.521189872862088e+01      0.000000000000000e+00
    1.521521685633781e+01      0.000000000000000e+00
    1.521853498405473e+01      0.000000000000000e+00
    1.522185311177166e+01      0.000000000000000e+00
    1.522517123948858e+01      0.000000000000000e+00
    1.522848936720551e+01      0.000000000000000e+00
    1.523180749492243e+01      0.000000000000000e+00
    1.523512562263936e+01      0.000000000000000e+00
    1.523844375035628e+01      0.000000000000000e+00
    1.524176187807321e+01      0.000000000000000e+00
    1.524508000579013e+01      0.000000000000000e+00
    1.524839813350706e+01      0.000000000000000e+00
    1.525171626122398e+01      0.000000000000000e+00
    1.525503438894091e+01      0.000000000000000e+00
    1.525835251665784e+01      0.000000000000000e+00
    1.526167064437476e+01      0.000000000000000e+00
    1.526498877209169e+01      0.000000000000000e+00
    1.526830689980861e+01      0.000000000000000e+00
    1.527162502752554e+01      0.000000000000000e+00
    1.527494315524246e+01      0.000000000000000e+00
    1.527826128295939e+01      0.000000000000000e+00
    1.528157941067631e+01      0.000000000000000e+00
    1.528489753839324e+01      0.000000000000000e+00
    1.528821566611017e+01      5.108047063986782e+00
    1.529153379382709e+01      0.000000000000000e+00
    1.529485192154402e+01      0.000000000000000e+00
    1.529817004926094e+01      0.000000000000000e+00
    1.530148817697787e+01      0.000000000000000e+00
    1.530480630469479e+01      0.000000000000000e+00
    1.530812443241172e+01      0.000000000000000e+00
    1.531144256012864e+01      0.000000000000000e+00
    1.531476068784557e+01      0.000000000000000e+00
    1.531807881556249e+01      0.000000000000000e+00
    1.532139694327942e+01      0.000000000000000e+00
    1.532471507099634e+01      0.000000000000000e+00
    1.532803319871327e+01      0.000000000000000e+00
    1.533135132643019e+01      0.000000000000000e+00
    1.533466945414712e+01      0.000000000000000e+00
    1.533798758186405e+01      0.000000000000000e+00
    1.534130570958097e+01      0.000000000000000e+00
    1.534462383729790e+01      0.000000000000000e+00
    1.534794196501482e+01      0.000000000000000e+00
    1.535126009273175e+01      0.000000000000000e+00
    1.535457822044867e+01      0.000000000000000e+00
    1.535789634816560e+01      0.000000000000000e+00
    1.536121447588252e+01      0.000000000000000e+00
    1.536453260359945e+01      0.000000000000000e+00
    1.536785073131638e+01      0.000000000000000e+00
    1.537116885903330e+01      0.000000000000000e+00
    1.537448698675023e+01      0.000000000000000e+00
    1.537780511446715e+01      0.000000000000000e+00
    1.538112324218408e+01      0.000000000000000e+00
    1.538444136990100e+01      0.000000000000000e+00
    1.538775949761793e+01      0.000000000000000e+00
    1.539107762533485e+01      0.000000000000000e+00
    1.539439575305178e+01      0.000000000000000e+00
    1.539771388076870e+01      0.000000000000000e+00
    1.540103200848563e+01      0.000000000000000e+00
    1.540435013620256e+01      0.000000000000000e+00
    1.540766826391948e+01      0.000000000000000e+00
    1.541098639163641e+01      0.000000000000000e+00
    1.541430451935333e+01      0.000000000000000e+00
    1.541762264707026e+01      0.000000000000000e+00
    1.542094077478718e+01      0.000000000000000e+00
    1.542425890250411e+01      0.000000000000000e+00
    1.542757703022103e+01      0.000000000000000e+00
    1.543089515793796e+01      0.000000000000000e+00
    1.543421328565488e+01      0.000000000000000e+00
    1.543753141337181e+01      0.000000000000000e+00
    1.544084954108873e+01      0.000000000000000e+00
    1.544416766880566e+01      0.000000000000000e+00
    1.544748579652259e+01      0.000000000000000e+00
    1.545080392423951e+01      0.000000000000000e+00
    1.545412205195644e+01      0.000000000000000e+00
    1.545744017967336e+01      0.000000000000000e+00
    1.546075830739029e+01      0.000000000000000e+00
    1.546407643510721e+01      0.000000000000000e+00
    1.546739456282414e+01      0.000000000000000e+00
    1.547071269054106e+01      0.000000000000000e+00
    1.547403081825799e+01      0.000000000000000e+00
    1.547734894597491e+01      0.000000000000000e+00
    1.548066707369184e+01      0.000000000000000e+00
    1.548398520140877e+01      0.000000000000000e+00
    1.548730332912569e+01      0.000000000000000e+00
    1.549062145684262e+01      0.000000000000000e+00
    1.549393958455954e+01      0.000000000000000e+00
    1.549725771227647e+01      0.000000000000000e+00
    1.550057583999339e+01      0.000000000000000e+00
    1.550389396771032e+01      0.000000000000000e+00
    1.550721209542724e+01      0.000000000000000e+00
    1.551053022314417e+01      0.000000000000000e+00
    1.551384835086109e+01      0.000000000000000e+00
    1.551716647857802e+01      0.000000000000000e+00
    1.552048460629494e+01      0.000000000000000e+00
    1.552380273401187e+01      0.000000000000000e+00
    1.552712086172880e+01      0.000000000000000e+00
    1.553043898944572e+01      0.000000000000000e+00
    1.553375711716265e+01      0.000000000000000e+00
    1.553707524487957e+01      0.000000000000000e+00
    1.554039337259650e+01      0.000000000000000e+00
    1.554371150031342e+01      0.000000000000000e+00
    1.554702962803035e+01      0.000000000000000e+00
    1.555034775574727e+01      0.000000000000000e+00
    1.555366588346420e+01      0.000000000000000e+00
    1.555698401118113e+01      0.000000000000000e+00
    1.556030213889805e+01      0.000000000000000e+00
    1.556362026661498e+01      0.000000000000000e+00
    1.556693839433190e+01      0.000000000000000e+00
    1.557025652204883e+01      0.000000000000000e+00
    1.557357464976575e+01      0.000000000000000e+00
    1.557689277748268e+01      0.000000000000000e+00
    1.558021090519960e+01      0.000000000000000e+00
    1.558352903291653e+01      0.000000000000000e+00
    1.558684716063345e+01      0.000000000000000e+00
    1.559016528835038e+01      0.000000000000000e+00
    1.559348341606730e+01      0.000000000000000e+00
    1.559680154378423e+01      0.000000000000000e+00
    1.560011967150116e+01      0.000000000000000e+00
    1.560343779921808e+01      0.000000000000000e+00
    1.560675592693501e+01      0.000000000000000e+00
    1.561007405465193e+01      0.000000000000000e+00
    1.561339218236886e+01      0.000000000000000e+00
    1.561671031008578e+01      0.000000000000000e+00
    1.562002843780271e+01      0.000000000000000e+00
    1.562334656551963e+01      0.000000000000000e+00
    1.562666469323656e+01      0.000000000000000e+00
    1.562998282095348e+01      0.000000000000000e+00
    1.563330094867041e+01      0.000000000000000e+00
    1.563661907638734e+01      0.000000000000000e+00
    1.563993720410426e+01      0.000000000000000e+00
    1.564325533182119e+01      0.000000000000000e+00
    1.564657345953811e+01      0.000000000000000e+00
    1.564989158725504e+01      0.000000000000000e+00
    1.565320971497196e+01      0.000000000000000e+00
    1.565652784268889e+01      0.000000000000000e+00
    1.565984597040581e+01      0.000000000000000e+00
    1.566316409812274e+01      0.000000000000000e+00
    1.566648222583966e+01      0.000000000000000e+00
    1.566980035355659e+01      0.000000000000000e+00
    1.567311848127352e+01      0.000000000000000e+00
    1.567643660899044e+01      0.000000000000000e+00
    1.567975473670737e+01      0.000000000000000e+00
    1.568307286442429e+01      0.000000000000000e+00
    1.568639099214122e+01      0.000000000000000e+00
    1.568970911985814e+01      0.000000000000000e+00
    1.569302724757507e+01      0.000000000000000e+00
    1.569634537529199e+01      0.000000000000000e+00
    1.569966350300892e+01      0.000000000000000e+00
    1.570298163072584e+01      0.000000000000000e+00
    1.570629975844277e+01      0.000000000000000e+00
    1.570961788615969e+01      0.000000000000000e+00
    1.571293601387662e+01      0.000000000000000e+00
    1.571625414159355e+01      0.000000000000000e+00
    1.571957226931047e+01      0.000000000000000e+00
    1.572289039702740e+01      0.000000000000000e+00
    1.572620852474432e+01      0.000000000000000e+00
    1.572952665246125e+01      0.000000000000000e+00
    1.573284478017817e+01      0.000000000000000e+00
    1.573616290789510e+01      0.000000000000000e+00
    1.573948103561202e+01      0.000000000000000e+00
    1.574279916332895e+01      0.000000000000000e+00
    1.574611729104587e+01      0.000000000000000e+00
    1.574943541876280e+01      0.000000000000000e+00
    1.575275354647973e+01      0.000000000000000e+00
    1.575607167419665e+01      0.000000000000000e+00
    1.575938980191358e+01      0.000000000000000e+00
    1.576270792963050e+01      0.000000000000000e+00
    1.576602605734743e+01      0.000000000000000e+00
    1.576934418506435e+01      0.000000000000000e+00
    1.577266231278128e+01      0.000000000000000e+00
    1.577598044049820e+01      0.000000000000000e+00
    1.577929856821513e+01      0.000000000000000e+00
    1.578261669593205e+01      0.000000000000000e+00
    1.578593482364898e+01      0.000000000000000e+00
    1.578925295136590e+01      0.000000000000000e+00
    1.579257107908283e+01      0.000000000000000e+00
    1.579588920679976e+01      0.000000000000000e+00
    1.579920733451668e+01      0.000000000000000e+00
    1.580252546223361e+01      0.000000000000000e+00
    1.580584358995053e+01      0.000000000000000e+00
    1.580916171766746e+01      0.000000000000000e+00
    1.581247984538438e+01      0.000000000000000e+00
    1.581579797310131e+01      0.000000000000000e+00
    1.581911610081823e+01      0.000000000000000e+00
    1.582243422853516e+01      0.000000000000000e+00
    1.582575235625209e+01      0.000000000000000e+00
    1.582907048396901e+01      0.000000000000000e+00
    1.583238861168594e+01      0.000000000000000e+00
    1.583570673940286e+01      0.000000000000000e+00
    1.583902486711979e+01      0.000000000000000e+00
    1.584234299483671e+01      0.000000000000000e+00
    1.584566112255364e+01      0.000000000000000e+00
    1.584897925027056e+01      0.000000000000000e+00
    1.585229737798749e+01      0.000000000000000e+00
    1.585561550570441e+01      0.000000000000000e+00
    1.585893363342134e+01      0.000000000000000e+00
    1.586225176113826e+01      0.000000000000000e+00
    1.586556988885519e+01      0.000000000000000e+00
    1.586888801657211e+01      0.000000000000000e+00
    1.587220614428904e+01      0.000000000000000e+00
    1.587552427200597e+01      0.000000000000000e+00
    1.587884239972289e+01      0.000000000000000e+00
    1.588216052743982e+01      0.000000000000000e+00
    1.588547865515674e+01      0.000000000000000e+00
    1.588879678287367e+01      0.000000000000000e+00
    1.589211491059059e+01      0.000000000000000e+00
    1.589543303830752e+01      0.000000000000000e+00
    1.589875116602444e+01      0.000000000000000e+00
    1.590206929374137e+01      0.000000000000000e+00
    1.590538742145830e+01      0.000000000000000e+00
    1.590870554917522e+01      0.000000000000000e+00
    1.591202367689215e+01      0.000000000000000e+00
    1.591534180460907e+01      0.000000000000000e+00
    1.591865993232600e+01      0.000000000000000e+00
    1.592197806004292e+01      0.000000000000000e+00
    1.592529618775985e+01      0.000000000000000e+00
    1.592861431547677e+01      0.000000000000000e+00
    1.593193244319370e+01      0.000000000000000e+00
    1.593525057091062e+01      0.000000000000000e+00
    1.593856869862755e+01      0.000000000000000e+00
    1.594188682634448e+01      0.000000000000000e+00
    1.594520495406140e+01      0.000000000000000e+00
    1.594852308177833e+01      0.000000000000000e+00
    1.595184120949525e+01      0.000000000000000e+00
    1.595515933721218e+01      0.000000000000000e+00
    1.595847746492910e+01      0.000000000000000e+00
    1.596179559264603e+01      0.000000000000000e+00
    1.596511372036295e+01      0.000000000000000e+00
    1.596843184807988e+01      5.108047063986782e+00
    1.597174997579680e+01      0.000000000000000e+00
    1.597506810351373e+01      0.000000000000000e+00
    1.597838623123065e+01      0.000000000000000e+00
    1.598170435894758e+01      0.000000000000000e+00
    1.598502248666450e+01      0.000000000000000e+00
    1.598834061438143e+01      0.000000000000000e+00
    1.599165874209836e+01      0.000000000000000e+00
    1.599497686981528e+01      0.000000000000000e+00
    1.599829499753221e+01      0.000000000000000e+00
    1.600161312524913e+01      0.000000000000000e+00
    1.600493125296606e+01      0.000000000000000e+00
    1.600824938068298e+01      0.000000000000000e+00
    1.601156750839991e+01      0.000000000000000e+00
    1.601488563611683e+01      0.000000000000000e+00
    1.601820376383376e+01      0.000000000000000e+00
    1.602152189155068e+01      0.000000000000000e+00
    1.602484001926761e+01      0.000000000000000e+00
    1.602815814698454e+01      0.000000000000000e+00
    1.603147627470146e+01      0.000000000000000e+00
    1.603479440241839e+01      0.000000000000000e+00
    1.603811253013531e+01      0.000000000000000e+00
    1.604143065785224e+01      0.000000000000000e+00
    1.604474878556916e+01      0.000000000000000e+00
    1.604806691328609e+01      0.000000000000000e+00
    1.605138504100302e+01      0.000000000000000e+00
    1.605470316871994e+01      0.000000000000000e+00
    1.605802129643687e+01      0.000000000000000e+00
    1.606133942415379e+01      0.000000000000000e+00
    1.606465755187072e+01      0.000000000000000e+00
    1.606797567958764e+01      0.000000000000000e+00
    1.607129380730457e+01      0.000000000000000e+00
    1.607461193502149e+01      0.000000000000000e+00
    1.607793006273842e+01      0.000000000000000e+00
    1.608124819045534e+01      0.000000000000000e+00
    1.608456631817227e+01      0.000000000000000e+00
    1.608788444588919e+01      0.000000000000000e+00
    1.609120257360612e+01      0.000000000000000e+00
    1.609452070132305e+01      0.000000000000000e+00
    1.609783882903997e+01      0.000000000000000e+00
    1.610115695675690e+01      0.000000000000000e+00
    1.610447508447382e+01      0.000000000000000e+00
    1.610779321219075e+01      0.000000000000000e+00
    1.611111133990767e+01      0.000000000000000e+00
    1.611442946762460e+01      0.000000000000000e+00
    1.611774759534152e+01      0.000000000000000e+00
    1.612106572305845e+01      0.000000000000000e+00
    1.612438385077537e+01      0.000000000000000e+00
    1.612770197849230e+01      0.000000000000000e+00
    1.613102010620922e+01      0.000000000000000e+00
    1.613433823392615e+01      0.000000000000000e+00
    1.613765636164307e+01      0.000000000000000e+00
    1.614097448936000e+01      0.000000000000000e+00
    1.614429261707692e+01      0.000000000000000e+00
    1.614761074479385e+01      0.000000000000000e+00
    1.615092887251078e+01      0.000000000000000e+00
    1.615424700022770e+01      0.000000000000000e+00
    1.615756512794463e+01      0.000000000000000e+00
    1.616088325566155e+01      0.000000000000000e+00
    1.616420138337848e+01      0.000000000000000e+00
    1.616751951109540e+01      0.000000000000000e+00
    1.617083763881233e+01      0.000000000000000e+00
    1.617415576652925e+01      0.000000000000000e+00
    1.617747389424618e+01      0.000000000000000e+00
    1.618079202196311e+01      0.000000000000000e+00
    1.618411014968003e+01      0.000000000000000e+00
    1.618742827739696e+01      0.000000000000000e+00
    1.619074640511388e+01      0.000000000000000e+00
    1.619406453283081e+01      0.000000000000000e+00
    1.619738266054773e+01      0.000000000000000e+00
    1.620070078826466e+01      0.000000000000000e+00
    1.620401891598159e+01      0.000000000000000e+00
    1.620733704369851e+01      0.000000000000000e+00
    1.621065517141544e+01      0.000000000000000e+00
    1.621397329913236e+01      0.000000000000000e+00
    1.621729142684929e+01      0.000000000000000e+00
    1.622060955456621e+01      0.000000000000000e+00
    1.622392768228314e+01      0.000000000000000e+00
    1.622724581000006e+01      0.000000000000000e+00
    1.623056393771699e+01      0.000000000000000e+00
    1.623388206543391e+01      0.000000000000000e+00
    1.623720019315084e+01      0.000000000000000e+00
    1.624051832086776e+01      0.000000000000000e+00
    1.624383644858469e+01      0.000000000000000e+00
    1.624715457630161e+01      0.000000000000000e+00
    1.625047270401854e+01      0.000000000000000e+00
    1.625379083173546e+01      0.000000000000000e+00
    1.625710895945239e+01      0.000000000000000e+00
    1.626042708716932e+01      0.000000000000000e+00
    1.626374521488624e+01      0.000000000000000e+00
    1.626706334260317e+01      0.000000000000000e+00
    1.627038147032009e+01      0.000000000000000e+00
    1.627369959803702e+01      0.000000000000000e+00
    1.627701772575394e+01      0.000000000000000e+00
    1.628033585347087e+01      0.000000000000000e+00
    1.628365398118779e+01      0.000000000000000e+00
    1.628697210890472e+01      0.000000000000000e+00
    1.629029023662164e+01      0.000000000000000e+00
    1.629360836433857e+01      0.000000000000000e+00
    1.629692649205550e+01      0.000000000000000e+00
    1.630024461977242e+01      0.000000000000000e+00
    1.630356274748935e+01      0.000000000000000e+00
    1.630688087520627e+01      0.000000000000000e+00
    1.631019900292320e+01      0.000000000000000e+00
    1.631351713064012e+01      0.000000000000000e+00
    1.631683525835705e+01      0.000000000000000e+00
    1.632015338607398e+01      0.000000000000000e+00
    1.632347151379090e+01      0.000000000000000e+00
    1.632678964150783e+01      0.000000000000000e+00
    1.633010776922475e+01      0.000000000000000e+00
    1.633342589694168e+01      0.000000000000000e+00
    1.633674402465860e+01      0.000000000000000e+00
    1.634006215237553e+01      0.000000000000000e+00
    1.634338028009245e+01      0.000000000000000e+00
    1.634669840780938e+01      0.000000000000000e+00
    1.635001653552630e+01      0.000000000000000e+00
    1.635333466324323e+01      0.000000000000000e+00
    1.635665279096015e+01      0.000000000000000e+00
    1.635997091867708e+01      0.000000000000000e+00
    1.636328904639401e+01      0.000000000000000e+00
    1.636660717411093e+01      0.000000000000000e+00
    1.636992530182786e+01      0.000000000000000e+00
    1.637324342954478e+01      0.000000000000000e+00
    1.637656155726171e+01      0.000000000000000e+00
    1.637987968497863e+01      0.000000000000000e+00
    1.638319781269556e+01      0.000000000000000e+00
    1.638651594041248e+01      0.000000000000000e+00
    1.638983406812941e+01      0.000000000000000e+00
    1.639315219584633e+01      0.000000000000000e+00
    1.639647032356326e+01      0.000000000000000e+00
    1.639978845128018e+01      0.000000000000000e+00
    1.640310657899711e+01      0.000000000000000e+00
    1.640642470671403e+01      0.000000000000000e+00
    1.640974283443096e+01      0.000000000000000e+00
    1.641306096214789e+01      0.000000000000000e+00
    1.641637908986481e+01      0.000000000000000e+00
    1.641969721758174e+01      0.000000000000000e+00
    1.642301534529866e+01      0.000000000000000e+00
    1.642633347301559e+01      0.000000000000000e+00
    1.642965160073251e+01      0.000000000000000e+00
    1.643296972844944e+01      0.000000000000000e+00
    1.643628785616636e+01      0.000000000000000e+00
    1.643960598388329e+01      0.000000000000000e+00
    1.644292411160021e+01      0.000000000000000e+00
    1.644624223931714e+01      0.000000000000000e+00
    1.644956036703407e+01      0.000000000000000e+00
    1.645287849475099e+01      0.000000000000000e+00
    1.645619662246792e+01      0.000000000000000e+00
    1.645951475018484e+01      0.000000000000000e+00
    1.646283287790177e+01      0.000000000000000e+00
    1.646615100561869e+01      0.000000000000000e+00
    1.646946913333562e+01      0.000000000000000e+00
    1.647278726105255e+01      0.000000000000000e+00
    1.647610538876947e+01      0.000000000000000e+00
    1.647942351648640e+01      0.000000000000000e+00
    1.648274164420332e+01      0.000000000000000e+00
    1.648605977192025e+01      0.000000000000000e+00
    1.648937789963717e+01      0.000000000000000e+00
    1.649269602735410e+01      0.000000000000000e+00
    1.649601415507102e+01      0.000000000000000e+00
    1.649933228278795e+01      0.000000000000000e+00
    1.650265041050487e+01      0.000000000000000e+00
    1.650596853822180e+01      0.000000000000000e+00
    1.650928666593872e+01      0.000000000000000e+00
    1.651260479365565e+01      0.000000000000000e+00
    1.651592292137257e+01      0.000000000000000e+00
    1.651924104908950e+01      0.000000000000000e+00
    1.652255917680642e+01      0.000000000000000e+00
    1.652587730452335e+01      0.000000000000000e+00
    1.652919543224028e+01      0.000000000000000e+00
    1.653251355995720e+01      0.000000000000000e+00
    1.653583168767413e+01      0.000000000000000e+00
    1.653914981539105e+01      0.000000000000000e+00
    1.654246794310798e+01      0.000000000000000e+00
    1.654578607082490e+01      1.021609412796809e+01
    1.654910419854183e+01      0.000000000000000e+00
    1.655242232625875e+01      0.000000000000000e+00
    1.655574045397568e+01      0.000000000000000e+00
    1.655905858169260e+01      0.000000000000000e+00
    1.656237670940953e+01      0.000000000000000e+00
    1.656569483712646e+01      0.000000000000000e+00
    1.656901296484338e+01      0.000000000000000e+00
    1.657233109256031e+01      0.000000000000000e+00
    1.657564922027723e+01      0.000000000000000e+00
    1.657896734799416e+01      0.000000000000000e+00
    1.658228547571108e+01      0.000000000000000e+00
    1.658560360342801e+01      0.000000000000000e+00
    1.658892173114494e+01      0.000000000000000e+00
    1.659223985886186e+01      0.000000000000000e+00
    1.659555798657879e+01      0.000000000000000e+00
    1.659887611429571e+01      0.000000000000000e+00
    1.660219424201264e+01      0.000000000000000e+00
    1.660551236972956e+01      0.000000000000000e+00
    1.660883049744649e+01      0.000000000000000e+00
    1.661214862516341e+01      0.000000000000000e+00
    1.661546675288034e+01      0.000000000000000e+00
    1.661878488059726e+01      0.000000000000000e+00
    1.662210300831419e+01      0.000000000000000e+00
    1.662542113603111e+01      0.000000000000000e+00
    1.662873926374804e+01      0.000000000000000e+00
    1.663205739146496e+01      0.000000000000000e+00
    1.663537551918189e+01      0.000000000000000e+00
    1.663869364689882e+01      0.000000000000000e+00
    1.664201177461574e+01      0.000000000000000e+00
    1.664532990233267e+01      0.000000000000000e+00
    1.664864803004959e+01      0.000000000000000e+00
    1.665196615776652e+01      0.000000000000000e+00
    1.665528428548344e+01      0.000000000000000e+00
    1.665860241320037e+01      0.000000000000000e+00
    1.666192054091729e+01      0.000000000000000e+00
    1.666523866863422e+01      0.000000000000000e+00
    1.666855679635114e+01      0.000000000000000e+00
    1.667187492406807e+01      0.000000000000000e+00
    1.667519305178499e+01      0.000000000000000e+00
    1.667851117950192e+01      0.000000000000000e+00
    1.668182930721885e+01      0.000000000000000e+00
    1.668514743493577e+01      0.000000000000000e+00
    1.668846556265270e+01      0.000000000000000e+00
    1.669178369036962e+01      0.000000000000000e+00
    1.669510181808655e+01      0.000000000000000e+00
    1.669841994580347e+01      0.000000000000000e+00
    1.670173807352040e+01      0.000000000000000e+00
    1.670505620123732e+01      0.000000000000000e+00
    1.670837432895425e+01      0.000000000000000e+00
    1.671169245667117e+01      0.000000000000000e+00
    1.671501058438810e+01      0.000000000000000e+00
    1.671832871210503e+01      0.000000000000000e+00
    1.672164683982195e+01      0.000000000000000e+00
    1.672496496753888e+01      0.000000000000000e+00
    1.672828309525580e+01      0.000000000000000e+00
    1.673160122297273e+01      0.000000000000000e+00
    1.673491935068965e+01      0.000000000000000e+00
    1.673823747840658e+01      0.000000000000000e+00
    1.674155560612351e+01      0.000000000000000e+00
    1.674487373384043e+01      0.000000000000000e+00
    1.674819186155736e+01      0.000000000000000e+00
    1.675150998927428e+01      0.000000000000000e+00
    1.675482811699121e+01      0.000000000000000e+00
    1.675814624470813e+01      0.000000000000000e+00
    1.676146437242506e+01      0.000000000000000e+00
    1.676478250014198e+01      0.000000000000000e+00
    1.676810062785891e+01      0.000000000000000e+00
    1.677141875557583e+01      0.000000000000000e+00
    1.677473688329276e+01      0.000000000000000e+00
    1.677805501100968e+01      0.000000000000000e+00
    1.678137313872661e+01      0.000000000000000e+00
    1.678469126644353e+01      0.000000000000000e+00
    1.678800939416046e+01      0.000000000000000e+00
    1.679132752187738e+01      0.000000000000000e+00
    1.679464564959431e+01      0.000000000000000e+00
    1.679796377731124e+01      0.000000000000000e+00
    1.680128190502816e+01      0.000000000000000e+00
    1.680460003274509e+01      0.000000000000000e+00
    1.680791816046201e+01      0.000000000000000e+00
    1.681123628817894e+01      0.000000000000000e+00
    1.681455441589586e+01      0.000000000000000e+00
    1.681787254361279e+01      0.000000000000000e+00
    1.682119067132971e+01      0.000000000000000e+00
    1.682450879904664e+01      0.000000000000000e+00
    1.682782692676356e+01      0.000000000000000e+00
    1.683114505448049e+01      0.000000000000000e+00
    1.683446318219742e+01      0.000000000000000e+00
    1.683778130991434e+01      0.000000000000000e+00
    1.684109943763127e+01      0.000000000000000e+00
    1.684441756534819e+01      0.000000000000000e+00
    1.684773569306512e+01      0.000000000000000e+00
    1.685105382078204e+01      0.000000000000000e+00
    1.685437194849897e+01      0.000000000000000e+00
    1.685769007621590e+01      0.000000000000000e+00
    1.686100820393282e+01      0.000000000000000e+00
    1.686432633164975e+01      0.000000000000000e+00
    1.686764445936667e+01      0.000000000000000e+00
    1.687096258708360e+01      0.000000000000000e+00
    1.687428071480052e+01      0.000000000000000e+00
    1.687759884251745e+01      0.000000000000000e+00
    1.688091697023437e+01      0.000000000000000e+00
    1.688423509795130e+01      0.000000000000000e+00
    1.688755322566822e+01      0.000000000000000e+00
    1.689087135338515e+01      0.000000000000000e+00
    1.689418948110207e+01      0.000000000000000e+00
    1.689750760881900e+01      0.000000000000000e+00
    1.690082573653592e+01      0.000000000000000e+00
    1.690414386425285e+01      0.000000000000000e+00
    1.690746199196978e+01      0.000000000000000e+00
    1.691078011968670e+01      0.000000000000000e+00
    1.691409824740363e+01      0.000000000000000e+00
    1.691741637512055e+01      0.000000000000000e+00
    1.692073450283748e+01      0.000000000000000e+00
    1.692405263055440e+01      0.000000000000000e+00
    1.692737075827133e+01      0.000000000000000e+00
    1.693068888598825e+01      0.000000000000000e+00
    1.693400701370518e+01      0.000000000000000e+00
    1.693732514142210e+01      0.000000000000000e+00
    1.694064326913903e+01      0.000000000000000e+00
    1.694396139685595e+01      0.000000000000000e+00
    1.694727952457288e+01      0.000000000000000e+00
    1.695059765228981e+01      0.000000000000000e+00
    1.695391578000673e+01      0.000000000000000e+00
    1.695723390772366e+01      0.000000000000000e+00
    1.696055203544058e+01      0.000000000000000e+00
    1.696387016315751e+01      0.000000000000000e+00
    1.696718829087443e+01      0.000000000000000e+00
    1.697050641859136e+01      0.000000000000000e+00
    1.697382454630828e+01      0.000000000000000e+00
    1.697714267402521e+01      0.000000000000000e+00
    1.698046080174214e+01      0.000000000000000e+00
    1.698377892945906e+01      0.000000000000000e+00
    1.698709705717599e+01      0.000000000000000e+00
    1.699041518489291e+01      0.000000000000000e+00
    1.699373331260984e+01      0.000000000000000e+00
    1.699705144032676e+01      0.000000000000000e+00
    1.700036956804369e+01      0.000000000000000e+00
    1.700368769576061e+01      0.000000000000000e+00
    1.700700582347754e+01      0.000000000000000e+00
    1.701032395119447e+01      0.000000000000000e+00
    1.701364207891139e+01      0.000000000000000e+00
    1.701696020662832e+01      0.000000000000000e+00
    1.702027833434524e+01      0.000000000000000e+00
    1.702359646206217e+01      0.000000000000000e+00
    1.702691458977909e+01      0.000000000000000e+00
    1.703023271749602e+01      0.000000000000000e+00
    1.703355084521294e+01      0.000000000000000e+00
    1.703686897292987e+01      0.000000000000000e+00
    1.704018710064679e+01      0.000000000000000e+00
    1.704350522836372e+01      0.000000000000000e+00
    1.704682335608064e+01      0.000000000000000e+00
    1.705014148379757e+01      0.000000000000000e+00
    1.705345961151449e+01      0.000000000000000e+00
    1.705677773923142e+01      0.000000000000000e+00
    1.706009586694834e+01      0.000000000000000e+00
    1.706341399466527e+01      0.000000000000000e+00
    1.706673212238220e+01      0.000000000000000e+00
    1.707005025009912e+01      0.000000000000000e+00
    1.707336837781605e+01      0.000000000000000e+00
    1.707668650553297e+01      0.000000000000000e+00
    1.708000463324990e+01      0.000000000000000e+00
    1.708332276096682e+01      0.000000000000000e+00
    1.708664088868375e+01      0.000000000000000e+00
    1.708995901640067e+01      0.000000000000000e+00
    1.709327714411760e+01      0.000000000000000e+00
    1.709659527183452e+01      0.000000000000000e+00
    1.709991339955145e+01      0.000000000000000e+00
    1.710323152726838e+01      0.000000000000000e+00
    1.710654965498530e+01      0.000000000000000e+00
    1.710986778270223e+01      0.000000000000000e+00
    1.711318591041915e+01      0.000000000000000e+00
    1.711650403813608e+01      0.000000000000000e+00
    1.711982216585300e+01      5.108047063984047e+00
