 238850.5 0.002824291641174856
 238851.0 0.00113474428855978
 238851.5 1.85480155022455e-06
 238852.0 1.142898399683623e-06
 238852.5 6.856119167814034e-07
 238853.0 4.004139054908373e-07
 238853.5 2.276666856149134e-07
 238854.0 1.260227108224043e-07
 238854.5 6.791357370916629e-08
 238855.0 3.56305234899823e-08
 238855.5 1.819889738907676e-08
 238856.0 9.049499871682798e-09
 238856.5 4.380866877595757e-09
 238857.0 2.06467121177667e-09
 238857.5 9.473195561326975e-10
 238858.0 4.231515277064446e-10
 238858.5 1.840129021379866e-10
 238859.0 7.790298961474207e-11
 238859.5 3.210803845021815e-11
 238860.0 1.288313900005278e-11
 238860.5 5.032446681596525e-12
 238861.0 1.913746938697614e-12
 238861.5 7.085720898913905e-13
 238862.0 2.55503951329672e-13
 238862.5 8.96643870262892e-14
 238863.0 3.05311331771918e-14
 238863.5 1.0172418463128e-14
 238864.0 3.316791286067655e-15
 238864.5 9.43689570931383e-16
 238865.0 2.359223927328458e-16
 238865.5 0.0
 238866.0 0.0
 238866.5 0.0
 238867.0 0.0
 238867.5 0.0
 238868.0 0.0
 238868.5 0.0
 238869.0 0.0
 238869.5 0.0
 238870.0 0.0
 238870.5 0.0
 238871.0 0.0
 238871.5 0.0
 238872.0 0.0
 238872.5 0.0
 238873.0 0.0
 238873.5 0.0
 238874.0 0.0
 238874.5 0.0
 238875.0 0.0
 238875.5 0.0
 238876.0 0.0
 238876.5 0.0
 238877.0 0.0
 238877.5 0.0
 238878.0 0.0
 238878.5 0.0
 238879.0 0.0
 238879.5 0.0
 238880.0 0.0
 238880.5 0.0
 238881.0 0.0
 238881.5 0.0
 238882.0 0.0
 238882.5 0.0
 238883.0 0.0
 238883.5 0.0
 238884.0 0.0
 238884.5 0.0
 238885.0 0.0
 238885.5 0.0
 238886.0 0.0
 238886.5 0.0
 238887.0 0.0
 238887.5 0.0
 238888.0 0.0
 238888.5 0.0
 238889.0 0.0
 238889.5 2.636779683484747e-16
 238890.0 1.346145417358002e-15
 238890.5 4.551914400963142e-15
 238891.0 1.390554338343009e-14
 238891.5 4.168887457467463e-14
 238892.0 1.226796442210798e-13
 238892.5 3.515243651719402e-13
 238893.0 9.810485757100196e-13
 238893.5 2.665104248400496e-12
 238894.0 7.048750472193888e-12
 238894.5 1.814967620639152e-11
 238895.0 4.549674526010961e-11
 238895.5 1.110318365027396e-10
 238896.0 2.637990520470979e-10
 238896.5 6.101809058023377e-10
 238897.0 1.37405413436209e-09
 238897.5 3.012378124722659e-09
 238898.0 6.429487275916301e-09
 238898.5 1.335995797324685e-08
 238899.0 2.702691019595971e-08
 238899.5 5.322931824480737e-08
 238900.0 1.020632095366514e-07
 238900.5 1.905249954053945e-07
 238901.0 3.462579111490616e-07
 238901.5 6.126508232257022e-07
 238902.0 1.055340136141281e-06
 238902.5 1.769858431435734e-06
 238903.0 2.889693245300418e-06
 238903.5 4.593382087803022e-06
 238904.0 7.108557352045186e-06
 238904.5 1.071023227164347e-05
 238905.0 1.571033503836028e-05
 238905.5 2.243588895070592e-05
 238906.0 3.119496740297545e-05
 238906.5 4.223527935819094e-05
 238907.0 5.572130629506733e-05
 238907.5 7.182684647852322e-05
 238908.0 9.121254738342355e-05
 238908.5 0.0001163590518400703
 238909.0 0.0001538941720835296
 238909.5 0.0002161687655455186
 238910.0 0.0003173733991645028
 238910.5 0.0004603074994924405
 238911.0 0.0006200889491014411
 238911.5 0.0007435922252538307
 238912.0 0.0007859855126364501
 238912.5 0.000704347658766119
 238913.0 0.0005596947851697204
 238913.5 0.0004013278872715687
 238914.0 0.0002732645807547868
 238914.5 0.0001883546711668321
 238915.0 0.0001373475645370797
 238915.5 0.0001057192044287281
 238916.0 8.328472819968402e-05
 238916.5 6.531022211260507e-05
 238917.0 5.024432869291107e-05
 238917.5 3.771300640846575e-05
 238918.0 2.757274910336616e-05
 238918.5 1.962819144041283e-05
 238919.0 1.360368945046986e-05
 238919.5 9.179164989533972e-06
 238920.0 6.030016366467827e-06
 238920.5 3.856578257466214e-06
 238921.0 2.40134026859018e-06
 238921.5 1.455702724972863e-06
 238922.0 8.591295103388408e-07
 238922.5 4.936407693584277e-07
 238923.0 2.761399961193067e-07
 238923.5 1.503879245023931e-07
 238924.0 7.973727687848875e-08
 238924.5 4.115987302377722e-08
 238925.0 2.068474795613451e-08
 238925.5 1.012020678370362e-08
 238926.0 4.820486107504074e-09
 238926.5 2.235393217753234e-09
 238927.0 1.009201833213069e-09
 238927.5 4.43570277730565e-10
 238928.0 1.89804436057095e-10
 238928.5 7.90694731911401e-11
 238929.0 3.20678206211511e-11
 238929.5 1.266173277336691e-11
 238930.0 4.867162228805455e-12
 238930.5 1.821334749685377e-12
 238931.0 6.634276461525701e-13
 238931.5 2.352146255546472e-13
 238932.0 8.124056982694583e-14
 238932.5 2.726985304235541e-14
 238933.0 8.826273045769994e-15
 238933.5 2.942091015256665e-15
 238934.0 1.082467449009528e-15
 238934.5 2.775557561562891e-16
 238935.0 0.0
 238935.5 0.0
 238936.0 0.0
 238936.5 0.0
 238937.0 0.0
 238937.5 0.0
 238938.0 0.0
 238938.5 0.0
 238939.0 0.0
 238939.5 0.0
 238940.0 0.0
 238940.5 0.0
 238941.0 0.0
 238941.5 0.0
 238942.0 0.0
 238942.5 0.0
 238943.0 0.0
 238943.5 0.0
 238944.0 0.0
 238944.5 0.0
 238945.0 0.0
 238945.5 0.0
 238946.0 0.0
 238946.5 0.0
 238947.0 0.0
 238947.5 0.0
 238948.0 0.0
 238948.5 0.0
 238949.0 3.469446951953614e-16
 238949.5 1.77635683940025e-15
 238950.0 5.689893001203927e-15
 238950.5 1.740274591099933e-14
 238951.0 5.395683899678261e-14
 238951.5 1.633138069223605e-13
 238952.0 4.796302244258754e-13
 238952.5 1.370750735141257e-12
 238953.0 3.815808780061047e-12
 238953.5 1.03421993191688e-11
 238954.0 2.728925418971073e-11
 238954.5 7.010152180964013e-11
 238955.0 1.753172051977003e-10
 238955.5 4.268589509637266e-10
 238956.0 1.01183224299195e-09
 238956.5 2.335057980307198e-09
 238957.0 5.246293274807634e-09
 238957.5 1.147555950264945e-08
 238958.0 2.443780869332279e-08
 238958.5 5.066621011629024e-08
 238959.0 1.022687602242334e-07
 238959.5 2.009724887896969e-07
 238960.0 3.845031460170123e-07
 238960.5 7.161985755010924e-07
 238961.0 1.298786775905114e-06
 238961.5 2.29305078122688e-06
 238962.0 3.941499116255631e-06
 238962.5 6.596015286672308e-06
 238963.0 1.074669241842019e-05
 238963.5 1.704674206157164e-05
 238964.0 2.632581341116547e-05
 238964.5 3.95818852887142e-05
 238965.0 5.794100892969611e-05
 238965.5 8.257582404563868e-05
 238966.0 0.0001145805320722781
 238966.5 0.000154822526470158
 238967.0 0.0002038738612447771
 238967.5 0.0002624006636933324
 238968.0 0.0003330358614041518
 238968.5 0.0004254400249282669
 238969.0 0.0005647847261558703
 238969.5 0.0007966666636361058
 238970.0 0.001171029559016074
 238970.5 0.001692566789424615
 238971.0 0.002263800829771845
 238971.5 0.002689683661945649
 238972.0 0.002814533180202111
 238972.5 0.002498070807270492
 238973.0 0.001968721181554195
 238973.5 0.001404081072634636
 238974.0 0.0009549784246982718
 238974.5 0.0006602370078173658
 238975.0 0.0004835569929259736
 238975.5 0.0003732261184111602
 238976.0 0.0002941675495622548
 238976.5 0.0002304707008132512
 238977.0 0.0001770415766095129
 238977.5 0.0001326648129650054
 238978.0 9.68289280730561e-05
 238978.5 6.881241924325265e-05
 238979.0 4.761124707972075e-05
 238979.5 3.207213447523061e-05
 238980.0 2.103394242634893e-05
 238980.5 1.343035637287049e-05
 238981.0 8.34887592481015e-06
 238981.5 5.052910953651235e-06
 238982.0 2.977336877707515e-06
 238982.5 1.707994634350674e-06
 238983.0 9.53930413272186e-07
 238983.5 5.187021012154069e-07
 238984.0 2.745932562719933e-07
 238984.5 1.415245176883406e-07
 238985.0 7.101381545304708e-08
 238985.5 3.469147193124744e-08
 238986.0 1.649949606108425e-08
 238986.5 7.639871429931944e-09
 238987.0 3.444039664568521e-09
 238987.5 1.511528124886752e-09
 238988.0 6.458468621017843e-10
 238988.5 2.686628558512538e-10
 238989.0 1.088052703490661e-10
 238989.5 4.289975319426986e-11
 238990.0 1.646721647929894e-11
 238990.5 6.153980103285051e-12
 238991.0 2.239000651549361e-12
 238991.5 7.930739398531728e-13
 238992.0 2.736977311457167e-13
 238992.5 9.194034422677078e-14
 238993.0 3.017031069418863e-14
 238993.5 9.58955137519979e-15
 238994.0 2.831068712794149e-15
 238994.5 1.068589661201713e-15
 238995.0 3.608224830031759e-16
 238995.5 0.0
 238996.0 0.0
 238996.5 0.0
 238997.0 0.0
 238997.5 0.0
 238998.0 0.0
 238998.5 0.0
 238999.0 0.0
 238999.5 0.0
 239000.0 6.245004513516506e-16
 239000.5 2.192690473634684e-15
 239001.0 6.883382752675971e-15
 239001.5 2.184363800949995e-14
 239002.0 6.70991040507829e-14
 239002.5 2.000899446130688e-13
 239003.0 5.796474411567942e-13
 239003.5 1.634387070126309e-12
 239004.0 4.485162241607554e-12
 239004.5 1.198216525999385e-11
 239005.0 3.116447377937703e-11
 239005.5 7.891323705599973e-11
 239006.0 1.945393568458798e-10
 239006.5 4.669099273879596e-10
 239007.0 1.091008020037698e-09
 239007.5 2.481950756028084e-09
 239008.0 5.497046276503603e-09
 239008.5 1.185324667585252e-08
 239009.0 2.488385167365159e-08
 239009.5 5.085936087556586e-08
 239010.0 1.01204041161318e-07
 239010.5 1.960645610449285e-07
 239011.0 3.698071009694548e-07
 239011.5 6.790892865676801e-07
 239012.0 1.214100311133781e-06
 239012.5 2.113288884247888e-06
 239013.0 3.581296676935519e-06
 239013.5 5.908801019222087e-06
 239014.0 9.491536913402987e-06
 239014.5 1.48440455122606e-05
 239015.0 2.260200696396764e-05
 239015.5 3.350589383178948e-05
 239016.0 4.835885798860906e-05
 239016.5 6.795437709981866e-05
 239017.0 9.29778211510579e-05
 239017.5 0.0001239168019296633
 239018.0 0.0001611255585774046
 239018.5 0.0002055035382875214
 239019.0 0.0002607927320068398
 239019.5 0.0003384878244837991
 239020.0 0.0004634987400991136
 239020.5 0.0006717180228476838
 239021.0 0.000986760953120988
 239021.5 0.001378448783482727
 239022.0 0.0017393701353213
 239022.5 0.001947148824288716
 239023.0 0.001848641351727076
 239023.5 0.00154667705772904
 239024.0 0.001151155378232349
 239024.5 0.0007947621632466983
 239025.0 0.0005411477060220382
 239025.5 0.0003846978155665481
 239026.0 0.0002904970093363657
 239026.5 0.0002276229769050675
 239027.0 0.0001793020765210596
 239027.5 0.0001391940829707922
 239028.0 0.0001055948495187892
 239028.5 7.806326905879235e-05
 239029.0 5.619721388504251e-05
 239029.5 3.938924183849446e-05
 239030.0 2.687958037807248e-05
 239030.5 1.785858922404016e-05
 239031.0 1.155183543717631e-05
 239031.5 7.27500986386076e-06
 239032.0 4.460612400197794e-06
 239032.5 2.662767400796184e-06
 239033.0 1.547566528342648e-06
 239033.5 8.756736097070839e-07
 239034.0 4.824046586221487e-07
 239034.5 2.587357630368103e-07
 239035.0 1.351066067079021e-07
 239035.5 6.868648068369954e-08
 239036.0 3.399694392669517e-08
 239036.5 1.63825608079371e-08
 239037.0 7.685928490874794e-09
 239037.5 3.510612550661207e-09
 239038.0 1.561136137029351e-09
 239038.5 6.758793108518901e-10
 239039.0 2.848835056745713e-10
 239039.5 1.169054852923068e-10
 239040.0 4.670566711162394e-11
 239040.5 1.816645445185117e-11
 239041.0 6.879524727665398e-12
 239041.5 2.537109411449023e-12
 239042.0 9.132694600566538e-13
 239042.5 3.281541705035806e-13
 239043.0 1.404432126150823e-13
 239043.5 1.345312750089533e-13
 239044.0 3.047284646839898e-13
 239044.5 8.523598493681561e-13
 239045.0 2.394626164026192e-12
 239045.5 6.571160282575761e-12
 239046.0 1.756166045918661e-11
 239046.5 4.569722378278129e-11
 239047.0 1.157678120033978e-10
 239047.5 2.855338326890333e-10
 239048.0 6.856463730109397e-10
 239048.5 1.602937435563057e-09
 239049.0 3.648441784798173e-09
 239049.5 8.084873465152853e-09
 239050.0 1.744274029380488e-08
 239050.5 3.663806751041943e-08
 239051.0 7.492511436280047e-08
 239051.5 1.491763354372067e-07
 239052.0 2.891683412303836e-07
 239052.5 5.457332931946279e-07
 239053.0 1.002743005934503e-06
 239053.5 1.793820114448508e-06
 239054.0 3.124271309898341e-06
 239054.5 5.297850749375055e-06
 239055.0 8.746460199410278e-06
 239055.5 1.405876037433029e-05
 239056.0 2.200109408709294e-05
 239056.5 3.352158139120764e-05
 239057.0 4.972653101154023e-05
 239057.5 7.181850681595159e-05
 239058.0 0.0001009891634903559
 239058.5 0.0001382724781793243
 239059.0 0.0001844083401093544
 239059.5 0.0002399263332866497
 239060.0 0.0003061199186486785
 239060.5 0.0003883937021949557
 239061.0 0.0005035120946146332
 239061.5 0.0006881792068117315
 239062.0 0.000996029037251392
 239062.5 0.001463828283691057
 239063.0 0.002049535119678855
 239063.5 0.002595254296825916
 239064.0 0.002917197250868114
 239064.5 0.002781621346567106
 239065.0 0.002336549692254095
 239065.5 0.001744448930435571
 239066.0 0.001206205888957979
 239066.5 0.0008209046912660695
 239067.0 0.0005825298467692641
 239067.5 0.0004391792785549409
 239068.0 0.0003439208807877875
 239068.5 0.0002709803638896724
 239069.0 0.0002105079380723962
 239069.5 0.0001598290714807105
 239070.0 0.0001182628117097628
 239070.5 8.521443175465993e-05
 239071.0 5.978300557031579e-05
 239071.5 4.083461750323258e-05
 239072.0 2.715582814391548e-05
 239072.5 1.758250690825358e-05
 239073.0 1.108361157732551e-05
 239073.5 6.802430614433197e-06
 239074.0 4.0647028919788e-06
 239074.5 2.364693570205967e-06
 239075.0 1.339373832259794e-06
 239075.5 7.385997222303375e-07
 239076.0 3.965487592183514e-07
 239076.5 2.072837432948171e-07
 239077.0 1.054930243438168e-07
 239077.5 5.227855368050704e-08
 239078.0 2.524392130054398e-08
 239078.5 1.192235604685621e-08
 239079.0 5.622481064060381e-09
 239079.5 2.931169695852276e-09
 239080.0 2.314360245114777e-09
 239080.5 3.454531938285044e-09
 239081.0 7.14560446923862e-09
 239081.5 1.574201449749957e-08
 239082.0 3.435260365058923e-08
 239082.5 7.321347408884016e-08
 239083.0 1.519998895083141e-07
 239083.5 3.07269059030002e-07
 239084.0 6.047600075165249e-07
 239084.5 1.158858255745354e-06
 239085.0 2.162021845580897e-06
 239085.5 3.927106834361593e-06
 239086.0 6.944943997388986e-06
 239086.5 1.195772851290966e-05
 239087.0 2.004532163163431e-05
 239087.5 3.271615255531768e-05
 239088.0 5.198723216104373e-05
 239088.5 8.042976981256778e-05
 239089.0 0.0001211498775781222
 239089.5 0.0001776706466287137
 239090.0 0.0002536862680123236
 239090.5 0.0003526783023222735
 239091.0 0.0004774483834820431
 239091.5 0.0006298574342814695
 239092.0 0.0008118556828004136
 239092.5 0.001030825637382854
 239093.0 0.001314535161153402
 239093.5 0.001737341729739744
 239094.0 0.00243823316180207
 239094.5 0.00357786172172514
 239095.0 0.005190225812968574
 239095.5 0.006998348404667828
 239096.0 0.008404848375393598
 239096.5 0.00890090941576377
 239097.0 0.007993480313533197
 239097.5 0.00636501820166141
 239098.0 0.004571345026564116
 239098.5 0.003114696254262417
 239099.0 0.002145994536746104
 239099.5 0.001563450862783908
 239100.0 0.001202753302927934
 239100.5 0.0009475710257895731
 239101.0 0.0007434270471781412
 239101.5 0.0005723330114963537
 239102.0 0.0004299330402958573
 239102.5 0.0003146024838652228
 239103.0 0.0002241579776905284
 239103.5 0.0001555042240526661
 239104.0 0.0001050328301966524
 239104.5 6.907482411784571e-05
 239105.0 4.423723931340495e-05
 239105.5 2.760210954810827e-05
 239106.0 1.680777692099344e-05
 239106.5 1.004523696478132e-05
 239107.0 6.003692046160913e-06
 239107.5 3.79488370226555e-06
 239108.0 2.878423023836008e-06
 239108.5 3.002571462851211e-06
 239109.0 4.168046666447323e-06
 239109.5 6.616801498646185e-06
 239110.0 1.08430627223377e-05
 239110.5 1.761966933298831e-05
 239111.0 2.802849250624351e-05
 239111.5 4.347946420851789e-05
 239112.0 6.569914058363047e-05
 239112.5 9.666809461456038e-05
 239113.0 0.0001384887226465181
 239113.5 0.0001931749515634573
 239114.0 0.000262386808683443
 239114.5 0.0003472468471428236
 239115.0 0.0004487686304790878
 239115.5 0.0005704402766580352
 239116.0 0.0007258860054365213
 239116.5 0.0009532271543102877
 239117.0 0.001327278804989604
 239117.5 0.001941514657632218
 239118.0 0.002830942143019016
 239118.5 0.003864051474969293
 239119.0 0.004717423676170965
 239119.5 0.005087637009961066
 239120.0 0.004651448641829273
 239120.5 0.003762616739490285
 239121.0 0.002732146405129615
 239121.5 0.001868205558186758
 239122.0 0.001282187293651885
 239122.5 0.0009284639711976544
 239123.0 0.0007133803231641617
 239123.5 0.0005663326159023041
 239124.0 0.0004531989278001025
 239124.5 0.0003630450455243545
 239125.0 0.0002943652900057048
 239125.5 0.0002481059962452098
 239126.0 0.0002254007980556222
 239126.5 0.0002271757117427164
 239127.0 0.0002541991190070508
 239127.5 0.0003071080894506695
 239128.0 0.0003863488093057421
 239128.5 0.0004922765109034999
 239129.0 0.0006263608643676671
 239129.5 0.0007959483474876544
 239130.0 0.001026306719986464
 239130.5 0.001379375284397133
 239131.0 0.00196127478031434
 239131.5 0.002879069533512621
 239132.0 0.004125389891209558
 239132.5 0.005461025541787345
 239133.0 0.006448949110304331
 239133.5 0.006769976161499477
 239134.0 0.006179736228473676
 239134.5 0.005221707117596772
 239135.0 0.004344193362057297
 239135.5 0.003962169525804166
 239136.0 0.004267396108272925
 239136.5 0.005203931419004146
 239137.0 0.006444086221554873
 239137.5 0.007435938008942072
 239138.0 0.007728639830177006
 239138.5 0.00690315344722657
 239139.0 0.005496451297736321
 239139.5 0.003959224651309046
 239140.0 0.002704993183275856
 239140.5 0.001861991252903678
 239141.0 0.001348618845936594
 239141.5 0.00102861167931656
 239142.0 0.0008035910041340744
 239142.5 0.0006261269292673344
 239143.0 0.0004794799332050181
 239143.5 0.0003587566634452449
 239144.0 0.0002617554348579992
 239144.5 0.0001861144181113383
 239145.0 0.0001289258494887868
 239145.5 8.699803845706178e-05
 239146.0 5.717948263600503e-05
 239146.5 3.660116315870598e-05
 239147.0 2.281623842090297e-05
 239147.5 1.385047005472706e-05
 239148.0 8.187248752455911e-06
 239148.5 4.712485204810823e-06
 239149.0 2.641125838892533e-06
 239149.5 1.441272701838137e-06
 239150.0 7.419383660639545e-07
