 238850.5 5.134958084106953e-06
 238851.0 9.055372147906887e-06
 238851.5 3.754873241271109e-07
 238852.0 1.640951470449814e-06
 238852.5 6.389034741954348e-08
 238853.0 3.659979638992054e-06
 238853.5 3.958673653767646e-08
 238854.0 2.54277978501509e-07
 238854.5 5.44156177918276e-06
 238855.0 2.09145053953892e-06
 238855.5 6.107235836040399e-06
 238856.0 2.467446770938471e-06
 238856.5 2.042036631072308e-06
 238857.0 1.107202139440878e-05
 238857.5 5.530511134774817e-06
 238858.0 5.496978352760882e-07
 238858.5 2.757757428544317e-07
 238859.0 8.952728078606282e-07
 238859.5 8.45196743313306e-08
 238860.0 1.979650826875016e-07
 238860.5 1.440754046846524e-06
 238861.0 3.001004039782128e-06
 238861.5 1.47237770163251e-06
 238862.0 2.215931667601533e-06
 238862.5 2.626523905509079e-07
 238863.0 1.606087132371823e-06
 238863.5 7.138035595529249e-07
 238864.0 3.417485646402093e-07
 238864.5 1.32937316664535e-06
 238865.0 1.040503494136772e-06
 238865.5 7.203422391098432e-08
 238866.0 5.057856416542293e-07
 238866.5 7.867194161724149e-08
 238867.0 5.247500239458755e-06
 238867.5 6.552316695537858e-09
 238868.0 9.591192054467433e-07
 238868.5 2.2298952691326e-06
 238869.0 2.009284284576435e-06
 238869.5 4.087113573660398e-09
 238870.0 3.892795892841714e-06
 238870.5 8.564281629505592e-07
 238871.0 6.154664517399013e-06
 238871.5 3.84499796718704e-07
 238872.0 7.450579967155104e-07
 238872.5 2.215986758432973e-10
 238873.0 2.124619407651418e-06
 238873.5 1.630323872493497e-06
 238874.0 6.102092469393158e-06
 238874.5 1.028106674658813e-07
 238875.0 5.963252310985331e-08
 238875.5 2.6690502903912e-06
 238876.0 1.604489336902111e-09
 238876.5 3.168732532180486e-08
 238877.0 5.92664470154897e-06
 238877.5 1.965463068290673e-07
 238878.0 2.428195574947154e-06
 238878.5 9.963510496296665e-08
 238879.0 3.834856345948907e-07
 238879.5 3.071570766417166e-07
 238880.0 1.297466927806568e-08
 238880.5 3.761090632994918e-06
 238881.0 3.033123150385654e-09
 238881.5 1.905029929226875e-06
 238882.0 1.1474275303355e-07
 238882.5 1.198620254464262e-06
 238883.0 3.111884035650618e-06
 238883.5 1.175184676353505e-07
 238884.0 9.519782705608044e-06
 238884.5 1.072433389405284e-05
 238885.0 7.033933980715543e-07
 238885.5 2.978872531087824e-06
 238886.0 1.039168434658944e-05
 238886.5 2.178818673084641e-06
 238887.0 2.360460647115714e-06
 238887.5 1.042124536106137e-06
 238888.0 5.965971457075894e-06
 238888.5 2.795843227372173e-08
 238889.0 9.880711156941192e-07
 238889.5 4.763270360537894e-08
 238890.0 1.438172208733088e-06
 238890.5 6.561277760836895e-09
 238891.0 2.463639431062283e-06
 238891.5 2.251522909173247e-08
 238892.0 1.669562563069472e-06
 238892.5 2.463400347992524e-06
 238893.0 3.99441577825893e-06
 238893.5 3.845834674004755e-08
 238894.0 4.795928617176108e-06
 238894.5 2.149697052887981e-06
 238895.0 1.958635493731366e-07
 238895.5 8.044363220097329e-07
 238896.0 4.138575367659124e-06
 238896.5 3.40148843607063e-06
 238897.0 1.302612230983918e-06
 238897.5 3.042480015811562e-06
 238898.0 5.050931198860741e-06
 238898.5 4.588606507643767e-06
 238899.0 1.093505704831453e-07
 238899.5 1.76249494606397e-07
 238900.0 2.605480368467674e-06
 238900.5 2.237306493327423e-06
 238901.0 1.21069986451735e-09
 238901.5 1.805794842493673e-06
 238902.0 7.494708571142751e-07
 238902.5 2.954113274039932e-07
 238903.0 8.431729947659067e-07
 238903.5 1.165363384041749e-06
 238904.0 1.487517877240609e-06
 238904.5 5.524330792817024e-11
 238905.0 2.930104452926146e-06
 238905.5 7.832455807466082e-07
 238906.0 7.117208349294584e-06
 238906.5 9.625450232825732e-07
 238907.0 1.760125994319922e-06
 238907.5 1.727266095912358e-08
 238908.0 1.119665361034918e-07
 238908.5 1.102682650438389e-06
 238909.0 2.079862328666102e-07
 238909.5 6.432635323403375e-08
 238910.0 2.833536423911479e-08
 238910.5 3.390274344999211e-06
 238911.0 1.779279064160054e-08
 238911.5 1.28866968447221e-06
 238912.0 9.095228886357771e-07
 238912.5 4.047189121838665e-06
 238913.0 4.025039094848109e-06
 238913.5 1.503881066845498e-05
 238914.0 9.22846398981385e-06
 238914.5 1.87378588339845e-06
 238915.0 5.371793335875337e-07
 238915.5 1.296451312193816e-07
 238916.0 1.623282111468532e-06
 238916.5 4.095747397693442e-06
 238917.0 1.207397433901123e-05
 238917.5 3.522665216307169e-06
 238918.0 8.372380400076866e-06
 238918.5 1.27970516133541e-08
 238919.0 1.940025598829952e-06
 238919.5 6.405583086774951e-06
 238920.0 8.514114539798156e-07
 238920.5 1.115020664876967e-05
 238921.0 5.508804865189412e-07
 238921.5 9.780038919226516e-06
 238922.0 5.546521138108226e-07
 238922.5 1.625238317558766e-06
 238923.0 1.011663229094981e-05
 238923.5 6.792817581369344e-07
 238924.0 1.285743161298598e-06
 238924.5 3.047781205955074e-06
 238925.0 2.106075290474509e-06
 238925.5 7.022683087252334e-07
 238926.0 2.184926679712397e-06
 238926.5 5.185671805809968e-07
 238927.0 4.784379059004194e-08
 238927.5 9.070481145443257e-07
 238928.0 8.082088959353313e-06
 238928.5 9.275013019587477e-07
 238929.0 2.296381703146728e-06
 238929.5 6.718060901440077e-06
 238930.0 2.309740752726718e-06
 238930.5 6.491111995791098e-09
 238931.0 5.217195266999582e-06
 238931.5 7.329648550653484e-06
 238932.0 4.491691700463383e-06
 238932.5 4.24885994914935e-08
 238933.0 2.997852948514247e-06
 238933.5 5.797122051777958e-07
 238934.0 1.094700330885275e-07
 238934.5 9.549924848639566e-08
 238935.0 1.732821926676103e-06
 238935.5 5.434119186143258e-06
 238936.0 4.030323526912093e-07
 238936.5 1.400056251893858e-05
 238937.0 5.192068849522185e-06
 238937.5 2.559756481364355e-08
 238938.0 7.275819315698334e-06
 238938.5 2.052968675360372e-07
 238939.0 1.42363468043983e-08
 238939.5 2.901950121082177e-08
 238940.0 3.869548139342202e-06
 238940.5 2.295185059271941e-06
 238941.0 4.349423829603641e-06
 238941.5 5.452923829696706e-06
 238942.0 5.759431284502771e-06
 238942.5 2.366989994548864e-05
 238943.0 8.291305321963818e-09
 238943.5 6.714149655431829e-07
 238944.0 2.724940666847768e-06
 238944.5 3.256046581446666e-06
 238945.0 1.198740733498743e-06
 238945.5 6.503055377791108e-06
 238946.0 1.098559562130841e-06
 238946.5 3.104622620822918e-06
 238947.0 1.62919614068908e-06
 238947.5 2.707474865505986e-06
 238948.0 1.338358911781729e-07
 238948.5 3.469327929748548e-07
 238949.0 2.227352479424099e-05
 238949.5 1.119579737359508e-06
 238950.0 5.802769172187159e-07
 238950.5 4.355522436714469e-07
 238951.0 6.766996203100457e-07
 238951.5 4.932807917022475e-07
 238952.0 1.352129603322763e-06
 238952.5 3.369730427632068e-06
 238953.0 2.317516218948068e-07
 238953.5 6.767524810218699e-06
 238954.0 2.428586714647478e-07
 238954.5 1.284257967958172e-07
 238955.0 1.309079180390246e-06
 238955.5 1.094166146599288e-06
 238956.0 1.993293173133646e-06
 238956.5 1.832186080138535e-06
 238957.0 1.377692474314654e-07
 238957.5 2.82449116241911e-07
 238958.0 1.21465385821182e-05
 238958.5 2.609459424900422e-09
 238959.0 2.593731630531536e-06
 238959.5 8.429315853211007e-06
 238960.0 1.037704871372736e-05
 238960.5 2.774432872881726e-07
 238961.0 6.126909122399963e-09
 238961.5 2.556671446190321e-06
 238962.0 5.238190075132354e-06
 238962.5 3.828086540751503e-06
 238963.0 7.224818181851882e-06
 238963.5 1.072754914593287e-06
 238964.0 3.220174132099212e-06
 238964.5 1.289128813440463e-07
 238965.0 4.064171185343068e-06
 238965.5 2.308366210745054e-06
 238966.0 4.801193069860852e-07
 238966.5 1.952820237402673e-07
 238967.0 2.129757108478698e-07
 238967.5 1.743475008191054e-10
 238968.0 8.102220005347714e-07
 238968.5 7.481018587816913e-06
 238969.0 6.761319420764062e-07
 238969.5 2.673370358006199e-07
 238970.0 7.872046584451303e-06
 238970.5 1.797323077972786e-06
 238971.0 5.770186190598224e-07
 238971.5 7.595982826214284e-07
 238972.0 2.063973783123433e-08
 238972.5 1.587104839177932e-06
 238973.0 9.21045893434562e-06
 238973.5 9.50695984192348e-09
 238974.0 1.611136186163293e-06
 238974.5 1.466589228140235e-05
 238975.0 3.185167284279178e-07
 238975.5 3.090572055897547e-06
 238976.0 7.855565544916337e-08
 238976.5 1.572982952794868e-05
 238977.0 2.509398263420664e-06
 238977.5 7.464464570216828e-07
 238978.0 1.00615300680684e-06
 238978.5 2.352767333050513e-08
 238979.0 7.61941778046112e-09
 238979.5 2.499688709760773e-06
 238980.0 4.246130869973616e-08
 238980.5 3.379652279467635e-07
 238981.0 4.950073930479795e-06
 238981.5 4.695165430974801e-10
 238982.0 3.275756528958046e-06
 238982.5 3.202932723121513e-06
 238983.0 4.320178072683011e-06
 238983.5 2.170897907677802e-06
 238984.0 6.141554046480034e-08
 238984.5 1.026236290166754e-05
 238985.0 3.598618492854167e-07
 238985.5 7.054888487621596e-07
 238986.0 5.212627022816271e-06
 238986.5 9.864916012938234e-07
 238987.0 3.792591756085029e-06
 238987.5 1.208458377137702e-07
 238988.0 2.650581326356618e-07
 238988.5 1.262608223828783e-08
 238989.0 2.281885641333922e-07
 238989.5 4.155070670714525e-10
 238990.0 2.723609552894424e-10
 238990.5 1.743192633532998e-06
 238991.0 4.428246411696643e-08
 238991.5 3.712467241717859e-11
 238992.0 6.387204876218761e-06
 238992.5 4.528517050110284e-06
 238993.0 1.460213102414356e-06
 238993.5 5.965917129112348e-08
 238994.0 2.858349955696687e-06
 238994.5 6.40570537615187e-08
 238995.0 5.01857535112155e-07
 238995.5 4.562740313805097e-07
 238996.0 3.354043299656064e-07
 238996.5 6.089533051589427e-07
 238997.0 2.323225935396138e-06
 238997.5 1.049232312669214e-07
 238998.0 2.538835599523163e-07
 238998.5 2.9782787092005e-06
 238999.0 1.02278150799508e-06
 238999.5 1.499519446214972e-05
 239000.0 4.873467853263055e-07
 239000.5 9.951064622267031e-08
 239001.0 1.130741473872049e-05
 239001.5 5.051852192587899e-06
 239002.0 5.547409244955175e-07
 239002.5 6.041523983234822e-06
 239003.0 8.10542693524354e-07
 239003.5 5.041252468939218e-07
 239004.0 7.55629821535582e-08
 239004.5 1.148147399275421e-06
 239005.0 6.06738949448967e-07
 239005.5 8.247916084227175e-07
 239006.0 2.941472110954288e-07
 239006.5 3.063283590351522e-06
 239007.0 7.689327924331627e-06
 239007.5 2.014008665098457e-07
 239008.0 7.577344484042071e-07
 239008.5 2.485530529257738e-07
 239009.0 4.72036356448356e-07
 239009.5 3.264193786065468e-07
 239010.0 1.683265176185525e-06
 239010.5 2.024262135275521e-06
 239011.0 7.563856750985767e-07
 239011.5 1.054824011388159e-07
 239012.0 1.981798602658321e-09
 239012.5 1.060097670439874e-06
 239013.0 5.115479870583408e-06
 239013.5 7.866805078985713e-06
 239014.0 4.262949627892436e-06
 239014.5 1.641568179513935e-07
 239015.0 5.563377273083576e-06
 239015.5 8.145243863657483e-08
 239016.0 1.246721807993143e-06
 239016.5 2.207621393714844e-07
 239017.0 3.438710551803258e-06
 239017.5 7.681255596206247e-07
 239018.0 5.369672083982921e-07
 239018.5 2.394997178457264e-06
 239019.0 1.119367759273927e-06
 239019.5 2.655973526217086e-06
 239020.0 1.916351618613999e-06
 239020.5 2.697895887728593e-07
 239021.0 2.098618982290543e-06
 239021.5 1.43750991564703e-07
 239022.0 4.311163361393907e-06
 239022.5 1.484540446634819e-07
 239023.0 1.578859758417097e-10
 239023.5 4.160034667594697e-07
 239024.0 1.426117566649746e-06
 239024.5 1.885729970021559e-05
 239025.0 1.784963034905588e-06
 239025.5 1.983926633255827e-07
 239026.0 8.098771148337246e-06
 239026.5 6.513204384526166e-06
 239027.0 1.747402033021536e-14
 239027.5 2.886121772821264e-06
 239028.0 2.999806188405139e-06
 239028.5 2.202661495768875e-08
 239029.0 9.30594179909567e-06
 239029.5 2.895080302405502e-06
 239030.0 1.309008923754978e-06
 239030.5 4.863980191677585e-06
 239031.0 1.816509452496832e-07
 239031.5 3.169774872162541e-06
 239032.0 4.500152293592834e-06
 239032.5 6.8984328039879e-07
 239033.0 1.027428071405507e-07
 239033.5 3.065308120552512e-09
 239034.0 1.732003675135933e-06
 239034.5 1.843877211185749e-06
 239035.0 1.871394852394274e-06
 239035.5 5.501273397013473e-07
 239036.0 1.135189902835503e-06
 239036.5 5.014993752812145e-09
 239037.0 2.849433352574939e-06
 239037.5 2.363733511544612e-06
 239038.0 2.212101957518011e-06
 239038.5 6.409405014999715e-07
 239039.0 1.034398854634086e-06
 239039.5 4.377166735264279e-06
 239040.0 3.907595371142397e-07
 239040.5 5.409219955624447e-06
 239041.0 1.923891968514049e-06
 239041.5 3.529209604936507e-06
 239042.0 2.00894768611774e-06
 239042.5 3.675229330576886e-06
 239043.0 1.274288208380576e-06
 239043.5 2.137099308529839e-07
 239044.0 7.186058390478389e-06
 239044.5 5.092507313616577e-06
 239045.0 7.634148096585216e-08
 239045.5 1.130913554887315e-06
 239046.0 1.454451751835415e-06
 239046.5 1.717642736171535e-06
 239047.0 6.088066785720046e-08
 239047.5 1.036321735384445e-06
 239048.0 1.096016480738492e-06
 239048.5 5.333990038966978e-06
 239049.0 2.754384533704795e-07
 239049.5 1.718732861788957e-06
 239050.0 4.413766767351471e-07
 239050.5 1.548871871198821e-07
 239051.0 6.771370306834428e-07
 239051.5 7.84271300222756e-07
 239052.0 4.664671845854393e-07
 239052.5 1.975663418600025e-06
 239053.0 5.61076509286487e-06
 239053.5 6.093333537885393e-07
 239054.0 4.342009116813834e-06
 239054.5 7.531855143786036e-07
 239055.0 7.262873870881767e-06
 239055.5 2.09885331589337e-06
 239056.0 4.034566626798432e-07
 239056.5 5.342759851942198e-06
 239057.0 2.733882138501177e-06
 239057.5 3.701681559580778e-07
 239058.0 1.002054041873316e-05
 239058.5 4.198025629853715e-07
 239059.0 1.151261382165553e-11
 239059.5 5.725569391786826e-06
 239060.0 1.014769957112747e-06
 239060.5 8.561714404764614e-09
 239061.0 1.417584056274715e-07
 239061.5 1.512873111706212e-08
 239062.0 1.129702317413934e-07
 239062.5 1.949279659420521e-07
 239063.0 3.715010084794294e-06
 239063.5 3.041603855978422e-06
 239064.0 1.499933980384451e-06
 239064.5 7.861356325486027e-06
 239065.0 2.44417828199712e-08
 239065.5 7.406554545176334e-07
 239066.0 1.584104913409832e-06
 239066.5 1.298783728698433e-08
 239067.0 2.351093964361998e-07
 239067.5 5.971426008173426e-08
 239068.0 3.017363468527532e-06
 239068.5 1.71196416626376e-06
 239069.0 2.771070143906182e-06
 239069.5 6.048540620149748e-08
 239070.0 3.848878241371595e-06
 239070.5 5.514280867041554e-06
 239071.0 6.749333878143904e-06
 239071.5 1.047729120381691e-06
 239072.0 5.854189684147824e-06
 239072.5 2.655302541456641e-07
 239073.0 2.290625146710865e-06
 239073.5 6.721635394599315e-07
 239074.0 3.491071806572986e-07
 239074.5 4.337144187348987e-07
 239075.0 3.666557626172157e-06
 239075.5 6.152206434551912e-07
 239076.0 2.238362047771511e-07
 239076.5 2.163464059220935e-06
 239077.0 5.860177325883732e-07
 239077.5 2.673651072158827e-06
 239078.0 2.229988113173809e-06
 239078.5 4.057075175895105e-06
 239079.0 2.118874376228913e-06
 239079.5 4.155816596472855e-07
 239080.0 7.636798334548613e-08
 239080.5 6.259351087934736e-07
 239081.0 2.291776648698321e-06
 239081.5 6.51826207959838e-09
 239082.0 7.03512085805323e-07
 239082.5 7.820921439731902e-06
 239083.0 4.951575967662662e-08
 239083.5 2.532687342553265e-06
 239084.0 1.598771602892394e-05
 239084.5 6.530343835457062e-07
 239085.0 7.904212754816385e-06
 239085.5 8.328425644484076e-06
 239086.0 1.545918838068514e-09
 239086.5 2.926427104787485e-06
 239087.0 5.483920047411838e-06
 239087.5 1.299942867688405e-06
 239088.0 9.134555075280879e-06
 239088.5 1.455894999632906e-07
 239089.0 5.603354529961932e-06
 239089.5 6.707832150652873e-07
 239090.0 1.424229633415303e-06
 239090.5 6.776774051567188e-07
 239091.0 1.374462297482481e-06
 239091.5 4.665437019256831e-06
 239092.0 1.087149471921811e-07
 239092.5 6.16730936867883e-08
 239093.0 6.299640633920822e-07
 239093.5 7.038528410668828e-08
 239094.0 3.395026537859025e-06
 239094.5 7.839308362157578e-06
 239095.0 7.159649260718588e-06
 239095.5 1.492488380799325e-05
 239096.0 2.812729406950739e-06
 239096.5 5.558931193106844e-05
 239097.0 1.087988062384264e-05
 239097.5 4.744377498664183e-07
 239098.0 8.496760519468363e-08
 239098.5 1.801564409680622e-06
 239099.0 1.734075664319087e-06
 239099.5 2.564353109762654e-06
 239100.0 8.873038375801422e-07
 239100.5 1.255343254747501e-06
 239101.0 6.590737352718878e-07
 239101.5 4.543523723128507e-07
 239102.0 1.17861813669033e-05
 239102.5 9.328226233036467e-07
 239103.0 1.256167942474105e-09
 239103.5 1.729469814442947e-06
 239104.0 9.108976244928548e-07
 239104.5 1.000062430430819e-05
 239105.0 4.217391482896289e-06
 239105.5 5.804248092309922e-06
 239106.0 2.358885627736568e-06
 239106.5 3.149176790821635e-06
 239107.0 2.230835117786401e-05
 239107.5 5.009633460201975e-07
 239108.0 3.186565068598289e-07
 239108.5 7.83603868212684e-07
 239109.0 2.09807367261684e-06
 239109.5 1.280511586894133e-07
 239110.0 5.100345047697319e-08
 239110.5 2.07802379992606e-07
 239111.0 5.467126823739249e-06
 239111.5 4.064237139530145e-07
 239112.0 2.067867225056508e-08
 239112.5 8.295320071194179e-08
 239113.0 1.371944072474689e-06
 239113.5 2.893252668343487e-07
 239114.0 4.097507949667383e-07
 239114.5 7.446691223582706e-06
 239115.0 2.4152917891196e-06
 239115.5 8.605164769104094e-07
 239116.0 2.928784722429147e-08
 239116.5 4.277250377561567e-09
 239117.0 3.637524034370416e-06
 239117.5 4.371015143645e-06
 239118.0 6.957852515886816e-06
 239118.5 7.868439968498674e-06
 239119.0 2.602761267617035e-05
 239119.5 5.04408775703353e-05
 239120.0 3.376854919484189e-08
 239120.5 9.240197788504106e-06
 239121.0 1.172719084681104e-07
 239121.5 2.716287049606947e-06
 239122.0 2.664337284936035e-05
 239122.5 4.432821217597045e-08
 239123.0 1.929900539591892e-08
 239123.5 2.113367751036895e-06
 239124.0 1.297170684655407e-06
 239124.5 1.538232419053894e-06
 239125.0 1.440223285377844e-07
 239125.5 4.047056757731136e-06
 239126.0 3.868694202882373e-09
 239126.5 2.359115650810363e-06
 239127.0 9.92973113439046e-06
 239127.5 1.084555472126454e-08
 239128.0 1.125337337626929e-06
 239128.5 8.032792408819191e-07
 239129.0 2.286174827269054e-06
 239129.5 5.628574381210799e-06
 239130.0 1.155518396255716e-06
 239130.5 2.650336076757189e-06
 239131.0 2.470939930358701e-08
 239131.5 1.252474134147265e-05
 239132.0 1.838839790149517e-05
 239132.5 4.31434867773304e-05
 239133.0 9.527211585331375e-05
 239133.5 8.719422004145413e-05
 239134.0 7.266133668831898e-05
 239134.5 6.346203391600276e-05
 239135.0 3.305731798707977e-05
 239135.5 1.900825642208607e-05
 239136.0 3.028849659923918e-06
 239136.5 6.158444887126391e-05
 239137.0 7.433917841711018e-05
 239137.5 9.731086015521341e-05
 239138.0 8.520440095223915e-05
 239138.5 0.0001061968778076143
 239139.0 2.620025704559239e-05
 239139.5 1.013613027390256e-05
 239140.0 8.454278343290859e-06
 239140.5 7.871046101942495e-07
 239141.0 5.408532176524014e-06
 239141.5 4.590784696132394e-08
 239142.0 1.483768428140131e-05
 239142.5 8.225177029286619e-06
 239143.0 5.890007758479233e-09
 239143.5 1.532294941958545e-06
 239144.0 1.59728323199478e-06
 239144.5 7.280502595845634e-07
 239145.0 1.001284562343347e-06
 239145.5 5.542562628419795e-07
 239146.0 3.269617411014087e-08
 239146.5 1.146879799195631e-07
 239147.0 4.842784279866628e-07
 239147.5 2.938358892136102e-07
 239148.0 4.924277658997897e-07
 239148.5 2.520756502101215e-06
 239149.0 3.621127088945209e-07
 239149.5 6.194468535505089e-06
 239150.0 1.7132270178998e-06
