                     bin:                     prob.:
    4.031168160491428e-01      1.937046004842583e+01
    4.039918160491429e-01      0.000000000000000e+00
    4.048668160491428e-01      0.000000000000000e+00
    4.057418160491428e-01      0.000000000000000e+00
    4.066168160491428e-01      0.000000000000000e+00
    4.074918160491429e-01      0.000000000000000e+00
    4.083668160491428e-01      0.000000000000000e+00
    4.092418160491428e-01      0.000000000000000e+00
    4.101168160491429e-01      0.000000000000000e+00
    4.109918160491429e-01      0.000000000000000e+00
    4.118668160491428e-01      0.000000000000000e+00
    4.127418160491428e-01      0.000000000000000e+00
    4.136168160491429e-01      0.000000000000000e+00
    4.144918160491429e-01      0.000000000000000e+00
    4.153668160491428e-01      0.000000000000000e+00
    4.162418160491428e-01      0.000000000000000e+00
    4.171168160491429e-01      0.000000000000000e+00
    4.179918160491428e-01      0.000000000000000e+00
    4.188668160491428e-01      0.000000000000000e+00
    4.197418160491428e-01      0.000000000000000e+00
    4.206168160491429e-01      0.000000000000000e+00
    4.214918160491428e-01      0.000000000000000e+00
    4.223668160491428e-01      0.000000000000000e+00
    4.232418160491428e-01      0.000000000000000e+00
    4.241168160491429e-01      0.000000000000000e+00
    4.249918160491428e-01      0.000000000000000e+00
    4.258668160491428e-01      0.000000000000000e+00
    4.267418160491429e-01      0.000000000000000e+00
    4.276168160491429e-01      0.000000000000000e+00
    4.284918160491428e-01      0.000000000000000e+00
    4.293668160491428e-01      0.000000000000000e+00
    4.302418160491429e-01      0.000000000000000e+00
    4.311168160491429e-01      0.000000000000000e+00
    4.319918160491428e-01      0.000000000000000e+00
    4.328668160491428e-01      0.000000000000000e+00
    4.337418160491429e-01      0.000000000000000e+00
    4.346168160491428e-01      0.000000000000000e+00
    4.354918160491428e-01      0.000000000000000e+00
    4.363668160491428e-01      0.000000000000000e+00
    4.372418160491429e-01      0.000000000000000e+00
    4.381168160491428e-01      0.000000000000000e+00
    4.389918160491428e-01      0.000000000000000e+00
    4.398668160491429e-01      0.000000000000000e+00
    4.407418160491429e-01      0.000000000000000e+00
    4.416168160491428e-01      0.000000000000000e+00
    4.424918160491428e-01      0.000000000000000e+00
    4.433668160491429e-01      0.000000000000000e+00
    4.442418160491428e-01      0.000000000000000e+00
    4.451168160491428e-01      0.000000000000000e+00
    4.459918160491428e-01      0.000000000000000e+00
    4.468668160491429e-01      0.000000000000000e+00
    4.477418160491429e-01      0.000000000000000e+00
    4.486168160491428e-01      0.000000000000000e+00
    4.494918160491428e-01      0.000000000000000e+00
    4.503668160491429e-01      0.000000000000000e+00
    4.512418160491428e-01      0.000000000000000e+00
    4.521168160491428e-01      0.000000000000000e+00
    4.529918160491428e-01      0.000000000000000e+00
    4.538668160491429e-01      0.000000000000000e+00
    4.547418160491428e-01      0.000000000000000e+00
    4.556168160491428e-01      0.000000000000000e+00
    4.564918160491429e-01      0.000000000000000e+00
    4.573668160491429e-01      0.000000000000000e+00
    4.582418160491428e-01      0.000000000000000e+00
    4.591168160491428e-01      0.000000000000000e+00
    4.599918160491429e-01      0.000000000000000e+00
    4.608668160491428e-01      0.000000000000000e+00
    4.617418160491428e-01      0.000000000000000e+00
    4.626168160491428e-01      0.000000000000000e+00
    4.634918160491429e-01      0.000000000000000e+00
    4.643668160491428e-01      0.000000000000000e+00
    4.652418160491428e-01      0.000000000000000e+00
    4.661168160491428e-01      0.000000000000000e+00
    4.669918160491429e-01      0.000000000000000e+00
    4.678668160491428e-01      0.000000000000000e+00
    4.687418160491428e-01      0.000000000000000e+00
    4.696168160491428e-01      0.000000000000000e+00
    4.704918160491428e-01      0.000000000000000e+00
    4.713668160491428e-01      0.000000000000000e+00
    4.722418160491428e-01      0.000000000000000e+00
    4.731168160491429e-01      0.000000000000000e+00
    4.739918160491429e-01      0.000000000000000e+00
    4.748668160491428e-01      0.000000000000000e+00
    4.757418160491428e-01      0.000000000000000e+00
    4.766168160491429e-01      0.000000000000000e+00
    4.774918160491428e-01      0.000000000000000e+00
    4.783668160491428e-01      0.000000000000000e+00
    4.792418160491428e-01      0.000000000000000e+00
    4.801168160491428e-01      0.000000000000000e+00
    4.809918160491428e-01      0.000000000000000e+00
    4.818668160491428e-01      0.000000000000000e+00
    4.827418160491428e-01      0.000000000000000e+00
    4.836168160491429e-01      0.000000000000000e+00
    4.844918160491428e-01      0.000000000000000e+00
    4.853668160491428e-01      0.000000000000000e+00
    4.862418160491428e-01      0.000000000000000e+00
    4.871168160491428e-01      0.000000000000000e+00
    4.879918160491428e-01      0.000000000000000e+00
    4.888668160491428e-01      0.000000000000000e+00
    4.897418160491429e-01      0.000000000000000e+00
    4.906168160491429e-01      0.000000000000000e+00
    4.914918160491428e-01      0.000000000000000e+00
    4.923668160491428e-01      0.000000000000000e+00
    4.932418160491429e-01      0.000000000000000e+00
    4.941168160491428e-01      0.000000000000000e+00
    4.949918160491428e-01      0.000000000000000e+00
    4.958668160491428e-01      0.000000000000000e+00
    4.967418160491428e-01      0.000000000000000e+00
    4.976168160491428e-01      0.000000000000000e+00
    4.984918160491428e-01      0.000000000000000e+00
    4.993668160491428e-01      0.000000000000000e+00
    5.002418160491429e-01      0.000000000000000e+00
    5.011168160491428e-01      0.000000000000000e+00
    5.019918160491428e-01      0.000000000000000e+00
    5.028668160491429e-01      0.000000000000000e+00
    5.037418160491428e-01      0.000000000000000e+00
    5.046168160491429e-01      0.000000000000000e+00
    5.054918160491428e-01      3.874092009685411e+01
    5.063668160491428e-01      0.000000000000000e+00
    5.072418160491429e-01      0.000000000000000e+00
    5.081168160491428e-01      0.000000000000000e+00
    5.089918160491428e-01      0.000000000000000e+00
    5.098668160491429e-01      0.000000000000000e+00
    5.107418160491428e-01      0.000000000000000e+00
    5.116168160491428e-01      0.000000000000000e+00
    5.124918160491428e-01      0.000000000000000e+00
    5.133668160491428e-01      0.000000000000000e+00
    5.142418160491429e-01      0.000000000000000e+00
    5.151168160491428e-01      0.000000000000000e+00
    5.159918160491428e-01      0.000000000000000e+00
    5.168668160491429e-01      0.000000000000000e+00
    5.177418160491428e-01      0.000000000000000e+00
    5.186168160491429e-01      0.000000000000000e+00
    5.194918160491429e-01      0.000000000000000e+00
    5.203668160491428e-01      0.000000000000000e+00
    5.212418160491429e-01      0.000000000000000e+00
    5.221168160491428e-01      0.000000000000000e+00
    5.229918160491428e-01      0.000000000000000e+00
    5.238668160491429e-01      0.000000000000000e+00
    5.247418160491428e-01      0.000000000000000e+00
    5.256168160491428e-01      0.000000000000000e+00
    5.264918160491429e-01      0.000000000000000e+00
    5.273668160491428e-01      0.000000000000000e+00
    5.282418160491429e-01      0.000000000000000e+00
    5.291168160491428e-01      0.000000000000000e+00
    5.299918160491428e-01      0.000000000000000e+00
    5.308668160491428e-01      0.000000000000000e+00
    5.317418160491428e-01      0.000000000000000e+00
    5.326168160491428e-01      0.000000000000000e+00
    5.334918160491429e-01      0.000000000000000e+00
    5.343668160491428e-01      0.000000000000000e+00
    5.352418160491428e-01      0.000000000000000e+00
    5.361168160491429e-01      0.000000000000000e+00
    5.369918160491428e-01      0.000000000000000e+00
    5.378668160491429e-01      0.000000000000000e+00
    5.387418160491428e-01      0.000000000000000e+00
    5.396168160491428e-01      0.000000000000000e+00
    5.404918160491429e-01      0.000000000000000e+00
    5.413668160491428e-01      0.000000000000000e+00
    5.422418160491429e-01      0.000000000000000e+00
    5.431168160491429e-01      0.000000000000000e+00
    5.439918160491428e-01      0.000000000000000e+00
    5.448668160491428e-01      0.000000000000000e+00
    5.457418160491428e-01      0.000000000000000e+00
    5.466168160491428e-01      0.000000000000000e+00
    5.474918160491429e-01      0.000000000000000e+00
    5.483668160491428e-01      0.000000000000000e+00
    5.492418160491428e-01      0.000000000000000e+00
    5.501168160491429e-01      0.000000000000000e+00
    5.509918160491428e-01      0.000000000000000e+00
    5.518668160491429e-01      0.000000000000000e+00
    5.527418160491429e-01      0.000000000000000e+00
    5.536168160491428e-01      0.000000000000000e+00
    5.544918160491428e-01      0.000000000000000e+00
    5.553668160491428e-01      0.000000000000000e+00
    5.562418160491428e-01      0.000000000000000e+00
    5.571168160491429e-01      0.000000000000000e+00
    5.579918160491428e-01      0.000000000000000e+00
    5.588668160491428e-01      0.000000000000000e+00
    5.597418160491429e-01      0.000000000000000e+00
    5.606168160491428e-01      0.000000000000000e+00
    5.614918160491429e-01      0.000000000000000e+00
    5.623668160491428e-01      0.000000000000000e+00
    5.632418160491428e-01      0.000000000000000e+00
    5.641168160491428e-01      0.000000000000000e+00
    5.649918160491428e-01      0.000000000000000e+00
    5.658668160491428e-01      0.000000000000000e+00
    5.667418160491429e-01      0.000000000000000e+00
    5.676168160491428e-01      0.000000000000000e+00
    5.684918160491428e-01      0.000000000000000e+00
    5.693668160491429e-01      0.000000000000000e+00
    5.702418160491428e-01      0.000000000000000e+00
    5.711168160491429e-01      0.000000000000000e+00
    5.719918160491428e-01      0.000000000000000e+00
    5.728668160491428e-01      0.000000000000000e+00
    5.737418160491428e-01      0.000000000000000e+00
    5.746168160491428e-01      0.000000000000000e+00
    5.754918160491428e-01      0.000000000000000e+00
    5.763668160491429e-01      0.000000000000000e+00
    5.772418160491428e-01      0.000000000000000e+00
    5.781168160491428e-01      0.000000000000000e+00
    5.789918160491428e-01      0.000000000000000e+00
    5.798668160491428e-01      0.000000000000000e+00
    5.807418160491429e-01      0.000000000000000e+00
    5.816168160491428e-01      0.000000000000000e+00
    5.824918160491428e-01      0.000000000000000e+00
    5.833668160491429e-01      0.000000000000000e+00
    5.842418160491428e-01      0.000000000000000e+00
    5.851168160491429e-01      0.000000000000000e+00
    5.859918160491429e-01      0.000000000000000e+00
    5.868668160491428e-01      0.000000000000000e+00
    5.877418160491428e-01      0.000000000000000e+00
    5.886168160491428e-01      0.000000000000000e+00
    5.894918160491428e-01      0.000000000000000e+00
    5.903668160491429e-01      0.000000000000000e+00
    5.912418160491428e-01      0.000000000000000e+00
    5.921168160491428e-01      0.000000000000000e+00
    5.929918160491429e-01      0.000000000000000e+00
    5.938668160491428e-01      0.000000000000000e+00
    5.947418160491429e-01      0.000000000000000e+00
    5.956168160491428e-01      0.000000000000000e+00
    5.964918160491428e-01      0.000000000000000e+00
    5.973668160491428e-01      0.000000000000000e+00
    5.982418160491428e-01      0.000000000000000e+00
    5.991168160491428e-01      0.000000000000000e+00
    5.999918160491429e-01      0.000000000000000e+00
    6.008668160491428e-01      0.000000000000000e+00
    6.017418160491428e-01      0.000000000000000e+00
    6.026168160491429e-01      0.000000000000000e+00
    6.034918160491428e-01      0.000000000000000e+00
    6.043668160491429e-01      0.000000000000000e+00
    6.052418160491428e-01      0.000000000000000e+00
    6.061168160491428e-01      0.000000000000000e+00
    6.069918160491428e-01      0.000000000000000e+00
    6.078668160491428e-01      0.000000000000000e+00
    6.087418160491428e-01      1.937046004842460e+01
    6.096168160491429e-01      0.000000000000000e+00
    6.104918160491428e-01      0.000000000000000e+00
    6.113668160491428e-01      0.000000000000000e+00
    6.122418160491429e-01      0.000000000000000e+00
    6.131168160491428e-01      0.000000000000000e+00
    6.139918160491429e-01      0.000000000000000e+00
    6.148668160491428e-01      0.000000000000000e+00
    6.157418160491428e-01      0.000000000000000e+00
    6.166168160491428e-01      0.000000000000000e+00
    6.174918160491428e-01      0.000000000000000e+00
    6.183668160491428e-01      0.000000000000000e+00
    6.192418160491429e-01      0.000000000000000e+00
    6.201168160491428e-01      0.000000000000000e+00
    6.209918160491428e-01      0.000000000000000e+00
    6.218668160491428e-01      0.000000000000000e+00
    6.227418160491428e-01      0.000000000000000e+00
    6.236168160491429e-01      0.000000000000000e+00
    6.244918160491428e-01      0.000000000000000e+00
    6.253668160491428e-01      0.000000000000000e+00
    6.262418160491429e-01      0.000000000000000e+00
    6.271168160491428e-01      0.000000000000000e+00
    6.279918160491428e-01      0.000000000000000e+00
    6.288668160491429e-01      0.000000000000000e+00
    6.297418160491428e-01      0.000000000000000e+00
    6.306168160491428e-01      0.000000000000000e+00
    6.314918160491428e-01      0.000000000000000e+00
    6.323668160491428e-01      0.000000000000000e+00
    6.332418160491429e-01      0.000000000000000e+00
    6.341168160491428e-01      0.000000000000000e+00
    6.349918160491428e-01      0.000000000000000e+00
    6.358668160491429e-01      0.000000000000000e+00
    6.367418160491428e-01      0.000000000000000e+00
    6.376168160491429e-01      0.000000000000000e+00
    6.384918160491428e-01      0.000000000000000e+00
    6.393668160491428e-01      0.000000000000000e+00
    6.402418160491428e-01      0.000000000000000e+00
    6.411168160491428e-01      0.000000000000000e+00
    6.419918160491428e-01      0.000000000000000e+00
    6.428668160491429e-01      0.000000000000000e+00
    6.437418160491428e-01      0.000000000000000e+00
    6.446168160491428e-01      0.000000000000000e+00
    6.454918160491429e-01      0.000000000000000e+00
    6.463668160491428e-01      0.000000000000000e+00
    6.472418160491429e-01      0.000000000000000e+00
    6.481168160491428e-01      0.000000000000000e+00
    6.489918160491428e-01      0.000000000000000e+00
    6.498668160491428e-01      0.000000000000000e+00
    6.507418160491428e-01      0.000000000000000e+00
    6.516168160491428e-01      0.000000000000000e+00
    6.524918160491429e-01      0.000000000000000e+00
    6.533668160491428e-01      0.000000000000000e+00
    6.542418160491428e-01      0.000000000000000e+00
    6.551168160491428e-01      0.000000000000000e+00
    6.559918160491428e-01      0.000000000000000e+00
    6.568668160491429e-01      0.000000000000000e+00
    6.577418160491428e-01      0.000000000000000e+00
    6.586168160491428e-01      0.000000000000000e+00
    6.594918160491428e-01      0.000000000000000e+00
    6.603668160491428e-01      0.000000000000000e+00
    6.612418160491429e-01      0.000000000000000e+00
    6.621168160491429e-01      0.000000000000000e+00
    6.629918160491428e-01      0.000000000000000e+00
    6.638668160491428e-01      0.000000000000000e+00
    6.647418160491428e-01      0.000000000000000e+00
    6.656168160491428e-01      0.000000000000000e+00
    6.664918160491429e-01      0.000000000000000e+00
    6.673668160491428e-01      0.000000000000000e+00
    6.682418160491428e-01      0.000000000000000e+00
    6.691168160491427e-01      0.000000000000000e+00
    6.699918160491428e-01      0.000000000000000e+00
    6.708668160491429e-01      0.000000000000000e+00
    6.717418160491428e-01      0.000000000000000e+00
    6.726168160491428e-01      0.000000000000000e+00
    6.734918160491428e-01      0.000000000000000e+00
    6.743668160491428e-01      0.000000000000000e+00
    6.752418160491428e-01      0.000000000000000e+00
    6.761168160491429e-01      0.000000000000000e+00
    6.769918160491428e-01      0.000000000000000e+00
    6.778668160491428e-01      0.000000000000000e+00
    6.787418160491427e-01      0.000000000000000e+00
    6.796168160491428e-01      0.000000000000000e+00
    6.804918160491429e-01      0.000000000000000e+00
    6.813668160491428e-01      0.000000000000000e+00
    6.822418160491428e-01      0.000000000000000e+00
    6.831168160491428e-01      0.000000000000000e+00
    6.839918160491428e-01      0.000000000000000e+00
    6.848668160491428e-01      0.000000000000000e+00
    6.857418160491429e-01      0.000000000000000e+00
    6.866168160491428e-01      0.000000000000000e+00
    6.874918160491428e-01      0.000000000000000e+00
    6.883668160491427e-01      0.000000000000000e+00
    6.892418160491428e-01      0.000000000000000e+00
    6.901168160491429e-01      0.000000000000000e+00
    6.909918160491428e-01      0.000000000000000e+00
    6.918668160491428e-01      0.000000000000000e+00
    6.927418160491428e-01      0.000000000000000e+00
    6.936168160491428e-01      0.000000000000000e+00
    6.944918160491429e-01      0.000000000000000e+00
    6.953668160491429e-01      0.000000000000000e+00
    6.962418160491428e-01      0.000000000000000e+00
    6.971168160491428e-01      0.000000000000000e+00
    6.979918160491427e-01      0.000000000000000e+00
    6.988668160491428e-01      0.000000000000000e+00
    6.997418160491429e-01      0.000000000000000e+00
    7.006168160491428e-01      0.000000000000000e+00
    7.014918160491428e-01      0.000000000000000e+00
    7.023668160491428e-01      0.000000000000000e+00
    7.032418160491428e-01      0.000000000000000e+00
    7.041168160491429e-01      0.000000000000000e+00
    7.049918160491428e-01      0.000000000000000e+00
    7.058668160491428e-01      0.000000000000000e+00
    7.067418160491428e-01      0.000000000000000e+00
    7.076168160491428e-01      0.000000000000000e+00
    7.084918160491428e-01      0.000000000000000e+00
    7.093668160491429e-01      0.000000000000000e+00
    7.102418160491428e-01      0.000000000000000e+00
    7.111168160491428e-01      0.000000000000000e+00
    7.119918160491427e-01      3.874092009684919e+01
    7.128668160491428e-01      0.000000000000000e+00
    7.137418160491429e-01      0.000000000000000e+00
    7.146168160491428e-01      0.000000000000000e+00
    7.154918160491428e-01      0.000000000000000e+00
    7.163668160491428e-01      0.000000000000000e+00
    7.172418160491428e-01      0.000000000000000e+00
    7.181168160491428e-01      0.000000000000000e+00
    7.189918160491429e-01      0.000000000000000e+00
    7.198668160491428e-01      0.000000000000000e+00
    7.207418160491428e-01      0.000000000000000e+00
    7.216168160491427e-01      0.000000000000000e+00
    7.224918160491428e-01      0.000000000000000e+00
    7.233668160491429e-01      0.000000000000000e+00
    7.242418160491428e-01      0.000000000000000e+00
    7.251168160491428e-01      0.000000000000000e+00
    7.259918160491428e-01      0.000000000000000e+00
    7.268668160491428e-01      0.000000000000000e+00
    7.277418160491428e-01      0.000000000000000e+00
    7.286168160491429e-01      0.000000000000000e+00
    7.294918160491428e-01      0.000000000000000e+00
    7.303668160491428e-01      0.000000000000000e+00
    7.312418160491427e-01      0.000000000000000e+00
    7.321168160491428e-01      0.000000000000000e+00
    7.329918160491429e-01      0.000000000000000e+00
    7.338668160491428e-01      0.000000000000000e+00
    7.347418160491428e-01      0.000000000000000e+00
    7.356168160491428e-01      0.000000000000000e+00
    7.364918160491428e-01      0.000000000000000e+00
    7.373668160491429e-01      0.000000000000000e+00
    7.382418160491429e-01      0.000000000000000e+00
    7.391168160491428e-01      0.000000000000000e+00
    7.399918160491428e-01      0.000000000000000e+00
    7.408668160491427e-01      0.000000000000000e+00
    7.417418160491428e-01      0.000000000000000e+00
    7.426168160491429e-01      0.000000000000000e+00
    7.434918160491428e-01      0.000000000000000e+00
    7.443668160491428e-01      0.000000000000000e+00
    7.452418160491427e-01      0.000000000000000e+00
    7.461168160491428e-01      0.000000000000000e+00
    7.469918160491429e-01      0.000000000000000e+00
    7.478668160491428e-01      0.000000000000000e+00
    7.487418160491428e-01      0.000000000000000e+00
    7.496168160491428e-01      0.000000000000000e+00
    7.504918160491428e-01      0.000000000000000e+00
    7.513668160491428e-01      0.000000000000000e+00
    7.522418160491429e-01      0.000000000000000e+00
    7.531168160491428e-01      0.000000000000000e+00
    7.539918160491428e-01      0.000000000000000e+00
    7.548668160491427e-01      0.000000000000000e+00
    7.557418160491428e-01      0.000000000000000e+00
    7.566168160491429e-01      0.000000000000000e+00
    7.574918160491428e-01      0.000000000000000e+00
    7.583668160491428e-01      0.000000000000000e+00
    7.592418160491428e-01      0.000000000000000e+00
    7.601168160491428e-01      0.000000000000000e+00
    7.609918160491428e-01      0.000000000000000e+00
    7.618668160491429e-01      0.000000000000000e+00
    7.627418160491428e-01      0.000000000000000e+00
    7.636168160491428e-01      0.000000000000000e+00
    7.644918160491427e-01      0.000000000000000e+00
    7.653668160491428e-01      0.000000000000000e+00
    7.662418160491429e-01      0.000000000000000e+00
    7.671168160491428e-01      0.000000000000000e+00
    7.679918160491428e-01      0.000000000000000e+00
    7.688668160491428e-01      0.000000000000000e+00
    7.697418160491428e-01      0.000000000000000e+00
    7.706168160491428e-01      0.000000000000000e+00
    7.714918160491429e-01      0.000000000000000e+00
    7.723668160491428e-01      0.000000000000000e+00
    7.732418160491428e-01      0.000000000000000e+00
    7.741168160491427e-01      0.000000000000000e+00
    7.749918160491428e-01      0.000000000000000e+00
    7.758668160491429e-01      0.000000000000000e+00
    7.767418160491428e-01      0.000000000000000e+00
    7.776168160491428e-01      0.000000000000000e+00
    7.784918160491427e-01      0.000000000000000e+00
    7.793668160491428e-01      0.000000000000000e+00
    7.802418160491429e-01      0.000000000000000e+00
    7.811168160491428e-01      0.000000000000000e+00
    7.819918160491428e-01      0.000000000000000e+00
    7.828668160491428e-01      0.000000000000000e+00
    7.837418160491427e-01      0.000000000000000e+00
    7.846168160491428e-01      0.000000000000000e+00
    7.854918160491429e-01      0.000000000000000e+00
    7.863668160491428e-01      0.000000000000000e+00
    7.872418160491428e-01      0.000000000000000e+00
    7.881168160491427e-01      0.000000000000000e+00
    7.889918160491428e-01      0.000000000000000e+00
    7.898668160491429e-01      0.000000000000000e+00
    7.907418160491428e-01      0.000000000000000e+00
    7.916168160491428e-01      0.000000000000000e+00
    7.924918160491428e-01      0.000000000000000e+00
    7.933668160491428e-01      0.000000000000000e+00
    7.942418160491428e-01      0.000000000000000e+00
    7.951168160491429e-01      0.000000000000000e+00
    7.959918160491428e-01      0.000000000000000e+00
    7.968668160491428e-01      0.000000000000000e+00
    7.977418160491427e-01      0.000000000000000e+00
    7.986168160491428e-01      0.000000000000000e+00
    7.994918160491429e-01      0.000000000000000e+00
    8.003668160491428e-01      0.000000000000000e+00
    8.012418160491428e-01      0.000000000000000e+00
    8.021168160491428e-01      0.000000000000000e+00
    8.029918160491428e-01      0.000000000000000e+00
    8.038668160491428e-01      0.000000000000000e+00
    8.047418160491429e-01      0.000000000000000e+00
    8.056168160491428e-01      0.000000000000000e+00
    8.064918160491428e-01      0.000000000000000e+00
    8.073668160491427e-01      0.000000000000000e+00
    8.082418160491428e-01      0.000000000000000e+00
    8.091168160491429e-01      0.000000000000000e+00
    8.099918160491428e-01      0.000000000000000e+00
    8.108668160491428e-01      0.000000000000000e+00
    8.117418160491428e-01      0.000000000000000e+00
    8.126168160491428e-01      0.000000000000000e+00
    8.134918160491428e-01      0.000000000000000e+00
    8.143668160491428e-01      0.000000000000000e+00
    8.152418160491428e-01      1.937046004842706e+01
    8.161168160491428e-01      0.000000000000000e+00
    8.169918160491427e-01      0.000000000000000e+00
    8.178668160491428e-01      0.000000000000000e+00
    8.187418160491429e-01      0.000000000000000e+00
    8.196168160491428e-01      0.000000000000000e+00
    8.204918160491428e-01      0.000000000000000e+00
    8.213668160491427e-01      0.000000000000000e+00
    8.222418160491428e-01      0.000000000000000e+00
    8.231168160491428e-01      0.000000000000000e+00
    8.239918160491428e-01      0.000000000000000e+00
    8.248668160491428e-01      0.000000000000000e+00
    8.257418160491428e-01      0.000000000000000e+00
    8.266168160491427e-01      0.000000000000000e+00
    8.274918160491428e-01      0.000000000000000e+00
    8.283668160491429e-01      0.000000000000000e+00
    8.292418160491428e-01      0.000000000000000e+00
    8.301168160491428e-01      0.000000000000000e+00
    8.309918160491427e-01      0.000000000000000e+00
    8.318668160491428e-01      0.000000000000000e+00
    8.327418160491429e-01      0.000000000000000e+00
    8.336168160491428e-01      0.000000000000000e+00
    8.344918160491428e-01      0.000000000000000e+00
    8.353668160491428e-01      0.000000000000000e+00
    8.362418160491428e-01      0.000000000000000e+00
    8.371168160491428e-01      0.000000000000000e+00
    8.379918160491429e-01      0.000000000000000e+00
    8.388668160491428e-01      0.000000000000000e+00
    8.397418160491428e-01      0.000000000000000e+00
    8.406168160491427e-01      0.000000000000000e+00
    8.414918160491428e-01      0.000000000000000e+00
    8.423668160491429e-01      0.000000000000000e+00
    8.432418160491428e-01      0.000000000000000e+00
    8.441168160491428e-01      0.000000000000000e+00
    8.449918160491428e-01      0.000000000000000e+00
    8.458668160491428e-01      0.000000000000000e+00
    8.467418160491428e-01      0.000000000000000e+00
    8.476168160491429e-01      0.000000000000000e+00
    8.484918160491428e-01      0.000000000000000e+00
    8.493668160491428e-01      0.000000000000000e+00
    8.502418160491427e-01      0.000000000000000e+00
    8.511168160491428e-01      0.000000000000000e+00
    8.519918160491429e-01      0.000000000000000e+00
    8.528668160491428e-01      0.000000000000000e+00
    8.537418160491428e-01      0.000000000000000e+00
    8.546168160491427e-01      0.000000000000000e+00
    8.554918160491428e-01      0.000000000000000e+00
    8.563668160491428e-01      0.000000000000000e+00
    8.572418160491428e-01      0.000000000000000e+00
    8.581168160491428e-01      0.000000000000000e+00
    8.589918160491428e-01      0.000000000000000e+00
    8.598668160491427e-01      0.000000000000000e+00
    8.607418160491428e-01      0.000000000000000e+00
    8.616168160491429e-01      0.000000000000000e+00
    8.624918160491428e-01      0.000000000000000e+00
    8.633668160491428e-01      0.000000000000000e+00
    8.642418160491427e-01      0.000000000000000e+00
    8.651168160491428e-01      0.000000000000000e+00
    8.659918160491428e-01      0.000000000000000e+00
    8.668668160491428e-01      0.000000000000000e+00
    8.677418160491428e-01      0.000000000000000e+00
    8.686168160491428e-01      0.000000000000000e+00
    8.694918160491427e-01      0.000000000000000e+00
    8.703668160491428e-01      0.000000000000000e+00
    8.712418160491429e-01      0.000000000000000e+00
    8.721168160491428e-01      0.000000000000000e+00
    8.729918160491428e-01      0.000000000000000e+00
    8.738668160491427e-01      0.000000000000000e+00
    8.747418160491428e-01      0.000000000000000e+00
    8.756168160491429e-01      0.000000000000000e+00
    8.764918160491428e-01      0.000000000000000e+00
    8.773668160491428e-01      0.000000000000000e+00
    8.782418160491428e-01      0.000000000000000e+00
    8.791168160491428e-01      0.000000000000000e+00
    8.799918160491428e-01      0.000000000000000e+00
    8.808668160491429e-01      0.000000000000000e+00
    8.817418160491428e-01      0.000000000000000e+00
    8.826168160491428e-01      0.000000000000000e+00
    8.834918160491427e-01      0.000000000000000e+00
    8.843668160491428e-01      0.000000000000000e+00
    8.852418160491429e-01      0.000000000000000e+00
    8.861168160491428e-01      0.000000000000000e+00
    8.869918160491428e-01      0.000000000000000e+00
    8.878668160491427e-01      0.000000000000000e+00
    8.887418160491428e-01      0.000000000000000e+00
    8.896168160491428e-01      0.000000000000000e+00
    8.904918160491428e-01      0.000000000000000e+00
    8.913668160491428e-01      0.000000000000000e+00
    8.922418160491428e-01      0.000000000000000e+00
    8.931168160491427e-01      0.000000000000000e+00
    8.939918160491428e-01      0.000000000000000e+00
    8.948668160491429e-01      0.000000000000000e+00
    8.957418160491428e-01      0.000000000000000e+00
    8.966168160491428e-01      0.000000000000000e+00
    8.974918160491427e-01      0.000000000000000e+00
    8.983668160491428e-01      0.000000000000000e+00
    8.992418160491428e-01      0.000000000000000e+00
    9.001168160491428e-01      0.000000000000000e+00
    9.009918160491428e-01      0.000000000000000e+00
    9.018668160491428e-01      0.000000000000000e+00
    9.027418160491427e-01      0.000000000000000e+00
    9.036168160491428e-01      0.000000000000000e+00
    9.044918160491427e-01      0.000000000000000e+00
    9.053668160491428e-01      0.000000000000000e+00
    9.062418160491428e-01      0.000000000000000e+00
    9.071168160491428e-01      0.000000000000000e+00
    9.079918160491428e-01      0.000000000000000e+00
    9.088668160491428e-01      0.000000000000000e+00
    9.097418160491428e-01      0.000000000000000e+00
    9.106168160491428e-01      0.000000000000000e+00
    9.114918160491428e-01      0.000000000000000e+00
    9.123668160491428e-01      0.000000000000000e+00
    9.132418160491428e-01      0.000000000000000e+00
    9.141168160491427e-01      0.000000000000000e+00
    9.149918160491428e-01      0.000000000000000e+00
    9.158668160491428e-01      0.000000000000000e+00
    9.167418160491428e-01      0.000000000000000e+00
    9.176168160491428e-01      0.000000000000000e+00
    9.184918160491428e-01      3.874092009684919e+01
    9.193668160491428e-01      0.000000000000000e+00
    9.202418160491428e-01      0.000000000000000e+00
    9.211168160491428e-01      0.000000000000000e+00
    9.219918160491428e-01      0.000000000000000e+00
    9.228668160491428e-01      0.000000000000000e+00
    9.237418160491427e-01      0.000000000000000e+00
    9.246168160491428e-01      0.000000000000000e+00
    9.254918160491428e-01      0.000000000000000e+00
    9.263668160491428e-01      0.000000000000000e+00
    9.272418160491428e-01      0.000000000000000e+00
    9.281168160491428e-01      0.000000000000000e+00
    9.289918160491428e-01      0.000000000000000e+00
    9.298668160491428e-01      0.000000000000000e+00
    9.307418160491427e-01      0.000000000000000e+00
    9.316168160491428e-01      0.000000000000000e+00
    9.324918160491428e-01      0.000000000000000e+00
    9.333668160491428e-01      0.000000000000000e+00
    9.342418160491428e-01      0.000000000000000e+00
    9.351168160491428e-01      0.000000000000000e+00
    9.359918160491428e-01      0.000000000000000e+00
    9.368668160491428e-01      0.000000000000000e+00
    9.377418160491428e-01      0.000000000000000e+00
    9.386168160491428e-01      0.000000000000000e+00
    9.394918160491428e-01      0.000000000000000e+00
    9.403668160491427e-01      0.000000000000000e+00
    9.412418160491428e-01      0.000000000000000e+00
    9.421168160491428e-01      0.000000000000000e+00
    9.429918160491428e-01      0.000000000000000e+00
    9.438668160491428e-01      0.000000000000000e+00
    9.447418160491428e-01      0.000000000000000e+00
    9.456168160491428e-01      0.000000000000000e+00
    9.464918160491428e-01      0.000000000000000e+00
    9.473668160491427e-01      0.000000000000000e+00
    9.482418160491428e-01      0.000000000000000e+00
    9.491168160491428e-01      0.000000000000000e+00
    9.499918160491427e-01      0.000000000000000e+00
    9.508668160491428e-01      0.000000000000000e+00
    9.517418160491428e-01      0.000000000000000e+00
    9.526168160491428e-01      0.000000000000000e+00
    9.534918160491428e-01      0.000000000000000e+00
    9.543668160491428e-01      0.000000000000000e+00
    9.552418160491428e-01      0.000000000000000e+00
    9.561168160491428e-01      0.000000000000000e+00
    9.569918160491427e-01      0.000000000000000e+00
    9.578668160491428e-01      0.000000000000000e+00
    9.587418160491428e-01      0.000000000000000e+00
    9.596168160491428e-01      0.000000000000000e+00
    9.604918160491428e-01      0.000000000000000e+00
    9.613668160491428e-01      0.000000000000000e+00
    9.622418160491428e-01      0.000000000000000e+00
    9.631168160491428e-01      0.000000000000000e+00
    9.639918160491427e-01      0.000000000000000e+00
    9.648668160491428e-01      0.000000000000000e+00
    9.657418160491428e-01      0.000000000000000e+00
    9.666168160491427e-01      0.000000000000000e+00
    9.674918160491428e-01      0.000000000000000e+00
    9.683668160491428e-01      0.000000000000000e+00
    9.692418160491428e-01      0.000000000000000e+00
    9.701168160491428e-01      0.000000000000000e+00
    9.709918160491428e-01      0.000000000000000e+00
    9.718668160491428e-01      0.000000000000000e+00
    9.727418160491428e-01      0.000000000000000e+00
    9.736168160491427e-01      0.000000000000000e+00
    9.744918160491428e-01      0.000000000000000e+00
    9.753668160491428e-01      0.000000000000000e+00
    9.762418160491428e-01      0.000000000000000e+00
    9.771168160491428e-01      0.000000000000000e+00
    9.779918160491428e-01      0.000000000000000e+00
    9.788668160491428e-01      0.000000000000000e+00
    9.797418160491428e-01      0.000000000000000e+00
    9.806168160491427e-01      0.000000000000000e+00
    9.814918160491428e-01      0.000000000000000e+00
    9.823668160491428e-01      0.000000000000000e+00
    9.832418160491427e-01      0.000000000000000e+00
    9.841168160491428e-01      0.000000000000000e+00
    9.849918160491428e-01      0.000000000000000e+00
    9.858668160491428e-01      0.000000000000000e+00
    9.867418160491428e-01      0.000000000000000e+00
    9.876168160491428e-01      0.000000000000000e+00
    9.884918160491428e-01      0.000000000000000e+00
    9.893668160491428e-01      0.000000000000000e+00
    9.902418160491427e-01      0.000000000000000e+00
    9.911168160491428e-01      0.000000000000000e+00
    9.919918160491428e-01      0.000000000000000e+00
    9.928668160491427e-01      0.000000000000000e+00
    9.937418160491428e-01      0.000000000000000e+00
    9.946168160491428e-01      0.000000000000000e+00
    9.954918160491428e-01      0.000000000000000e+00
    9.963668160491428e-01      0.000000000000000e+00
    9.972418160491427e-01      0.000000000000000e+00
    9.981168160491428e-01      0.000000000000000e+00
    9.989918160491428e-01      0.000000000000000e+00
    9.998668160491427e-01      0.000000000000000e+00
    1.000741816049143e+00      0.000000000000000e+00
    1.001616816049143e+00      0.000000000000000e+00
    1.002491816049143e+00      0.000000000000000e+00
    1.003366816049143e+00      0.000000000000000e+00
    1.004241816049143e+00      0.000000000000000e+00
    1.005116816049143e+00      0.000000000000000e+00
    1.005991816049143e+00      0.000000000000000e+00
    1.006866816049143e+00      0.000000000000000e+00
    1.007741816049143e+00      0.000000000000000e+00
    1.008616816049143e+00      0.000000000000000e+00
    1.009491816049143e+00      0.000000000000000e+00
    1.010366816049143e+00      0.000000000000000e+00
    1.011241816049143e+00      0.000000000000000e+00
    1.012116816049143e+00      0.000000000000000e+00
    1.012991816049143e+00      0.000000000000000e+00
    1.013866816049143e+00      0.000000000000000e+00
    1.014741816049143e+00      0.000000000000000e+00
    1.015616816049143e+00      0.000000000000000e+00
    1.016491816049143e+00      0.000000000000000e+00
    1.017366816049143e+00      0.000000000000000e+00
    1.018241816049143e+00      0.000000000000000e+00
    1.019116816049143e+00      0.000000000000000e+00
    1.019991816049143e+00      0.000000000000000e+00
    1.020866816049143e+00      0.000000000000000e+00
    1.021741816049143e+00      1.937046004843197e+01
    1.022616816049143e+00      0.000000000000000e+00
    1.023491816049143e+00      0.000000000000000e+00
    1.024366816049143e+00      0.000000000000000e+00
    1.025241816049143e+00      0.000000000000000e+00
    1.026116816049143e+00      0.000000000000000e+00
    1.026991816049143e+00      0.000000000000000e+00
    1.027866816049143e+00      0.000000000000000e+00
    1.028741816049143e+00      0.000000000000000e+00
    1.029616816049143e+00      0.000000000000000e+00
    1.030491816049143e+00      0.000000000000000e+00
    1.031366816049143e+00      0.000000000000000e+00
    1.032241816049143e+00      0.000000000000000e+00
    1.033116816049143e+00      0.000000000000000e+00
    1.033991816049143e+00      0.000000000000000e+00
    1.034866816049143e+00      0.000000000000000e+00
    1.035741816049143e+00      0.000000000000000e+00
    1.036616816049143e+00      0.000000000000000e+00
    1.037491816049143e+00      0.000000000000000e+00
    1.038366816049143e+00      0.000000000000000e+00
    1.039241816049143e+00      0.000000000000000e+00
    1.040116816049143e+00      0.000000000000000e+00
    1.040991816049143e+00      0.000000000000000e+00
    1.041866816049143e+00      0.000000000000000e+00
    1.042741816049143e+00      0.000000000000000e+00
    1.043616816049143e+00      0.000000000000000e+00
    1.044491816049143e+00      0.000000000000000e+00
    1.045366816049143e+00      0.000000000000000e+00
    1.046241816049143e+00      0.000000000000000e+00
    1.047116816049143e+00      0.000000000000000e+00
    1.047991816049143e+00      0.000000000000000e+00
    1.048866816049143e+00      0.000000000000000e+00
    1.049741816049143e+00      0.000000000000000e+00
    1.050616816049143e+00      0.000000000000000e+00
    1.051491816049143e+00      0.000000000000000e+00
    1.052366816049143e+00      0.000000000000000e+00
    1.053241816049143e+00      0.000000000000000e+00
    1.054116816049143e+00      0.000000000000000e+00
    1.054991816049143e+00      0.000000000000000e+00
    1.055866816049143e+00      0.000000000000000e+00
    1.056741816049143e+00      0.000000000000000e+00
    1.057616816049143e+00      0.000000000000000e+00
    1.058491816049143e+00      0.000000000000000e+00
    1.059366816049143e+00      0.000000000000000e+00
    1.060241816049143e+00      0.000000000000000e+00
    1.061116816049143e+00      0.000000000000000e+00
    1.061991816049143e+00      0.000000000000000e+00
    1.062866816049143e+00      0.000000000000000e+00
    1.063741816049143e+00      0.000000000000000e+00
    1.064616816049143e+00      0.000000000000000e+00
    1.065491816049143e+00      0.000000000000000e+00
    1.066366816049143e+00      0.000000000000000e+00
    1.067241816049143e+00      0.000000000000000e+00
    1.068116816049143e+00      0.000000000000000e+00
    1.068991816049143e+00      0.000000000000000e+00
    1.069866816049143e+00      0.000000000000000e+00
    1.070741816049143e+00      0.000000000000000e+00
    1.071616816049143e+00      0.000000000000000e+00
    1.072491816049143e+00      0.000000000000000e+00
    1.073366816049143e+00      0.000000000000000e+00
    1.074241816049143e+00      0.000000000000000e+00
    1.075116816049143e+00      0.000000000000000e+00
    1.075991816049143e+00      0.000000000000000e+00
    1.076866816049143e+00      0.000000000000000e+00
    1.077741816049143e+00      0.000000000000000e+00
    1.078616816049143e+00      0.000000000000000e+00
    1.079491816049143e+00      0.000000000000000e+00
    1.080366816049143e+00      0.000000000000000e+00
    1.081241816049143e+00      0.000000000000000e+00
    1.082116816049143e+00      0.000000000000000e+00
    1.082991816049143e+00      0.000000000000000e+00
    1.083866816049143e+00      0.000000000000000e+00
    1.084741816049143e+00      0.000000000000000e+00
    1.085616816049143e+00      0.000000000000000e+00
    1.086491816049143e+00      0.000000000000000e+00
    1.087366816049143e+00      0.000000000000000e+00
    1.088241816049143e+00      0.000000000000000e+00
    1.089116816049143e+00      0.000000000000000e+00
    1.089991816049143e+00      0.000000000000000e+00
    1.090866816049143e+00      0.000000000000000e+00
    1.091741816049143e+00      0.000000000000000e+00
    1.092616816049143e+00      0.000000000000000e+00
    1.093491816049143e+00      0.000000000000000e+00
    1.094366816049143e+00      0.000000000000000e+00
    1.095241816049143e+00      0.000000000000000e+00
    1.096116816049143e+00      0.000000000000000e+00
    1.096991816049143e+00      0.000000000000000e+00
    1.097866816049143e+00      0.000000000000000e+00
    1.098741816049143e+00      0.000000000000000e+00
    1.099616816049143e+00      0.000000000000000e+00
    1.100491816049143e+00      0.000000000000000e+00
    1.101366816049143e+00      0.000000000000000e+00
    1.102241816049143e+00      0.000000000000000e+00
    1.103116816049143e+00      0.000000000000000e+00
    1.103991816049143e+00      0.000000000000000e+00
    1.104866816049143e+00      0.000000000000000e+00
    1.105741816049143e+00      0.000000000000000e+00
    1.106616816049143e+00      0.000000000000000e+00
    1.107491816049143e+00      0.000000000000000e+00
    1.108366816049143e+00      0.000000000000000e+00
    1.109241816049143e+00      0.000000000000000e+00
    1.110116816049143e+00      0.000000000000000e+00
    1.110991816049143e+00      0.000000000000000e+00
    1.111866816049143e+00      0.000000000000000e+00
    1.112741816049143e+00      0.000000000000000e+00
    1.113616816049143e+00      0.000000000000000e+00
    1.114491816049143e+00      0.000000000000000e+00
    1.115366816049143e+00      0.000000000000000e+00
    1.116241816049143e+00      0.000000000000000e+00
    1.117116816049143e+00      0.000000000000000e+00
    1.117991816049143e+00      0.000000000000000e+00
    1.118866816049143e+00      0.000000000000000e+00
    1.119741816049143e+00      0.000000000000000e+00
    1.120616816049143e+00      0.000000000000000e+00
    1.121491816049143e+00      0.000000000000000e+00
    1.122366816049143e+00      0.000000000000000e+00
    1.123241816049143e+00      0.000000000000000e+00
    1.124116816049143e+00      0.000000000000000e+00
    1.124991816049143e+00      0.000000000000000e+00
    1.125866816049143e+00      0.000000000000000e+00
    1.126741816049143e+00      0.000000000000000e+00
    1.127616816049143e+00      1.937046004842214e+01
    1.128491816049143e+00      0.000000000000000e+00
    1.129366816049143e+00      0.000000000000000e+00
    1.130241816049143e+00      3.874092009684428e+01
    1.131116816049143e+00      0.000000000000000e+00
    1.131991816049143e+00      0.000000000000000e+00
    1.132866816049143e+00      1.937046004842706e+01
    1.133741816049143e+00      0.000000000000000e+00
    1.134616816049143e+00      0.000000000000000e+00
    1.135491816049143e+00      3.874092009685411e+01
    1.136366816049143e+00      0.000000000000000e+00
    1.137241816049143e+00      0.000000000000000e+00
    1.138116816049143e+00      1.937046004842214e+01
    1.138991816049143e+00      0.000000000000000e+00
    1.139866816049143e+00      0.000000000000000e+00
    1.140741816049143e+00      3.874092009684428e+01
    1.141616816049143e+00      0.000000000000000e+00
    1.142491816049143e+00      0.000000000000000e+00
    1.143366816049143e+00      1.937046004842706e+01
    1.144241816049143e+00      0.000000000000000e+00
    1.145116816049143e+00      0.000000000000000e+00
    1.145991816049143e+00      5.811138014529591e+01
    1.146866816049143e+00      0.000000000000000e+00
    1.147741816049143e+00      0.000000000000000e+00
    1.148616816049143e+00      0.000000000000000e+00
    1.149491816049143e+00      1.937046004842214e+01
    1.150366816049143e+00      0.000000000000000e+00
    1.151241816049143e+00      0.000000000000000e+00
    1.152116816049143e+00      3.874092009685411e+01
    1.152991816049143e+00      0.000000000000000e+00
    1.153866816049143e+00      0.000000000000000e+00
    1.154741816049143e+00      1.937046004842706e+01
    1.155616816049143e+00      0.000000000000000e+00
    1.156491816049143e+00      0.000000000000000e+00
    1.157366816049143e+00      7.748184019370822e+01
    1.158241816049143e+00      0.000000000000000e+00
    1.159116816049143e+00      0.000000000000000e+00
    1.159991816049143e+00      1.937046004842214e+01
    1.160866816049143e+00      0.000000000000000e+00
    1.161741816049143e+00      0.000000000000000e+00
    1.162616816049143e+00      3.874092009685411e+01
    1.163491816049143e+00      0.000000000000000e+00
    1.164366816049143e+00      1.937046004842214e+01
    1.165241816049143e+00      3.874092009686394e+01
    1.166116816049143e+00      0.000000000000000e+00
    1.166991816049143e+00      1.937046004842706e+01
    1.167866816049143e+00      1.937046004842706e+01
    1.168741816049143e+00      0.000000000000000e+00
    1.169616816049143e+00      0.000000000000000e+00
    1.170491816049143e+00      0.000000000000000e+00
    1.171366816049143e+00      1.937046004842706e+01
    1.172241816049143e+00      0.000000000000000e+00
    1.173116816049143e+00      0.000000000000000e+00
    1.173991816049143e+00      3.874092009685411e+01
    1.174866816049143e+00      0.000000000000000e+00
    1.175741816049143e+00      0.000000000000000e+00
    1.176616816049143e+00      1.937046004842706e+01
    1.177491816049143e+00      0.000000000000000e+00
    1.178366816049143e+00      0.000000000000000e+00
    1.179241816049143e+00      5.811138014526642e+01
    1.180116816049143e+00      0.000000000000000e+00
    1.180991816049143e+00      0.000000000000000e+00
    1.181866816049143e+00      0.000000000000000e+00
    1.182741816049143e+00      0.000000000000000e+00
    1.183616816049143e+00      0.000000000000000e+00
    1.184491816049143e+00      1.937046004843197e+01
    1.185366816049143e+00      0.000000000000000e+00
    1.186241816049143e+00      0.000000000000000e+00
    1.187116816049143e+00      0.000000000000000e+00
    1.187991816049143e+00      0.000000000000000e+00
    1.188866816049143e+00      0.000000000000000e+00
    1.189741816049143e+00      5.811138014526642e+01
    1.190616816049143e+00      0.000000000000000e+00
    1.191491816049143e+00      0.000000000000000e+00
    1.192366816049143e+00      0.000000000000000e+00
    1.193241816049143e+00      0.000000000000000e+00
    1.194116816049143e+00      0.000000000000000e+00
    1.194991816049143e+00      0.000000000000000e+00
    1.195866816049143e+00      1.937046004842706e+01
    1.196741816049143e+00      0.000000000000000e+00
    1.197616816049143e+00      0.000000000000000e+00
    1.198491816049143e+00      0.000000000000000e+00
    1.199366816049143e+00      0.000000000000000e+00
    1.200241816049143e+00      0.000000000000000e+00
    1.201116816049143e+00      3.874092009685411e+01
    1.201991816049143e+00      0.000000000000000e+00
    1.202866816049143e+00      0.000000000000000e+00
    1.203741816049143e+00      0.000000000000000e+00
    1.204616816049143e+00      0.000000000000000e+00
    1.205491816049143e+00      0.000000000000000e+00
    1.206366816049143e+00      1.937046004842706e+01
    1.207241816049143e+00      0.000000000000000e+00
    1.208116816049143e+00      0.000000000000000e+00
    1.208991816049143e+00      0.000000000000000e+00
    1.209866816049143e+00      0.000000000000000e+00
    1.210741816049143e+00      0.000000000000000e+00
    1.211616816049143e+00      0.000000000000000e+00
    1.212491816049143e+00      0.000000000000000e+00
    1.213366816049143e+00      0.000000000000000e+00
    1.214241816049143e+00      0.000000000000000e+00
    1.215116816049143e+00      0.000000000000000e+00
    1.215991816049143e+00      0.000000000000000e+00
    1.216866816049143e+00      0.000000000000000e+00
    1.217741816049143e+00      0.000000000000000e+00
    1.218616816049143e+00      0.000000000000000e+00
    1.219491816049143e+00      0.000000000000000e+00
    1.220366816049143e+00      0.000000000000000e+00
    1.221241816049143e+00      0.000000000000000e+00
    1.222116816049143e+00      0.000000000000000e+00
    1.222991816049143e+00      0.000000000000000e+00
    1.223866816049143e+00      0.000000000000000e+00
    1.224741816049143e+00      0.000000000000000e+00
    1.225616816049143e+00      0.000000000000000e+00
    1.226491816049143e+00      0.000000000000000e+00
    1.227366816049143e+00      0.000000000000000e+00
    1.228241816049143e+00      0.000000000000000e+00
    1.229116816049143e+00      0.000000000000000e+00
    1.229991816049143e+00      0.000000000000000e+00
    1.230866816049143e+00      0.000000000000000e+00
    1.231741816049143e+00      0.000000000000000e+00
    1.232616816049143e+00      0.000000000000000e+00
    1.233491816049143e+00      1.937046004842706e+01
    1.234366816049143e+00      0.000000000000000e+00
    1.235241816049143e+00      0.000000000000000e+00
    1.236116816049143e+00      0.000000000000000e+00
    1.236991816049143e+00      0.000000000000000e+00
    1.237866816049143e+00      0.000000000000000e+00
    1.238741816049143e+00      0.000000000000000e+00
    1.239616816049143e+00      0.000000000000000e+00
    1.240491816049143e+00      0.000000000000000e+00
    1.241366816049143e+00      0.000000000000000e+00
    1.242241816049143e+00      0.000000000000000e+00
    1.243116816049143e+00      0.000000000000000e+00
    1.243991816049143e+00      0.000000000000000e+00
    1.244866816049143e+00      0.000000000000000e+00
    1.245741816049143e+00      0.000000000000000e+00
    1.246616816049143e+00      0.000000000000000e+00
    1.247491816049143e+00      0.000000000000000e+00
    1.248366816049143e+00      0.000000000000000e+00
    1.249241816049143e+00      0.000000000000000e+00
    1.250116816049143e+00      0.000000000000000e+00
    1.250991816049143e+00      0.000000000000000e+00
    1.251866816049143e+00      0.000000000000000e+00
    1.252741816049143e+00      0.000000000000000e+00
    1.253616816049143e+00      0.000000000000000e+00
    1.254491816049143e+00      0.000000000000000e+00
    1.255366816049143e+00      5.811138014529591e+01
    1.256241816049143e+00      0.000000000000000e+00
    1.257116816049143e+00      0.000000000000000e+00
    1.257991816049143e+00      0.000000000000000e+00
    1.258866816049143e+00      0.000000000000000e+00
    1.259741816049143e+00      0.000000000000000e+00
    1.260616816049143e+00      0.000000000000000e+00
    1.261491816049143e+00      0.000000000000000e+00
    1.262366816049143e+00      0.000000000000000e+00
    1.263241816049143e+00      0.000000000000000e+00
    1.264116816049143e+00      0.000000000000000e+00
    1.264991816049143e+00      0.000000000000000e+00
    1.265866816049143e+00      0.000000000000000e+00
    1.266741816049143e+00      0.000000000000000e+00
    1.267616816049143e+00      0.000000000000000e+00
    1.268491816049143e+00      0.000000000000000e+00
    1.269366816049143e+00      0.000000000000000e+00
    1.270241816049143e+00      0.000000000000000e+00
    1.271116816049143e+00      0.000000000000000e+00
    1.271991816049143e+00      0.000000000000000e+00
    1.272866816049143e+00      0.000000000000000e+00
    1.273741816049143e+00      0.000000000000000e+00
    1.274616816049143e+00      0.000000000000000e+00
    1.275491816049143e+00      0.000000000000000e+00
    1.276366816049143e+00      0.000000000000000e+00
    1.277241816049143e+00      1.937046004842706e+01
