                     bin:                     prob.:
    1.103509110919391e+00      2.685853598064499e+00
    1.109819638252149e+00      0.000000000000000e+00
    1.116130165584907e+00      0.000000000000000e+00
    1.122440692917665e+00      0.000000000000000e+00
    1.128751220250424e+00      0.000000000000000e+00
    1.135061747583182e+00      0.000000000000000e+00
    1.141372274915940e+00      0.000000000000000e+00
    1.147682802248698e+00      0.000000000000000e+00
    1.153993329581456e+00      0.000000000000000e+00
    1.160303856914214e+00      0.000000000000000e+00
    1.166614384246973e+00      0.000000000000000e+00
    1.172924911579731e+00      0.000000000000000e+00
    1.179235438912489e+00      0.000000000000000e+00
    1.185545966245247e+00      0.000000000000000e+00
    1.191856493578005e+00      0.000000000000000e+00
    1.198167020910764e+00      0.000000000000000e+00
    1.204477548243522e+00      5.371707196128998e+00
    1.210788075576280e+00      0.000000000000000e+00
    1.217098602909038e+00      0.000000000000000e+00
    1.223409130241796e+00      0.000000000000000e+00
    1.229719657574554e+00      0.000000000000000e+00
    1.236030184907313e+00      0.000000000000000e+00
    1.242340712240071e+00      0.000000000000000e+00
    1.248651239572829e+00      0.000000000000000e+00
    1.254961766905587e+00      0.000000000000000e+00
    1.261272294238345e+00      0.000000000000000e+00
    1.267582821571103e+00      0.000000000000000e+00
    1.273893348903862e+00      0.000000000000000e+00
    1.280203876236620e+00      0.000000000000000e+00
    1.286514403569378e+00      0.000000000000000e+00
    1.292824930902136e+00      0.000000000000000e+00
    1.299135458234894e+00      0.000000000000000e+00
    1.305445985567652e+00      2.685853598064499e+00
    1.311756512900411e+00      0.000000000000000e+00
    1.318067040233169e+00      0.000000000000000e+00
    1.324377567565927e+00      0.000000000000000e+00
    1.330688094898685e+00      0.000000000000000e+00
    1.336998622231443e+00      0.000000000000000e+00
    1.343309149564201e+00      0.000000000000000e+00
    1.349619676896959e+00      0.000000000000000e+00
    1.355930204229718e+00      0.000000000000000e+00
    1.362240731562476e+00      0.000000000000000e+00
    1.368551258895234e+00      0.000000000000000e+00
    1.374861786227992e+00      0.000000000000000e+00
    1.381172313560751e+00      0.000000000000000e+00
    1.387482840893508e+00      0.000000000000000e+00
    1.393793368226267e+00      0.000000000000000e+00
    1.400103895559025e+00      0.000000000000000e+00
    1.406414422891783e+00      0.000000000000000e+00
    1.412724950224541e+00      8.057560794193497e+00
    1.419035477557300e+00      0.000000000000000e+00
    1.425346004890058e+00      0.000000000000000e+00
    1.431656532222816e+00      0.000000000000000e+00
    1.437967059555574e+00      0.000000000000000e+00
    1.444277586888332e+00      0.000000000000000e+00
    1.450588114221090e+00      0.000000000000000e+00
    1.456898641553849e+00      0.000000000000000e+00
    1.463209168886607e+00      0.000000000000000e+00
    1.469519696219365e+00      0.000000000000000e+00
    1.475830223552123e+00      0.000000000000000e+00
    1.482140750884881e+00      0.000000000000000e+00
    1.488451278217639e+00      0.000000000000000e+00
    1.494761805550398e+00      0.000000000000000e+00
    1.501072332883156e+00      0.000000000000000e+00
    1.507382860215914e+00      0.000000000000000e+00
    1.513693387548672e+00      2.685853598064499e+00
    1.520003914881430e+00      0.000000000000000e+00
    1.526314442214188e+00      0.000000000000000e+00
    1.532624969546946e+00      0.000000000000000e+00
    1.538935496879705e+00      0.000000000000000e+00
    1.545246024212463e+00      0.000000000000000e+00
    1.551556551545221e+00      0.000000000000000e+00
    1.557867078877979e+00      0.000000000000000e+00
    1.564177606210738e+00      0.000000000000000e+00
    1.570488133543495e+00      0.000000000000000e+00
    1.576798660876254e+00      0.000000000000000e+00
    1.583109188209012e+00      0.000000000000000e+00
    1.589419715541770e+00      0.000000000000000e+00
    1.595730242874528e+00      0.000000000000000e+00
    1.602040770207287e+00      0.000000000000000e+00
    1.608351297540045e+00      0.000000000000000e+00
    1.614661824872803e+00      0.000000000000000e+00
    1.620972352205561e+00      5.371707196128998e+00
    1.627282879538319e+00      0.000000000000000e+00
    1.633593406871077e+00      0.000000000000000e+00
    1.639903934203836e+00      0.000000000000000e+00
    1.646214461536594e+00      0.000000000000000e+00
    1.652524988869352e+00      0.000000000000000e+00
    1.658835516202110e+00      0.000000000000000e+00
    1.665146043534868e+00      0.000000000000000e+00
    1.671456570867626e+00      0.000000000000000e+00
    1.677767098200384e+00      0.000000000000000e+00
    1.684077625533143e+00      0.000000000000000e+00
    1.690388152865901e+00      0.000000000000000e+00
    1.696698680198659e+00      0.000000000000000e+00
    1.703009207531417e+00      0.000000000000000e+00
    1.709319734864176e+00      0.000000000000000e+00
    1.715630262196933e+00      0.000000000000000e+00
    1.721940789529692e+00      2.685853598064593e+00
    1.728251316862450e+00      0.000000000000000e+00
    1.734561844195208e+00      0.000000000000000e+00
    1.740872371527966e+00      0.000000000000000e+00
    1.747182898860725e+00      0.000000000000000e+00
    1.753493426193482e+00      0.000000000000000e+00
    1.759803953526241e+00      0.000000000000000e+00
    1.766114480858999e+00      0.000000000000000e+00
    1.772425008191757e+00      0.000000000000000e+00
    1.778735535524515e+00      0.000000000000000e+00
    1.785046062857274e+00      0.000000000000000e+00
    1.791356590190032e+00      0.000000000000000e+00
    1.797667117522790e+00      0.000000000000000e+00
    1.803977644855548e+00      0.000000000000000e+00
    1.810288172188306e+00      0.000000000000000e+00
    1.816598699521064e+00      0.000000000000000e+00
    1.822909226853823e+00      0.000000000000000e+00
    1.829219754186581e+00      0.000000000000000e+00
    1.835530281519339e+00      0.000000000000000e+00
    1.841840808852097e+00      0.000000000000000e+00
    1.848151336184855e+00      2.685853598064499e+00
    1.854461863517613e+00      0.000000000000000e+00
    1.860772390850371e+00      0.000000000000000e+00
    1.867082918183130e+00      0.000000000000000e+00
    1.873393445515888e+00      0.000000000000000e+00
    1.879703972848646e+00      5.371707196129186e+00
    1.886014500181404e+00      0.000000000000000e+00
    1.892325027514163e+00      0.000000000000000e+00
    1.898635554846920e+00      0.000000000000000e+00
    1.904946082179679e+00      2.685853598064593e+00
    1.911256609512437e+00      0.000000000000000e+00
    1.917567136845195e+00      0.000000000000000e+00
    1.923877664177953e+00      0.000000000000000e+00
    1.930188191510712e+00      5.371707196129186e+00
    1.936498718843469e+00      0.000000000000000e+00
    1.942809246176228e+00      0.000000000000000e+00
    1.949119773508986e+00      0.000000000000000e+00
    1.955430300841744e+00      2.685853598064499e+00
    1.961740828174502e+00      0.000000000000000e+00
    1.968051355507261e+00      0.000000000000000e+00
    1.974361882840019e+00      0.000000000000000e+00
    1.980672410172777e+00      5.371707196128998e+00
    1.986982937505535e+00      0.000000000000000e+00
    1.993293464838293e+00      0.000000000000000e+00
    1.999603992171051e+00      0.000000000000000e+00
    2.005914519503810e+00      2.685853598064593e+00
    2.012225046836567e+00      0.000000000000000e+00
    2.018535574169326e+00      0.000000000000000e+00
    2.024846101502084e+00      0.000000000000000e+00
    2.031156628834842e+00      8.057560794193780e+00
    2.037467156167600e+00      0.000000000000000e+00
    2.043777683500358e+00      0.000000000000000e+00
    2.050088210833117e+00      0.000000000000000e+00
    2.056398738165875e+00      2.685853598064404e+00
    2.062709265498633e+00      0.000000000000000e+00
    2.069019792831391e+00      0.000000000000000e+00
    2.075330320164150e+00      0.000000000000000e+00
    2.081640847496907e+00      5.371707196128809e+00
    2.087951374829666e+00      0.000000000000000e+00
    2.094261902162424e+00      0.000000000000000e+00
    2.100572429495182e+00      0.000000000000000e+00
    2.106882956827940e+00      2.685853598064404e+00
    2.113193484160699e+00      0.000000000000000e+00
    2.119504011493457e+00      0.000000000000000e+00
    2.125814538826215e+00      0.000000000000000e+00
    2.132125066158973e+00      0.000000000000000e+00
    2.138435593491731e+00      1.074341439225762e+01
    2.144746120824490e+00      0.000000000000000e+00
    2.151056648157248e+00      0.000000000000000e+00
    2.157367175490005e+00      0.000000000000000e+00
    2.163677702822764e+00      2.685853598064404e+00
    2.169988230155522e+00      0.000000000000000e+00
    2.176298757488280e+00      0.000000000000000e+00
    2.182609284821038e+00      0.000000000000000e+00
    2.188919812153796e+00      8.057560794193213e+00
    2.195230339486555e+00      0.000000000000000e+00
    2.201540866819313e+00      2.685853598064593e+00
    2.207851394152071e+00      0.000000000000000e+00
    2.214161921484829e+00      5.371707196128809e+00
    2.220472448817588e+00      0.000000000000000e+00
    2.226782976150345e+00      2.685853598064593e+00
    2.233093503483103e+00      0.000000000000000e+00
    2.239404030815862e+00      2.685853598064404e+00
    2.245714558148620e+00      0.000000000000000e+00
    2.252025085481378e+00      0.000000000000000e+00
    2.258335612814136e+00      0.000000000000000e+00
    2.264646140146894e+00      2.685853598064404e+00
    2.270956667479653e+00      0.000000000000000e+00
    2.277267194812411e+00      0.000000000000000e+00
    2.283577722145169e+00      0.000000000000000e+00
    2.289888249477928e+00      5.371707196129186e+00
    2.296198776810686e+00      0.000000000000000e+00
    2.302509304143443e+00      0.000000000000000e+00
    2.308819831476202e+00      0.000000000000000e+00
    2.315130358808960e+00      2.685853598064593e+00
    2.321440886141718e+00      0.000000000000000e+00
    2.327751413474476e+00      0.000000000000000e+00
    2.334061940807235e+00      0.000000000000000e+00
    2.340372468139993e+00      5.371707196129186e+00
    2.346682995472751e+00      0.000000000000000e+00
    2.352993522805509e+00      0.000000000000000e+00
    2.359304050138267e+00      0.000000000000000e+00
    2.365614577471026e+00      0.000000000000000e+00
    2.371925104803783e+00      0.000000000000000e+00
    2.378235632136541e+00      0.000000000000000e+00
    2.384546159469300e+00      0.000000000000000e+00
    2.390856686802058e+00      0.000000000000000e+00
    2.397167214134816e+00      2.685853598064593e+00
    2.403477741467574e+00      0.000000000000000e+00
    2.409788268800332e+00      0.000000000000000e+00
    2.416098796133091e+00      0.000000000000000e+00
    2.422409323465849e+00      0.000000000000000e+00
    2.428719850798607e+00      0.000000000000000e+00
    2.435030378131365e+00      0.000000000000000e+00
    2.441340905464124e+00      0.000000000000000e+00
    2.447651432796881e+00      8.057560794193213e+00
    2.453961960129640e+00      0.000000000000000e+00
    2.460272487462398e+00      0.000000000000000e+00
    2.466583014795156e+00      0.000000000000000e+00
    2.472893542127914e+00      0.000000000000000e+00
    2.479204069460673e+00      0.000000000000000e+00
    2.485514596793431e+00      0.000000000000000e+00
    2.491825124126189e+00      0.000000000000000e+00
    2.498135651458947e+00      2.685853598064404e+00
    2.504446178791705e+00      0.000000000000000e+00
    2.510756706124464e+00      0.000000000000000e+00
    2.517067233457221e+00      0.000000000000000e+00
    2.523377760789979e+00      0.000000000000000e+00
    2.529688288122738e+00      0.000000000000000e+00
    2.535998815455496e+00      0.000000000000000e+00
    2.542309342788254e+00      0.000000000000000e+00
    2.548619870121012e+00      5.371707196128809e+00
    2.554930397453770e+00      0.000000000000000e+00
    2.561240924786529e+00      0.000000000000000e+00
    2.567551452119287e+00      0.000000000000000e+00
    2.573861979452045e+00      0.000000000000000e+00
    2.580172506784803e+00      0.000000000000000e+00
    2.586483034117562e+00      0.000000000000000e+00
    2.592793561450319e+00      0.000000000000000e+00
    2.599104088783077e+00      2.685853598064404e+00
    2.605414616115836e+00      0.000000000000000e+00
    2.611725143448594e+00      0.000000000000000e+00
    2.618035670781352e+00      0.000000000000000e+00
    2.624346198114110e+00      0.000000000000000e+00
    2.630656725446869e+00      0.000000000000000e+00
    2.636967252779627e+00      0.000000000000000e+00
    2.643277780112385e+00      0.000000000000000e+00
    2.649588307445143e+00      0.000000000000000e+00
    2.655898834777902e+00      0.000000000000000e+00
    2.662209362110660e+00      0.000000000000000e+00
    2.668519889443417e+00      0.000000000000000e+00
    2.674830416776176e+00      0.000000000000000e+00
    2.681140944108934e+00      0.000000000000000e+00
    2.687451471441692e+00      0.000000000000000e+00
    2.693761998774450e+00      0.000000000000000e+00
    2.700072526107208e+00      0.000000000000000e+00
    2.706383053439967e+00      0.000000000000000e+00
    2.712693580772725e+00      0.000000000000000e+00
    2.719004108105483e+00      0.000000000000000e+00
    2.725314635438241e+00      0.000000000000000e+00
    2.731625162771000e+00      0.000000000000000e+00
    2.737935690103757e+00      0.000000000000000e+00
    2.744246217436515e+00      0.000000000000000e+00
    2.750556744769274e+00      0.000000000000000e+00
    2.756867272102032e+00      0.000000000000000e+00
    2.763177799434790e+00      0.000000000000000e+00
    2.769488326767548e+00      0.000000000000000e+00
    2.775798854100306e+00      0.000000000000000e+00
    2.782109381433065e+00      0.000000000000000e+00
    2.788419908765823e+00      0.000000000000000e+00
    2.794730436098581e+00      0.000000000000000e+00
    2.801040963431339e+00      0.000000000000000e+00
    2.807351490764098e+00      0.000000000000000e+00
    2.813662018096855e+00      0.000000000000000e+00
    2.819972545429614e+00      0.000000000000000e+00
    2.826283072762372e+00      0.000000000000000e+00
    2.832593600095130e+00      0.000000000000000e+00
    2.838904127427888e+00      0.000000000000000e+00
    2.845214654760646e+00      0.000000000000000e+00
    2.851525182093405e+00      0.000000000000000e+00
    2.857835709426163e+00      0.000000000000000e+00
    2.864146236758921e+00      0.000000000000000e+00
    2.870456764091679e+00      0.000000000000000e+00
    2.876767291424438e+00      0.000000000000000e+00
    2.883077818757195e+00      0.000000000000000e+00
    2.889388346089953e+00      0.000000000000000e+00
    2.895698873422712e+00      0.000000000000000e+00
    2.902009400755470e+00      0.000000000000000e+00
    2.908319928088228e+00      0.000000000000000e+00
    2.914630455420986e+00      0.000000000000000e+00
    2.920940982753744e+00      0.000000000000000e+00
    2.927251510086503e+00      0.000000000000000e+00
    2.933562037419261e+00      0.000000000000000e+00
    2.939872564752019e+00      0.000000000000000e+00
    2.946183092084777e+00      0.000000000000000e+00
    2.952493619417536e+00      0.000000000000000e+00
    2.958804146750293e+00      0.000000000000000e+00
    2.965114674083051e+00      0.000000000000000e+00
    2.971425201415810e+00      0.000000000000000e+00
    2.977735728748568e+00      0.000000000000000e+00
    2.984046256081326e+00      0.000000000000000e+00
    2.990356783414085e+00      0.000000000000000e+00
    2.996667310746843e+00      0.000000000000000e+00
    3.002977838079601e+00      0.000000000000000e+00
    3.009288365412359e+00      0.000000000000000e+00
    3.015598892745117e+00      0.000000000000000e+00
    3.021909420077876e+00      0.000000000000000e+00
    3.028219947410633e+00      0.000000000000000e+00
    3.034530474743391e+00      0.000000000000000e+00
    3.040841002076150e+00      0.000000000000000e+00
    3.047151529408908e+00      0.000000000000000e+00
    3.053462056741666e+00      0.000000000000000e+00
    3.059772584074424e+00      0.000000000000000e+00
    3.066083111407182e+00      0.000000000000000e+00
    3.072393638739941e+00      0.000000000000000e+00
    3.078704166072699e+00      0.000000000000000e+00
    3.085014693405457e+00      0.000000000000000e+00
    3.091325220738215e+00      0.000000000000000e+00
    3.097635748070974e+00      0.000000000000000e+00
    3.103946275403731e+00      0.000000000000000e+00
    3.110256802736490e+00      0.000000000000000e+00
    3.116567330069248e+00      0.000000000000000e+00
    3.122877857402006e+00      0.000000000000000e+00
    3.129188384734764e+00      0.000000000000000e+00
    3.135498912067523e+00      0.000000000000000e+00
    3.141809439400280e+00      0.000000000000000e+00
    3.148119966733039e+00      0.000000000000000e+00
    3.154430494065797e+00      0.000000000000000e+00
    3.160741021398555e+00      0.000000000000000e+00
    3.167051548731313e+00      0.000000000000000e+00
    3.173362076064072e+00      0.000000000000000e+00
    3.179672603396829e+00      0.000000000000000e+00
    3.185983130729588e+00      0.000000000000000e+00
    3.192293658062346e+00      0.000000000000000e+00
    3.198604185395104e+00      0.000000000000000e+00
    3.204914712727862e+00      0.000000000000000e+00
    3.211225240060620e+00      0.000000000000000e+00
    3.217535767393378e+00      0.000000000000000e+00
    3.223846294726137e+00      0.000000000000000e+00
    3.230156822058895e+00      0.000000000000000e+00
    3.236467349391653e+00      0.000000000000000e+00
    3.242777876724411e+00      0.000000000000000e+00
    3.249088404057169e+00      0.000000000000000e+00
    3.255398931389927e+00      0.000000000000000e+00
    3.261709458722686e+00      0.000000000000000e+00
    3.268019986055444e+00      0.000000000000000e+00
    3.274330513388202e+00      0.000000000000000e+00
    3.280641040720961e+00      0.000000000000000e+00
    3.286951568053718e+00      0.000000000000000e+00
    3.293262095386477e+00      0.000000000000000e+00
    3.299572622719235e+00      0.000000000000000e+00
    3.305883150051993e+00      0.000000000000000e+00
    3.312193677384751e+00      0.000000000000000e+00
    3.318504204717510e+00      0.000000000000000e+00
    3.324814732050267e+00      0.000000000000000e+00
    3.331125259383026e+00      0.000000000000000e+00
    3.337435786715784e+00      0.000000000000000e+00
    3.343746314048542e+00      0.000000000000000e+00
    3.350056841381300e+00      0.000000000000000e+00
    3.356367368714058e+00      0.000000000000000e+00
    3.362677896046816e+00      0.000000000000000e+00
    3.368988423379575e+00      0.000000000000000e+00
    3.375298950712333e+00      0.000000000000000e+00
    3.381609478045091e+00      0.000000000000000e+00
    3.387920005377849e+00      0.000000000000000e+00
    3.394230532710607e+00      0.000000000000000e+00
    3.400541060043365e+00      0.000000000000000e+00
    3.406851587376124e+00      0.000000000000000e+00
    3.413162114708882e+00      0.000000000000000e+00
    3.419472642041640e+00      0.000000000000000e+00
    3.425783169374398e+00      0.000000000000000e+00
    3.432093696707156e+00      0.000000000000000e+00
    3.438404224039915e+00      0.000000000000000e+00
    3.444714751372673e+00      0.000000000000000e+00
    3.451025278705431e+00      0.000000000000000e+00
    3.457335806038189e+00      0.000000000000000e+00
    3.463646333370948e+00      0.000000000000000e+00
    3.469956860703705e+00      0.000000000000000e+00
    3.476267388036464e+00      0.000000000000000e+00
    3.482577915369222e+00      0.000000000000000e+00
    3.488888442701980e+00      0.000000000000000e+00
    3.495198970034738e+00      0.000000000000000e+00
    3.501509497367497e+00      0.000000000000000e+00
    3.507820024700254e+00      0.000000000000000e+00
    3.514130552033013e+00      0.000000000000000e+00
    3.520441079365771e+00      0.000000000000000e+00
    3.526751606698529e+00      0.000000000000000e+00
    3.533062134031287e+00      0.000000000000000e+00
    3.539372661364045e+00      0.000000000000000e+00
    3.545683188696803e+00      0.000000000000000e+00
    3.551993716029562e+00      0.000000000000000e+00
    3.558304243362320e+00      0.000000000000000e+00
    3.564614770695078e+00      0.000000000000000e+00
    3.570925298027836e+00      0.000000000000000e+00
    3.577235825360594e+00      0.000000000000000e+00
    3.583546352693352e+00      0.000000000000000e+00
    3.589856880026111e+00      0.000000000000000e+00
    3.596167407358869e+00      0.000000000000000e+00
    3.602477934691627e+00      0.000000000000000e+00
    3.608788462024385e+00      0.000000000000000e+00
    3.615098989357143e+00      0.000000000000000e+00
    3.621409516689902e+00      0.000000000000000e+00
    3.627720044022660e+00      0.000000000000000e+00
    3.634030571355418e+00      0.000000000000000e+00
    3.640341098688176e+00      0.000000000000000e+00
    3.646651626020935e+00      0.000000000000000e+00
    3.652962153353692e+00      0.000000000000000e+00
    3.659272680686451e+00      0.000000000000000e+00
    3.665583208019209e+00      0.000000000000000e+00
    3.671893735351967e+00      0.000000000000000e+00
    3.678204262684725e+00      0.000000000000000e+00
    3.684514790017483e+00      0.000000000000000e+00
    3.690825317350241e+00      0.000000000000000e+00
    3.697135844683000e+00      0.000000000000000e+00
    3.703446372015758e+00      0.000000000000000e+00
    3.709756899348516e+00      0.000000000000000e+00
    3.716067426681274e+00      0.000000000000000e+00
    3.722377954014032e+00      0.000000000000000e+00
    3.728688481346790e+00      0.000000000000000e+00
    3.734999008679549e+00      0.000000000000000e+00
    3.741309536012307e+00      0.000000000000000e+00
    3.747620063345065e+00      0.000000000000000e+00
    3.753930590677823e+00      0.000000000000000e+00
    3.760241118010581e+00      0.000000000000000e+00
    3.766551645343339e+00      0.000000000000000e+00
    3.772862172676098e+00      0.000000000000000e+00
    3.779172700008856e+00      0.000000000000000e+00
    3.785483227341614e+00      0.000000000000000e+00
    3.791793754674372e+00      0.000000000000000e+00
    3.798104282007130e+00      0.000000000000000e+00
    3.804414809339889e+00      0.000000000000000e+00
    3.810725336672647e+00      0.000000000000000e+00
    3.817035864005405e+00      0.000000000000000e+00
    3.823346391338163e+00      0.000000000000000e+00
    3.829656918670922e+00      0.000000000000000e+00
    3.835967446003679e+00      0.000000000000000e+00
    3.842277973336438e+00      0.000000000000000e+00
    3.848588500669196e+00      0.000000000000000e+00
    3.854899028001954e+00      0.000000000000000e+00
    3.861209555334712e+00      0.000000000000000e+00
    3.867520082667470e+00      0.000000000000000e+00
    3.873830610000228e+00      0.000000000000000e+00
    3.880141137332987e+00      0.000000000000000e+00
    3.886451664665745e+00      0.000000000000000e+00
    3.892762191998503e+00      0.000000000000000e+00
    3.899072719331261e+00      0.000000000000000e+00
    3.905383246664019e+00      0.000000000000000e+00
    3.911693773996777e+00      0.000000000000000e+00
    3.918004301329536e+00      0.000000000000000e+00
    3.924314828662294e+00      0.000000000000000e+00
    3.930625355995052e+00      0.000000000000000e+00
    3.936935883327810e+00      0.000000000000000e+00
    3.943246410660568e+00      0.000000000000000e+00
    3.949556937993326e+00      0.000000000000000e+00
    3.955867465326085e+00      0.000000000000000e+00
    3.962177992658843e+00      0.000000000000000e+00
    3.968488519991601e+00      0.000000000000000e+00
    3.974799047324359e+00      0.000000000000000e+00
    3.981109574657117e+00      0.000000000000000e+00
    3.987420101989876e+00      0.000000000000000e+00
    3.993730629322634e+00      0.000000000000000e+00
    4.000041156655392e+00      0.000000000000000e+00
    4.006351683988150e+00      0.000000000000000e+00
    4.012662211320908e+00      0.000000000000000e+00
    4.018972738653666e+00      0.000000000000000e+00
    4.025283265986425e+00      0.000000000000000e+00
    4.031593793319183e+00      0.000000000000000e+00
    4.037904320651942e+00      0.000000000000000e+00
    4.044214847984700e+00      0.000000000000000e+00
    4.050525375317457e+00      0.000000000000000e+00
    4.056835902650215e+00      0.000000000000000e+00
    4.063146429982973e+00      0.000000000000000e+00
    4.069456957315731e+00      0.000000000000000e+00
    4.075767484648490e+00      0.000000000000000e+00
    4.082078011981248e+00      0.000000000000000e+00
    4.088388539314007e+00      0.000000000000000e+00
    4.094699066646765e+00      0.000000000000000e+00
    4.101009593979523e+00      0.000000000000000e+00
    4.107320121312281e+00      0.000000000000000e+00
    4.113630648645039e+00      0.000000000000000e+00
    4.119941175977797e+00      0.000000000000000e+00
    4.126251703310555e+00      0.000000000000000e+00
    4.132562230643313e+00      0.000000000000000e+00
    4.138872757976072e+00      0.000000000000000e+00
    4.145183285308830e+00      0.000000000000000e+00
    4.151493812641588e+00      0.000000000000000e+00
    4.157804339974346e+00      0.000000000000000e+00
    4.164114867307104e+00      0.000000000000000e+00
    4.170425394639863e+00      0.000000000000000e+00
    4.176735921972621e+00      0.000000000000000e+00
    4.183046449305380e+00      0.000000000000000e+00
    4.189356976638138e+00      0.000000000000000e+00
    4.195667503970895e+00      0.000000000000000e+00
    4.201978031303653e+00      0.000000000000000e+00
    4.208288558636411e+00      0.000000000000000e+00
    4.214599085969169e+00      0.000000000000000e+00
    4.220909613301928e+00      0.000000000000000e+00
    4.227220140634686e+00      0.000000000000000e+00
    4.233530667967445e+00      0.000000000000000e+00
    4.239841195300203e+00      2.685853598064593e+00
    4.246151722632961e+00      0.000000000000000e+00
    4.252462249965719e+00      0.000000000000000e+00
    4.258772777298477e+00      0.000000000000000e+00
    4.265083304631235e+00      0.000000000000000e+00
    4.271393831963993e+00      0.000000000000000e+00
    4.277704359296751e+00      0.000000000000000e+00
    4.284014886629510e+00      0.000000000000000e+00
    4.290325413962268e+00      0.000000000000000e+00
    4.296635941295026e+00      0.000000000000000e+00
    4.302946468627784e+00      0.000000000000000e+00
    4.309256995960542e+00      0.000000000000000e+00
    4.315567523293300e+00      0.000000000000000e+00
    4.321878050626059e+00      0.000000000000000e+00
    4.328188577958817e+00      0.000000000000000e+00
    4.334499105291576e+00      0.000000000000000e+00
    4.340809632624334e+00      0.000000000000000e+00
    4.347120159957091e+00      0.000000000000000e+00
    4.353430687289849e+00      0.000000000000000e+00
    4.359741214622607e+00      0.000000000000000e+00
    4.366051741955366e+00      0.000000000000000e+00
    4.372362269288124e+00      0.000000000000000e+00
    4.378672796620883e+00      0.000000000000000e+00
    4.384983323953641e+00      0.000000000000000e+00
    4.391293851286399e+00      0.000000000000000e+00
    4.397604378619157e+00      0.000000000000000e+00
    4.403914905951915e+00      0.000000000000000e+00
    4.410225433284673e+00      0.000000000000000e+00
    4.416535960617431e+00      0.000000000000000e+00
    4.422846487950189e+00      0.000000000000000e+00
    4.429157015282948e+00      0.000000000000000e+00
    4.435467542615706e+00      0.000000000000000e+00
    4.441778069948464e+00      0.000000000000000e+00
    4.448088597281222e+00      0.000000000000000e+00
    4.454399124613980e+00      0.000000000000000e+00
    4.460709651946738e+00      0.000000000000000e+00
    4.467020179279497e+00      0.000000000000000e+00
    4.473330706612255e+00      0.000000000000000e+00
    4.479641233945014e+00      0.000000000000000e+00
    4.485951761277772e+00      0.000000000000000e+00
    4.492262288610529e+00      0.000000000000000e+00
    4.498572815943287e+00      0.000000000000000e+00
    4.504883343276045e+00      0.000000000000000e+00
    4.511193870608803e+00      0.000000000000000e+00
    4.517504397941562e+00      0.000000000000000e+00
    4.523814925274321e+00      0.000000000000000e+00
    4.530125452607079e+00      0.000000000000000e+00
    4.536435979939837e+00      0.000000000000000e+00
    4.542746507272595e+00      0.000000000000000e+00
    4.549057034605353e+00      0.000000000000000e+00
    4.555367561938111e+00      0.000000000000000e+00
    4.561678089270869e+00      0.000000000000000e+00
    4.567988616603627e+00      0.000000000000000e+00
    4.574299143936386e+00      0.000000000000000e+00
    4.580609671269144e+00      0.000000000000000e+00
    4.586920198601902e+00      0.000000000000000e+00
    4.593230725934660e+00      0.000000000000000e+00
    4.599541253267418e+00      0.000000000000000e+00
    4.605851780600176e+00      0.000000000000000e+00
    4.612162307932935e+00      0.000000000000000e+00
    4.618472835265693e+00      0.000000000000000e+00
    4.624783362598452e+00      0.000000000000000e+00
    4.631093889931210e+00      0.000000000000000e+00
    4.637404417263967e+00      0.000000000000000e+00
    4.643714944596725e+00      0.000000000000000e+00
    4.650025471929483e+00      0.000000000000000e+00
    4.656335999262241e+00      0.000000000000000e+00
    4.662646526595000e+00      0.000000000000000e+00
    4.668957053927758e+00      0.000000000000000e+00
    4.675267581260517e+00      0.000000000000000e+00
    4.681578108593275e+00      0.000000000000000e+00
    4.687888635926033e+00      0.000000000000000e+00
    4.694199163258791e+00      0.000000000000000e+00
    4.700509690591549e+00      0.000000000000000e+00
    4.706820217924307e+00      0.000000000000000e+00
    4.713130745257065e+00      0.000000000000000e+00
    4.719441272589824e+00      0.000000000000000e+00
    4.725751799922582e+00      0.000000000000000e+00
    4.732062327255340e+00      0.000000000000000e+00
    4.738372854588098e+00      0.000000000000000e+00
    4.744683381920856e+00      0.000000000000000e+00
    4.750993909253614e+00      0.000000000000000e+00
    4.757304436586373e+00      0.000000000000000e+00
    4.763614963919131e+00      0.000000000000000e+00
    4.769925491251890e+00      0.000000000000000e+00
    4.776236018584648e+00      0.000000000000000e+00
    4.782546545917405e+00      0.000000000000000e+00
    4.788857073250163e+00      0.000000000000000e+00
    4.795167600582921e+00      0.000000000000000e+00
    4.801478127915679e+00      0.000000000000000e+00
    4.807788655248438e+00      0.000000000000000e+00
    4.814099182581196e+00      0.000000000000000e+00
    4.820409709913955e+00      0.000000000000000e+00
    4.826720237246713e+00      0.000000000000000e+00
    4.833030764579471e+00      0.000000000000000e+00
    4.839341291912229e+00      0.000000000000000e+00
    4.845651819244987e+00      0.000000000000000e+00
    4.851962346577745e+00      0.000000000000000e+00
    4.858272873910503e+00      0.000000000000000e+00
    4.864583401243261e+00      0.000000000000000e+00
    4.870893928576020e+00      0.000000000000000e+00
    4.877204455908778e+00      0.000000000000000e+00
    4.883514983241536e+00      0.000000000000000e+00
    4.889825510574294e+00      0.000000000000000e+00
    4.896136037907052e+00      0.000000000000000e+00
    4.902446565239811e+00      0.000000000000000e+00
    4.908757092572569e+00      0.000000000000000e+00
    4.915067619905328e+00      0.000000000000000e+00
    4.921378147238086e+00      0.000000000000000e+00
    4.927688674570843e+00      0.000000000000000e+00
    4.933999201903601e+00      0.000000000000000e+00
    4.940309729236359e+00      0.000000000000000e+00
    4.946620256569117e+00      0.000000000000000e+00
    4.952930783901876e+00      0.000000000000000e+00
    4.959241311234634e+00      0.000000000000000e+00
    4.965551838567393e+00      0.000000000000000e+00
    4.971862365900151e+00      0.000000000000000e+00
    4.978172893232909e+00      0.000000000000000e+00
    4.984483420565667e+00      0.000000000000000e+00
    4.990793947898425e+00      0.000000000000000e+00
    4.997104475231183e+00      0.000000000000000e+00
    5.003415002563941e+00      0.000000000000000e+00
    5.009725529896699e+00      0.000000000000000e+00
    5.016036057229458e+00      0.000000000000000e+00
    5.022346584562216e+00      0.000000000000000e+00
    5.028657111894974e+00      0.000000000000000e+00
    5.034967639227732e+00      0.000000000000000e+00
    5.041278166560490e+00      0.000000000000000e+00
    5.047588693893248e+00      0.000000000000000e+00
    5.053899221226007e+00      0.000000000000000e+00
    5.060209748558766e+00      0.000000000000000e+00
    5.066520275891524e+00      0.000000000000000e+00
    5.072830803224281e+00      0.000000000000000e+00
    5.079141330557039e+00      0.000000000000000e+00
    5.085451857889797e+00      0.000000000000000e+00
    5.091762385222555e+00      0.000000000000000e+00
    5.098072912555314e+00      0.000000000000000e+00
    5.104383439888072e+00      0.000000000000000e+00
    5.110693967220830e+00      0.000000000000000e+00
    5.117004494553589e+00      0.000000000000000e+00
    5.123315021886347e+00      0.000000000000000e+00
    5.129625549219105e+00      0.000000000000000e+00
    5.135936076551863e+00      0.000000000000000e+00
    5.142246603884622e+00      0.000000000000000e+00
    5.148557131217379e+00      0.000000000000000e+00
    5.154867658550137e+00      0.000000000000000e+00
    5.161178185882895e+00      0.000000000000000e+00
    5.167488713215654e+00      0.000000000000000e+00
    5.173799240548412e+00      0.000000000000000e+00
    5.180109767881170e+00      0.000000000000000e+00
    5.186420295213928e+00      0.000000000000000e+00
    5.192730822546687e+00      0.000000000000000e+00
    5.199041349879445e+00      0.000000000000000e+00
    5.205351877212203e+00      0.000000000000000e+00
    5.211662404544961e+00      0.000000000000000e+00
    5.217972931877719e+00      0.000000000000000e+00
    5.224283459210477e+00      0.000000000000000e+00
    5.230593986543235e+00      0.000000000000000e+00
    5.236904513875994e+00      0.000000000000000e+00
    5.243215041208752e+00      0.000000000000000e+00
    5.249525568541510e+00      0.000000000000000e+00
    5.255836095874268e+00      0.000000000000000e+00
    5.262146623207027e+00      0.000000000000000e+00
    5.268457150539785e+00      0.000000000000000e+00
    5.274767677872543e+00      0.000000000000000e+00
    5.281078205205301e+00      0.000000000000000e+00
    5.287388732538060e+00      0.000000000000000e+00
    5.293699259870817e+00      0.000000000000000e+00
    5.300009787203575e+00      0.000000000000000e+00
    5.306320314536333e+00      0.000000000000000e+00
    5.312630841869092e+00      0.000000000000000e+00
    5.318941369201850e+00      0.000000000000000e+00
    5.325251896534608e+00      0.000000000000000e+00
    5.331562423867366e+00      0.000000000000000e+00
    5.337872951200125e+00      0.000000000000000e+00
    5.344183478532883e+00      0.000000000000000e+00
    5.350494005865641e+00      0.000000000000000e+00
    5.356804533198399e+00      0.000000000000000e+00
    5.363115060531157e+00      0.000000000000000e+00
    5.369425587863915e+00      0.000000000000000e+00
    5.375736115196673e+00      0.000000000000000e+00
    5.382046642529431e+00      0.000000000000000e+00
    5.388357169862190e+00      0.000000000000000e+00
    5.394667697194948e+00      0.000000000000000e+00
    5.400978224527706e+00      0.000000000000000e+00
    5.407288751860464e+00      0.000000000000000e+00
    5.413599279193223e+00      0.000000000000000e+00
    5.419909806525981e+00      0.000000000000000e+00
    5.426220333858739e+00      0.000000000000000e+00
    5.432530861191498e+00      0.000000000000000e+00
    5.438841388524255e+00      0.000000000000000e+00
    5.445151915857013e+00      0.000000000000000e+00
    5.451462443189771e+00      0.000000000000000e+00
    5.457772970522530e+00      0.000000000000000e+00
    5.464083497855288e+00      0.000000000000000e+00
    5.470394025188046e+00      0.000000000000000e+00
    5.476704552520804e+00      0.000000000000000e+00
    5.483015079853563e+00      0.000000000000000e+00
    5.489325607186321e+00      0.000000000000000e+00
    5.495636134519079e+00      0.000000000000000e+00
    5.501946661851837e+00      0.000000000000000e+00
    5.508257189184596e+00      0.000000000000000e+00
    5.514567716517353e+00      0.000000000000000e+00
    5.520878243850111e+00      0.000000000000000e+00
    5.527188771182869e+00      0.000000000000000e+00
    5.533499298515628e+00      0.000000000000000e+00
    5.539809825848386e+00      0.000000000000000e+00
    5.546120353181144e+00      0.000000000000000e+00
    5.552430880513902e+00      0.000000000000000e+00
    5.558741407846661e+00      0.000000000000000e+00
    5.565051935179419e+00      0.000000000000000e+00
    5.571362462512177e+00      0.000000000000000e+00
    5.577672989844935e+00      0.000000000000000e+00
    5.583983517177693e+00      0.000000000000000e+00
    5.590294044510451e+00      0.000000000000000e+00
    5.596604571843209e+00      0.000000000000000e+00
    5.602915099175968e+00      0.000000000000000e+00
    5.609225626508726e+00      0.000000000000000e+00
    5.615536153841484e+00      0.000000000000000e+00
    5.621846681174242e+00      0.000000000000000e+00
    5.628157208507001e+00      0.000000000000000e+00
    5.634467735839759e+00      0.000000000000000e+00
    5.640778263172517e+00      0.000000000000000e+00
    5.647088790505275e+00      0.000000000000000e+00
    5.653399317838034e+00      0.000000000000000e+00
    5.659709845170791e+00      0.000000000000000e+00
    5.666020372503549e+00      0.000000000000000e+00
    5.672330899836307e+00      0.000000000000000e+00
    5.678641427169066e+00      0.000000000000000e+00
    5.684951954501824e+00      0.000000000000000e+00
    5.691262481834582e+00      0.000000000000000e+00
    5.697573009167340e+00      0.000000000000000e+00
    5.703883536500099e+00      0.000000000000000e+00
    5.710194063832857e+00      0.000000000000000e+00
    5.716504591165615e+00      0.000000000000000e+00
    5.722815118498373e+00      0.000000000000000e+00
    5.729125645831131e+00      0.000000000000000e+00
    5.735436173163889e+00      0.000000000000000e+00
    5.741746700496647e+00      0.000000000000000e+00
    5.748057227829405e+00      0.000000000000000e+00
    5.754367755162164e+00      0.000000000000000e+00
    5.760678282494922e+00      0.000000000000000e+00
    5.766988809827680e+00      0.000000000000000e+00
    5.773299337160439e+00      0.000000000000000e+00
    5.779609864493197e+00      0.000000000000000e+00
    5.785920391825955e+00      0.000000000000000e+00
    5.792230919158713e+00      0.000000000000000e+00
    5.798541446491472e+00      0.000000000000000e+00
    5.804851973824229e+00      0.000000000000000e+00
    5.811162501156987e+00      0.000000000000000e+00
    5.817473028489745e+00      0.000000000000000e+00
    5.823783555822504e+00      5.371707196129186e+00
    5.830094083155262e+00      0.000000000000000e+00
    5.836404610488020e+00      0.000000000000000e+00
    5.842715137820778e+00      0.000000000000000e+00
    5.849025665153537e+00      0.000000000000000e+00
    5.855336192486295e+00      0.000000000000000e+00
    5.861646719819053e+00      0.000000000000000e+00
    5.867957247151811e+00      0.000000000000000e+00
    5.874267774484569e+00      0.000000000000000e+00
    5.880578301817327e+00      0.000000000000000e+00
    5.886888829150085e+00      0.000000000000000e+00
    5.893199356482843e+00      0.000000000000000e+00
    5.899509883815602e+00      0.000000000000000e+00
    5.905820411148360e+00      0.000000000000000e+00
    5.912130938481118e+00      0.000000000000000e+00
    5.918441465813876e+00      0.000000000000000e+00
    5.924751993146635e+00      0.000000000000000e+00
    5.931062520479393e+00      0.000000000000000e+00
    5.937373047812151e+00      0.000000000000000e+00
    5.943683575144909e+00      0.000000000000000e+00
    5.949994102477667e+00      0.000000000000000e+00
    5.956304629810425e+00      0.000000000000000e+00
    5.962615157143183e+00      0.000000000000000e+00
    5.968925684475942e+00      0.000000000000000e+00
    5.975236211808700e+00      0.000000000000000e+00
    5.981546739141458e+00      0.000000000000000e+00
    5.987857266474216e+00      0.000000000000000e+00
    5.994167793806975e+00      0.000000000000000e+00
    6.000478321139733e+00      0.000000000000000e+00
    6.006788848472491e+00      0.000000000000000e+00
    6.013099375805249e+00      0.000000000000000e+00
    6.019409903138008e+00      0.000000000000000e+00
    6.025720430470765e+00      0.000000000000000e+00
    6.032030957803523e+00      0.000000000000000e+00
    6.038341485136281e+00      0.000000000000000e+00
    6.044652012469040e+00      0.000000000000000e+00
    6.050962539801798e+00      0.000000000000000e+00
    6.057273067134556e+00      0.000000000000000e+00
    6.063583594467314e+00      0.000000000000000e+00
    6.069894121800073e+00      0.000000000000000e+00
    6.076204649132831e+00      0.000000000000000e+00
    6.082515176465589e+00      0.000000000000000e+00
    6.088825703798347e+00      0.000000000000000e+00
    6.095136231131105e+00      0.000000000000000e+00
    6.101446758463863e+00      0.000000000000000e+00
    6.107757285796621e+00      0.000000000000000e+00
    6.114067813129379e+00      0.000000000000000e+00
    6.120378340462138e+00      0.000000000000000e+00
    6.126688867794896e+00      0.000000000000000e+00
    6.132999395127654e+00      0.000000000000000e+00
    6.139309922460413e+00      0.000000000000000e+00
    6.145620449793171e+00      0.000000000000000e+00
    6.151930977125929e+00      0.000000000000000e+00
    6.158241504458687e+00      0.000000000000000e+00
    6.164552031791446e+00      0.000000000000000e+00
    6.170862559124203e+00      0.000000000000000e+00
    6.177173086456961e+00      0.000000000000000e+00
    6.183483613789719e+00      0.000000000000000e+00
    6.189794141122478e+00      0.000000000000000e+00
    6.196104668455236e+00      0.000000000000000e+00
    6.202415195787994e+00      0.000000000000000e+00
    6.208725723120752e+00      0.000000000000000e+00
    6.215036250453511e+00      0.000000000000000e+00
    6.221346777786269e+00      0.000000000000000e+00
    6.227657305119027e+00      0.000000000000000e+00
    6.233967832451785e+00      0.000000000000000e+00
    6.240278359784543e+00      0.000000000000000e+00
    6.246588887117301e+00      0.000000000000000e+00
    6.252899414450059e+00      0.000000000000000e+00
    6.259209941782817e+00      0.000000000000000e+00
    6.265520469115576e+00      0.000000000000000e+00
    6.271830996448334e+00      0.000000000000000e+00
    6.278141523781092e+00      0.000000000000000e+00
    6.284452051113850e+00      0.000000000000000e+00
    6.290762578446609e+00      0.000000000000000e+00
    6.297073105779367e+00      0.000000000000000e+00
    6.303383633112125e+00      0.000000000000000e+00
    6.309694160444884e+00      0.000000000000000e+00
    6.316004687777641e+00      0.000000000000000e+00
    6.322315215110399e+00      0.000000000000000e+00
    6.328625742443157e+00      0.000000000000000e+00
    6.334936269775916e+00      0.000000000000000e+00
    6.341246797108674e+00      0.000000000000000e+00
    6.347557324441432e+00      0.000000000000000e+00
    6.353867851774190e+00      0.000000000000000e+00
    6.360178379106949e+00      0.000000000000000e+00
    6.366488906439707e+00      0.000000000000000e+00
    6.372799433772465e+00      0.000000000000000e+00
    6.379109961105223e+00      0.000000000000000e+00
    6.385420488437981e+00      0.000000000000000e+00
    6.391731015770739e+00      0.000000000000000e+00
    6.398041543103497e+00      0.000000000000000e+00
    6.404352070436255e+00      0.000000000000000e+00
    6.410662597769014e+00      0.000000000000000e+00
    6.416973125101772e+00      0.000000000000000e+00
    6.423283652434530e+00      0.000000000000000e+00
    6.429594179767288e+00      0.000000000000000e+00
    6.435904707100047e+00      0.000000000000000e+00
    6.442215234432805e+00      0.000000000000000e+00
    6.448525761765563e+00      0.000000000000000e+00
    6.454836289098321e+00      0.000000000000000e+00
    6.461146816431079e+00      0.000000000000000e+00
    6.467457343763837e+00      0.000000000000000e+00
    6.473767871096595e+00      0.000000000000000e+00
    6.480078398429353e+00      0.000000000000000e+00
    6.486388925762112e+00      0.000000000000000e+00
    6.492699453094870e+00      0.000000000000000e+00
    6.499009980427628e+00      0.000000000000000e+00
    6.505320507760387e+00      0.000000000000000e+00
    6.511631035093145e+00      0.000000000000000e+00
    6.517941562425903e+00      0.000000000000000e+00
    6.524252089758661e+00      0.000000000000000e+00
    6.530562617091419e+00      0.000000000000000e+00
    6.536873144424177e+00      0.000000000000000e+00
    6.543183671756935e+00      0.000000000000000e+00
    6.549494199089693e+00      0.000000000000000e+00
    6.555804726422452e+00      0.000000000000000e+00
    6.562115253755210e+00      0.000000000000000e+00
    6.568425781087968e+00      0.000000000000000e+00
    6.574736308420726e+00      0.000000000000000e+00
    6.581046835753485e+00      0.000000000000000e+00
    6.587357363086243e+00      0.000000000000000e+00
    6.593667890419001e+00      0.000000000000000e+00
    6.599978417751759e+00      0.000000000000000e+00
    6.606288945084517e+00      0.000000000000000e+00
    6.612599472417275e+00      0.000000000000000e+00
    6.618909999750033e+00      0.000000000000000e+00
    6.625220527082791e+00      0.000000000000000e+00
    6.631531054415550e+00      0.000000000000000e+00
    6.637841581748308e+00      0.000000000000000e+00
    6.644152109081066e+00      0.000000000000000e+00
    6.650462636413824e+00      0.000000000000000e+00
    6.656773163746583e+00      0.000000000000000e+00
    6.663083691079341e+00      0.000000000000000e+00
    6.669394218412099e+00      0.000000000000000e+00
    6.675704745744858e+00      0.000000000000000e+00
    6.682015273077615e+00      0.000000000000000e+00
    6.688325800410373e+00      0.000000000000000e+00
    6.694636327743131e+00      0.000000000000000e+00
    6.700946855075890e+00      0.000000000000000e+00
    6.707257382408648e+00      0.000000000000000e+00
    6.713567909741406e+00      0.000000000000000e+00
    6.719878437074164e+00      0.000000000000000e+00
    6.726188964406923e+00      0.000000000000000e+00
    6.732499491739681e+00      0.000000000000000e+00
    6.738810019072439e+00      0.000000000000000e+00
    6.745120546405197e+00      0.000000000000000e+00
    6.751431073737955e+00      0.000000000000000e+00
    6.757741601070713e+00      0.000000000000000e+00
    6.764052128403471e+00      0.000000000000000e+00
    6.770362655736229e+00      0.000000000000000e+00
    6.776673183068988e+00      0.000000000000000e+00
    6.782983710401746e+00      0.000000000000000e+00
    6.789294237734504e+00      0.000000000000000e+00
    6.795604765067262e+00      0.000000000000000e+00
    6.801915292400021e+00      0.000000000000000e+00
    6.808225819732779e+00      0.000000000000000e+00
    6.814536347065537e+00      0.000000000000000e+00
    6.820846874398295e+00      0.000000000000000e+00
    6.827157401731053e+00      0.000000000000000e+00
    6.833467929063811e+00      0.000000000000000e+00
    6.839778456396569e+00      0.000000000000000e+00
    6.846088983729327e+00      0.000000000000000e+00
    6.852399511062086e+00      0.000000000000000e+00
    6.858710038394844e+00      0.000000000000000e+00
    6.865020565727602e+00      0.000000000000000e+00
    6.871331093060361e+00      0.000000000000000e+00
    6.877641620393119e+00      0.000000000000000e+00
    6.883952147725877e+00      0.000000000000000e+00
    6.890262675058635e+00      0.000000000000000e+00
    6.896573202391393e+00      0.000000000000000e+00
    6.902883729724151e+00      0.000000000000000e+00
    6.909194257056909e+00      0.000000000000000e+00
    6.915504784389667e+00      0.000000000000000e+00
    6.921815311722426e+00      0.000000000000000e+00
    6.928125839055184e+00      0.000000000000000e+00
    6.934436366387942e+00      0.000000000000000e+00
    6.940746893720700e+00      0.000000000000000e+00
    6.947057421053459e+00      0.000000000000000e+00
    6.953367948386217e+00      0.000000000000000e+00
    6.959678475718975e+00      0.000000000000000e+00
    6.965989003051733e+00      0.000000000000000e+00
    6.972299530384491e+00      0.000000000000000e+00
    6.978610057717249e+00      0.000000000000000e+00
    6.984920585050007e+00      0.000000000000000e+00
    6.991231112382765e+00      0.000000000000000e+00
    6.997541639715524e+00      0.000000000000000e+00
    7.003852167048282e+00      0.000000000000000e+00
    7.010162694381040e+00      0.000000000000000e+00
    7.016473221713798e+00      0.000000000000000e+00
    7.022783749046557e+00      0.000000000000000e+00
    7.029094276379315e+00      0.000000000000000e+00
    7.035404803712073e+00      0.000000000000000e+00
    7.041715331044831e+00      0.000000000000000e+00
    7.048025858377589e+00      0.000000000000000e+00
    7.054336385710347e+00      0.000000000000000e+00
    7.060646913043105e+00      0.000000000000000e+00
    7.066957440375864e+00      0.000000000000000e+00
    7.073267967708622e+00      0.000000000000000e+00
    7.079578495041380e+00      0.000000000000000e+00
    7.085889022374138e+00      0.000000000000000e+00
    7.092199549706897e+00      0.000000000000000e+00
    7.098510077039655e+00      0.000000000000000e+00
    7.104820604372413e+00      0.000000000000000e+00
    7.111131131705171e+00      0.000000000000000e+00
    7.117441659037929e+00      0.000000000000000e+00
    7.123752186370687e+00      0.000000000000000e+00
    7.130062713703445e+00      0.000000000000000e+00
    7.136373241036203e+00      0.000000000000000e+00
    7.142683768368962e+00      0.000000000000000e+00
    7.148994295701720e+00      0.000000000000000e+00
    7.155304823034478e+00      0.000000000000000e+00
    7.161615350367236e+00      0.000000000000000e+00
    7.167925877699995e+00      0.000000000000000e+00
    7.174236405032753e+00      0.000000000000000e+00
    7.180546932365511e+00      0.000000000000000e+00
    7.186857459698269e+00      0.000000000000000e+00
    7.193167987031027e+00      0.000000000000000e+00
    7.199478514363785e+00      0.000000000000000e+00
    7.205789041696543e+00      0.000000000000000e+00
    7.212099569029302e+00      0.000000000000000e+00
    7.218410096362060e+00      0.000000000000000e+00
    7.224720623694818e+00      0.000000000000000e+00
    7.231031151027576e+00      0.000000000000000e+00
    7.237341678360335e+00      0.000000000000000e+00
    7.243652205693093e+00      0.000000000000000e+00
    7.249962733025851e+00      0.000000000000000e+00
    7.256273260358609e+00      0.000000000000000e+00
    7.262583787691367e+00      0.000000000000000e+00
    7.268894315024125e+00      0.000000000000000e+00
    7.275204842356883e+00      0.000000000000000e+00
    7.281515369689641e+00      0.000000000000000e+00
    7.287825897022400e+00      0.000000000000000e+00
    7.294136424355158e+00      0.000000000000000e+00
    7.300446951687916e+00      0.000000000000000e+00
    7.306757479020674e+00      0.000000000000000e+00
    7.313068006353433e+00      0.000000000000000e+00
    7.319378533686191e+00      0.000000000000000e+00
    7.325689061018949e+00      0.000000000000000e+00
    7.331999588351707e+00      0.000000000000000e+00
    7.338310115684465e+00      0.000000000000000e+00
    7.344620643017223e+00      0.000000000000000e+00
    7.350931170349981e+00      0.000000000000000e+00
    7.357241697682739e+00      0.000000000000000e+00
    7.363552225015498e+00      0.000000000000000e+00
    7.369862752348256e+00      0.000000000000000e+00
    7.376173279681014e+00      0.000000000000000e+00
    7.382483807013772e+00      0.000000000000000e+00
    7.388794334346531e+00      0.000000000000000e+00
    7.395104861679289e+00      0.000000000000000e+00
    7.401415389012047e+00      0.000000000000000e+00
    7.407725916344805e+00      2.685853598064593e+00
