                     bin:                     prob.:
    4.183629758055050e-01      1.926088721319100e+01
    4.192429535736508e-01      0.000000000000000e+00
    4.201229313417967e-01      0.000000000000000e+00
    4.210029091099426e-01      0.000000000000000e+00
    4.218828868780884e-01      0.000000000000000e+00
    4.227628646462343e-01      0.000000000000000e+00
    4.236428424143802e-01      0.000000000000000e+00
    4.245228201825261e-01      0.000000000000000e+00
    4.254027979506719e-01      0.000000000000000e+00
    4.262827757188178e-01      0.000000000000000e+00
    4.271627534869637e-01      0.000000000000000e+00
    4.280427312551096e-01      0.000000000000000e+00
    4.289227090232554e-01      0.000000000000000e+00
    4.298026867914013e-01      0.000000000000000e+00
    4.306826645595472e-01      0.000000000000000e+00
    4.315626423276930e-01      0.000000000000000e+00
    4.324426200958389e-01      0.000000000000000e+00
    4.333225978639847e-01      0.000000000000000e+00
    4.342025756321307e-01      0.000000000000000e+00
    4.350825534002765e-01      0.000000000000000e+00
    4.359625311684224e-01      0.000000000000000e+00
    4.368425089365683e-01      0.000000000000000e+00
    4.377224867047141e-01      0.000000000000000e+00
    4.386024644728600e-01      0.000000000000000e+00
    4.394824422410059e-01      0.000000000000000e+00
    4.403624200091518e-01      0.000000000000000e+00
    4.412423977772976e-01      0.000000000000000e+00
    4.421223755454435e-01      0.000000000000000e+00
    4.430023533135893e-01      0.000000000000000e+00
    4.438823310817352e-01      0.000000000000000e+00
    4.447623088498811e-01      0.000000000000000e+00
    4.456422866180270e-01      0.000000000000000e+00
    4.465222643861728e-01      0.000000000000000e+00
    4.474022421543187e-01      0.000000000000000e+00
    4.482822199224646e-01      0.000000000000000e+00
    4.491621976906104e-01      0.000000000000000e+00
    4.500421754587564e-01      0.000000000000000e+00
    4.509221532269022e-01      0.000000000000000e+00
    4.518021309950481e-01      0.000000000000000e+00
    4.526821087631939e-01      0.000000000000000e+00
    4.535620865313398e-01      0.000000000000000e+00
    4.544420642994857e-01      0.000000000000000e+00
    4.553220420676315e-01      0.000000000000000e+00
    4.562020198357774e-01      0.000000000000000e+00
    4.570819976039233e-01      0.000000000000000e+00
    4.579619753720692e-01      0.000000000000000e+00
    4.588419531402150e-01      0.000000000000000e+00
    4.597219309083609e-01      0.000000000000000e+00
    4.606019086765068e-01      0.000000000000000e+00
    4.614818864446527e-01      0.000000000000000e+00
    4.623618642127985e-01      0.000000000000000e+00
    4.632418419809444e-01      0.000000000000000e+00
    4.641218197490903e-01      0.000000000000000e+00
    4.650017975172361e-01      0.000000000000000e+00
    4.658817752853820e-01      0.000000000000000e+00
    4.667617530535279e-01      0.000000000000000e+00
    4.676417308216738e-01      0.000000000000000e+00
    4.685217085898196e-01      0.000000000000000e+00
    4.694016863579655e-01      0.000000000000000e+00
    4.702816641261114e-01      0.000000000000000e+00
    4.711616418942572e-01      0.000000000000000e+00
    4.720416196624031e-01      0.000000000000000e+00
    4.729215974305490e-01      0.000000000000000e+00
    4.738015751986949e-01      0.000000000000000e+00
    4.746815529668407e-01      0.000000000000000e+00
    4.755615307349866e-01      0.000000000000000e+00
    4.764415085031324e-01      0.000000000000000e+00
    4.773214862712784e-01      0.000000000000000e+00
    4.782014640394242e-01      0.000000000000000e+00
    4.790814418075701e-01      0.000000000000000e+00
    4.799614195757159e-01      0.000000000000000e+00
    4.808413973438618e-01      0.000000000000000e+00
    4.817213751120077e-01      0.000000000000000e+00
    4.826013528801535e-01      0.000000000000000e+00
    4.834813306482995e-01      0.000000000000000e+00
    4.843613084164453e-01      0.000000000000000e+00
    4.852412861845912e-01      0.000000000000000e+00
    4.861212639527370e-01      0.000000000000000e+00
    4.870012417208829e-01      0.000000000000000e+00
    4.878812194890288e-01      0.000000000000000e+00
    4.887611972571747e-01      0.000000000000000e+00
    4.896411750253205e-01      0.000000000000000e+00
    4.905211527934664e-01      0.000000000000000e+00
    4.914011305616123e-01      0.000000000000000e+00
    4.922811083297581e-01      0.000000000000000e+00
    4.931610860979040e-01      0.000000000000000e+00
    4.940410638660499e-01      0.000000000000000e+00
    4.949210416341958e-01      0.000000000000000e+00
    4.958010194023416e-01      0.000000000000000e+00
    4.966809971704875e-01      0.000000000000000e+00
    4.975609749386334e-01      0.000000000000000e+00
    4.984409527067792e-01      0.000000000000000e+00
    4.993209304749251e-01      0.000000000000000e+00
    5.002009082430710e-01      0.000000000000000e+00
    5.010808860112168e-01      0.000000000000000e+00
    5.019608637793627e-01      0.000000000000000e+00
    5.028408415475086e-01      0.000000000000000e+00
    5.037208193156545e-01      0.000000000000000e+00
    5.046007970838003e-01      0.000000000000000e+00
    5.054807748519462e-01      0.000000000000000e+00
    5.063607526200921e-01      0.000000000000000e+00
    5.072407303882379e-01      0.000000000000000e+00
    5.081207081563839e-01      0.000000000000000e+00
    5.090006859245297e-01      0.000000000000000e+00
    5.098806636926756e-01      0.000000000000000e+00
    5.107606414608215e-01      0.000000000000000e+00
    5.116406192289673e-01      0.000000000000000e+00
    5.125205969971132e-01      0.000000000000000e+00
    5.134005747652590e-01      0.000000000000000e+00
    5.142805525334049e-01      0.000000000000000e+00
    5.151605303015507e-01      0.000000000000000e+00
    5.160405080696967e-01      0.000000000000000e+00
    5.169204858378426e-01      0.000000000000000e+00
    5.178004636059884e-01      0.000000000000000e+00
    5.186804413741343e-01      0.000000000000000e+00
    5.195604191422801e-01      0.000000000000000e+00
    5.204403969104260e-01      0.000000000000000e+00
    5.213203746785718e-01      0.000000000000000e+00
    5.222003524467178e-01      0.000000000000000e+00
    5.230803302148637e-01      0.000000000000000e+00
    5.239603079830095e-01      0.000000000000000e+00
    5.248402857511554e-01      0.000000000000000e+00
    5.257202635193012e-01      0.000000000000000e+00
    5.266002412874471e-01      0.000000000000000e+00
    5.274802190555929e-01      0.000000000000000e+00
    5.283601968237388e-01      0.000000000000000e+00
    5.292401745918848e-01      0.000000000000000e+00
    5.301201523600306e-01      0.000000000000000e+00
    5.310001301281765e-01      0.000000000000000e+00
    5.318801078963223e-01      0.000000000000000e+00
    5.327600856644682e-01      0.000000000000000e+00
    5.336400634326141e-01      0.000000000000000e+00
    5.345200412007599e-01      0.000000000000000e+00
    5.354000189689059e-01      0.000000000000000e+00
    5.362799967370517e-01      3.852177442638200e+01
    5.371599745051976e-01      0.000000000000000e+00
    5.380399522733434e-01      0.000000000000000e+00
    5.389199300414893e-01      0.000000000000000e+00
    5.397999078096352e-01      0.000000000000000e+00
    5.406798855777810e-01      0.000000000000000e+00
    5.415598633459269e-01      0.000000000000000e+00
    5.424398411140728e-01      0.000000000000000e+00
    5.433198188822187e-01      0.000000000000000e+00
    5.441997966503646e-01      0.000000000000000e+00
    5.450797744185104e-01      0.000000000000000e+00
    5.459597521866563e-01      0.000000000000000e+00
    5.468397299548021e-01      0.000000000000000e+00
    5.477197077229481e-01      0.000000000000000e+00
    5.485996854910939e-01      0.000000000000000e+00
    5.494796632592398e-01      0.000000000000000e+00
    5.503596410273857e-01      0.000000000000000e+00
    5.512396187955315e-01      0.000000000000000e+00
    5.521195965636774e-01      0.000000000000000e+00
    5.529995743318232e-01      0.000000000000000e+00
    5.538795520999691e-01      0.000000000000000e+00
    5.547595298681149e-01      0.000000000000000e+00
    5.556395076362608e-01      0.000000000000000e+00
    5.565194854044068e-01      0.000000000000000e+00
    5.573994631725526e-01      0.000000000000000e+00
    5.582794409406985e-01      0.000000000000000e+00
    5.591594187088443e-01      0.000000000000000e+00
    5.600393964769902e-01      0.000000000000000e+00
    5.609193742451360e-01      0.000000000000000e+00
    5.617993520132820e-01      0.000000000000000e+00
    5.626793297814279e-01      0.000000000000000e+00
    5.635593075495737e-01      0.000000000000000e+00
    5.644392853177196e-01      0.000000000000000e+00
    5.653192630858654e-01      0.000000000000000e+00
    5.661992408540113e-01      0.000000000000000e+00
    5.670792186221572e-01      0.000000000000000e+00
    5.679591963903030e-01      0.000000000000000e+00
    5.688391741584489e-01      0.000000000000000e+00
    5.697191519265948e-01      0.000000000000000e+00
    5.705991296947407e-01      0.000000000000000e+00
    5.714791074628865e-01      0.000000000000000e+00
    5.723590852310324e-01      0.000000000000000e+00
    5.732390629991783e-01      0.000000000000000e+00
    5.741190407673241e-01      0.000000000000000e+00
    5.749990185354701e-01      0.000000000000000e+00
    5.758789963036159e-01      0.000000000000000e+00
    5.767589740717618e-01      0.000000000000000e+00
    5.776389518399077e-01      0.000000000000000e+00
    5.785189296080535e-01      0.000000000000000e+00
    5.793989073761994e-01      0.000000000000000e+00
    5.802788851443452e-01      0.000000000000000e+00
    5.811588629124911e-01      0.000000000000000e+00
    5.820388406806369e-01      0.000000000000000e+00
    5.829188184487829e-01      0.000000000000000e+00
    5.837987962169288e-01      0.000000000000000e+00
    5.846787739850746e-01      0.000000000000000e+00
    5.855587517532205e-01      0.000000000000000e+00
    5.864387295213663e-01      0.000000000000000e+00
    5.873187072895122e-01      0.000000000000000e+00
    5.881986850576582e-01      0.000000000000000e+00
    5.890786628258040e-01      0.000000000000000e+00
    5.899586405939499e-01      0.000000000000000e+00
    5.908386183620957e-01      0.000000000000000e+00
    5.917185961302416e-01      0.000000000000000e+00
    5.925985738983874e-01      0.000000000000000e+00
    5.934785516665333e-01      0.000000000000000e+00
    5.943585294346792e-01      0.000000000000000e+00
    5.952385072028250e-01      0.000000000000000e+00
    5.961184849709710e-01      0.000000000000000e+00
    5.969984627391168e-01      0.000000000000000e+00
    5.978784405072627e-01      0.000000000000000e+00
    5.987584182754085e-01      0.000000000000000e+00
    5.996383960435544e-01      0.000000000000000e+00
    6.005183738117003e-01      0.000000000000000e+00
    6.013983515798462e-01      0.000000000000000e+00
    6.022783293479921e-01      0.000000000000000e+00
    6.031583071161379e-01      0.000000000000000e+00
    6.040382848842838e-01      0.000000000000000e+00
    6.049182626524297e-01      0.000000000000000e+00
    6.057982404205755e-01      0.000000000000000e+00
    6.066782181887214e-01      0.000000000000000e+00
    6.075581959568672e-01      0.000000000000000e+00
    6.084381737250131e-01      0.000000000000000e+00
    6.093181514931589e-01      0.000000000000000e+00
    6.101981292613049e-01      0.000000000000000e+00
    6.110781070294508e-01      0.000000000000000e+00
    6.119580847975966e-01      0.000000000000000e+00
    6.128380625657425e-01      0.000000000000000e+00
    6.137180403338883e-01      0.000000000000000e+00
    6.145980181020343e-01      0.000000000000000e+00
    6.154779958701802e-01      0.000000000000000e+00
    6.163579736383260e-01      0.000000000000000e+00
    6.172379514064719e-01      0.000000000000000e+00
    6.181179291746177e-01      0.000000000000000e+00
    6.189979069427636e-01      0.000000000000000e+00
    6.198778847109094e-01      0.000000000000000e+00
    6.207578624790553e-01      0.000000000000000e+00
    6.216378402472011e-01      0.000000000000000e+00
    6.225178180153470e-01      0.000000000000000e+00
    6.233977957834930e-01      0.000000000000000e+00
    6.242777735516388e-01      0.000000000000000e+00
    6.251577513197847e-01      0.000000000000000e+00
    6.260377290879305e-01      0.000000000000000e+00
    6.269177068560764e-01      0.000000000000000e+00
    6.277976846242224e-01      0.000000000000000e+00
    6.286776623923682e-01      0.000000000000000e+00
    6.295576401605141e-01      0.000000000000000e+00
    6.304376179286599e-01      0.000000000000000e+00
    6.313175956968058e-01      0.000000000000000e+00
    6.321975734649516e-01      0.000000000000000e+00
    6.330775512330975e-01      0.000000000000000e+00
    6.339575290012434e-01      0.000000000000000e+00
    6.348375067693892e-01      0.000000000000000e+00
    6.357174845375351e-01      0.000000000000000e+00
    6.365974623056810e-01      0.000000000000000e+00
    6.374774400738269e-01      0.000000000000000e+00
    6.383574178419728e-01      0.000000000000000e+00
    6.392373956101186e-01      0.000000000000000e+00
    6.401173733782645e-01      0.000000000000000e+00
    6.409973511464103e-01      0.000000000000000e+00
    6.418773289145563e-01      0.000000000000000e+00
    6.427573066827021e-01      0.000000000000000e+00
    6.436372844508480e-01      0.000000000000000e+00
    6.445172622189939e-01      0.000000000000000e+00
    6.453972399871397e-01      0.000000000000000e+00
    6.462772177552856e-01      0.000000000000000e+00
    6.471571955234314e-01      0.000000000000000e+00
    6.480371732915773e-01      0.000000000000000e+00
    6.489171510597231e-01      0.000000000000000e+00
    6.497971288278691e-01      0.000000000000000e+00
    6.506771065960150e-01      0.000000000000000e+00
    6.515570843641608e-01      0.000000000000000e+00
    6.524370621323067e-01      0.000000000000000e+00
    6.533170399004525e-01      0.000000000000000e+00
    6.541970176685984e-01      0.000000000000000e+00
    6.550769954367444e-01      1.926088721319100e+01
    6.559569732048902e-01      0.000000000000000e+00
    6.568369509730361e-01      0.000000000000000e+00
    6.577169287411819e-01      0.000000000000000e+00
    6.585969065093278e-01      0.000000000000000e+00
    6.594768842774736e-01      0.000000000000000e+00
    6.603568620456195e-01      0.000000000000000e+00
    6.612368398137654e-01      0.000000000000000e+00
    6.621168175819112e-01      0.000000000000000e+00
    6.629967953500572e-01      0.000000000000000e+00
    6.638767731182030e-01      0.000000000000000e+00
    6.647567508863489e-01      0.000000000000000e+00
    6.656367286544947e-01      0.000000000000000e+00
    6.665167064226406e-01      0.000000000000000e+00
    6.673966841907865e-01      0.000000000000000e+00
    6.682766619589324e-01      0.000000000000000e+00
    6.691566397270783e-01      0.000000000000000e+00
    6.700366174952241e-01      0.000000000000000e+00
    6.709165952633700e-01      0.000000000000000e+00
    6.717965730315159e-01      0.000000000000000e+00
    6.726765507996617e-01      0.000000000000000e+00
    6.735565285678076e-01      0.000000000000000e+00
    6.744365063359534e-01      0.000000000000000e+00
    6.753164841040993e-01      0.000000000000000e+00
    6.761964618722451e-01      0.000000000000000e+00
    6.770764396403911e-01      0.000000000000000e+00
    6.779564174085370e-01      0.000000000000000e+00
    6.788363951766828e-01      0.000000000000000e+00
    6.797163729448287e-01      0.000000000000000e+00
    6.805963507129746e-01      0.000000000000000e+00
    6.814763284811205e-01      0.000000000000000e+00
    6.823563062492664e-01      0.000000000000000e+00
    6.832362840174122e-01      0.000000000000000e+00
    6.841162617855581e-01      0.000000000000000e+00
    6.849962395537039e-01      0.000000000000000e+00
    6.858762173218498e-01      0.000000000000000e+00
    6.867561950899956e-01      0.000000000000000e+00
    6.876361728581415e-01      0.000000000000000e+00
    6.885161506262873e-01      0.000000000000000e+00
    6.893961283944332e-01      0.000000000000000e+00
    6.902761061625791e-01      0.000000000000000e+00
    6.911560839307250e-01      0.000000000000000e+00
    6.920360616988709e-01      0.000000000000000e+00
    6.929160394670167e-01      0.000000000000000e+00
    6.937960172351627e-01      0.000000000000000e+00
    6.946759950033086e-01      0.000000000000000e+00
    6.955559727714544e-01      0.000000000000000e+00
    6.964359505396003e-01      0.000000000000000e+00
    6.973159283077461e-01      0.000000000000000e+00
    6.981959060758920e-01      0.000000000000000e+00
    6.990758838440378e-01      0.000000000000000e+00
    6.999558616121837e-01      0.000000000000000e+00
    7.008358393803296e-01      0.000000000000000e+00
    7.017158171484754e-01      0.000000000000000e+00
    7.025957949166213e-01      0.000000000000000e+00
    7.034757726847671e-01      0.000000000000000e+00
    7.043557504529131e-01      0.000000000000000e+00
    7.052357282210590e-01      0.000000000000000e+00
    7.061157059892048e-01      0.000000000000000e+00
    7.069956837573507e-01      0.000000000000000e+00
    7.078756615254966e-01      0.000000000000000e+00
    7.087556392936425e-01      0.000000000000000e+00
    7.096356170617883e-01      0.000000000000000e+00
    7.105155948299342e-01      0.000000000000000e+00
    7.113955725980801e-01      0.000000000000000e+00
    7.122755503662259e-01      0.000000000000000e+00
    7.131555281343718e-01      0.000000000000000e+00
    7.140355059025176e-01      0.000000000000000e+00
    7.149154836706635e-01      0.000000000000000e+00
    7.157954614388093e-01      0.000000000000000e+00
    7.166754392069552e-01      0.000000000000000e+00
    7.175554169751012e-01      0.000000000000000e+00
    7.184353947432470e-01      0.000000000000000e+00
    7.193153725113929e-01      0.000000000000000e+00
    7.201953502795387e-01      0.000000000000000e+00
    7.210753280476847e-01      0.000000000000000e+00
    7.219553058158306e-01      0.000000000000000e+00
    7.228352835839764e-01      0.000000000000000e+00
    7.237152613521223e-01      0.000000000000000e+00
    7.245952391202681e-01      0.000000000000000e+00
    7.254752168884140e-01      0.000000000000000e+00
    7.263551946565598e-01      0.000000000000000e+00
    7.272351724247057e-01      0.000000000000000e+00
    7.281151501928516e-01      0.000000000000000e+00
    7.289951279609974e-01      0.000000000000000e+00
    7.298751057291433e-01      0.000000000000000e+00
    7.307550834972892e-01      0.000000000000000e+00
    7.316350612654351e-01      0.000000000000000e+00
    7.325150390335810e-01      0.000000000000000e+00
    7.333950168017268e-01      0.000000000000000e+00
    7.342749945698728e-01      0.000000000000000e+00
    7.351549723380186e-01      0.000000000000000e+00
    7.360349501061645e-01      0.000000000000000e+00
    7.369149278743103e-01      0.000000000000000e+00
    7.377949056424562e-01      0.000000000000000e+00
    7.386748834106021e-01      0.000000000000000e+00
    7.395548611787479e-01      0.000000000000000e+00
    7.404348389468938e-01      0.000000000000000e+00
    7.413148167150396e-01      0.000000000000000e+00
    7.421947944831855e-01      0.000000000000000e+00
    7.430747722513313e-01      0.000000000000000e+00
    7.439547500194773e-01      0.000000000000000e+00
    7.448347277876232e-01      0.000000000000000e+00
    7.457147055557690e-01      0.000000000000000e+00
    7.465946833239149e-01      0.000000000000000e+00
    7.474746610920608e-01      0.000000000000000e+00
    7.483546388602067e-01      0.000000000000000e+00
    7.492346166283526e-01      0.000000000000000e+00
    7.501145943964984e-01      0.000000000000000e+00
    7.509945721646443e-01      0.000000000000000e+00
    7.518745499327901e-01      0.000000000000000e+00
    7.527545277009360e-01      0.000000000000000e+00
    7.536345054690818e-01      0.000000000000000e+00
    7.545144832372277e-01      0.000000000000000e+00
    7.553944610053736e-01      0.000000000000000e+00
    7.562744387735194e-01      0.000000000000000e+00
    7.571544165416654e-01      0.000000000000000e+00
    7.580343943098112e-01      0.000000000000000e+00
    7.589143720779571e-01      0.000000000000000e+00
    7.597943498461029e-01      0.000000000000000e+00
    7.606743276142489e-01      0.000000000000000e+00
    7.615543053823948e-01      0.000000000000000e+00
    7.624342831505406e-01      0.000000000000000e+00
    7.633142609186865e-01      0.000000000000000e+00
    7.641942386868323e-01      0.000000000000000e+00
    7.650742164549782e-01      0.000000000000000e+00
    7.659541942231241e-01      0.000000000000000e+00
    7.668341719912699e-01      0.000000000000000e+00
    7.677141497594158e-01      0.000000000000000e+00
    7.685941275275616e-01      0.000000000000000e+00
    7.694741052957075e-01      0.000000000000000e+00
    7.703540830638533e-01      0.000000000000000e+00
    7.712340608319993e-01      0.000000000000000e+00
    7.721140386001452e-01      0.000000000000000e+00
    7.729940163682910e-01      3.852177442637714e+01
    7.738739941364370e-01      0.000000000000000e+00
    7.747539719045828e-01      0.000000000000000e+00
    7.756339496727287e-01      0.000000000000000e+00
    7.765139274408746e-01      0.000000000000000e+00
    7.773939052090204e-01      0.000000000000000e+00
    7.782738829771663e-01      0.000000000000000e+00
    7.791538607453121e-01      0.000000000000000e+00
    7.800338385134580e-01      0.000000000000000e+00
    7.809138162816038e-01      0.000000000000000e+00
    7.817937940497497e-01      0.000000000000000e+00
    7.826737718178955e-01      0.000000000000000e+00
    7.835537495860414e-01      0.000000000000000e+00
    7.844337273541874e-01      0.000000000000000e+00
    7.853137051223332e-01      0.000000000000000e+00
    7.861936828904791e-01      0.000000000000000e+00
    7.870736606586249e-01      0.000000000000000e+00
    7.879536384267709e-01      0.000000000000000e+00
    7.888336161949168e-01      0.000000000000000e+00
    7.897135939630626e-01      0.000000000000000e+00
    7.905935717312085e-01      0.000000000000000e+00
    7.914735494993543e-01      0.000000000000000e+00
    7.923535272675002e-01      0.000000000000000e+00
    7.932335050356460e-01      0.000000000000000e+00
    7.941134828037919e-01      0.000000000000000e+00
    7.949934605719378e-01      0.000000000000000e+00
    7.958734383400836e-01      0.000000000000000e+00
    7.967534161082295e-01      0.000000000000000e+00
    7.976333938763754e-01      0.000000000000000e+00
    7.985133716445213e-01      0.000000000000000e+00
    7.993933494126672e-01      0.000000000000000e+00
    8.002733271808130e-01      0.000000000000000e+00
    8.011533049489590e-01      0.000000000000000e+00
    8.020332827171048e-01      0.000000000000000e+00
    8.029132604852507e-01      0.000000000000000e+00
    8.037932382533965e-01      0.000000000000000e+00
    8.046732160215424e-01      0.000000000000000e+00
    8.055531937896883e-01      0.000000000000000e+00
    8.064331715578341e-01      0.000000000000000e+00
    8.073131493259800e-01      0.000000000000000e+00
    8.081931270941258e-01      0.000000000000000e+00
    8.090731048622717e-01      0.000000000000000e+00
    8.099530826304175e-01      0.000000000000000e+00
    8.108330603985635e-01      0.000000000000000e+00
    8.117130381667094e-01      0.000000000000000e+00
    8.125930159348552e-01      0.000000000000000e+00
    8.134729937030011e-01      0.000000000000000e+00
    8.143529714711470e-01      0.000000000000000e+00
    8.152329492392929e-01      0.000000000000000e+00
    8.161129270074388e-01      0.000000000000000e+00
    8.169929047755846e-01      0.000000000000000e+00
    8.178728825437305e-01      0.000000000000000e+00
    8.187528603118763e-01      0.000000000000000e+00
    8.196328380800222e-01      0.000000000000000e+00
    8.205128158481680e-01      0.000000000000000e+00
    8.213927936163139e-01      0.000000000000000e+00
    8.222727713844598e-01      0.000000000000000e+00
    8.231527491526056e-01      0.000000000000000e+00
    8.240327269207516e-01      0.000000000000000e+00
    8.249127046888974e-01      0.000000000000000e+00
    8.257926824570433e-01      0.000000000000000e+00
    8.266726602251891e-01      0.000000000000000e+00
    8.275526379933351e-01      0.000000000000000e+00
    8.284326157614810e-01      0.000000000000000e+00
    8.293125935296268e-01      0.000000000000000e+00
    8.301925712977727e-01      0.000000000000000e+00
    8.310725490659185e-01      0.000000000000000e+00
    8.319525268340644e-01      0.000000000000000e+00
    8.328325046022103e-01      0.000000000000000e+00
    8.337124823703561e-01      0.000000000000000e+00
    8.345924601385020e-01      0.000000000000000e+00
    8.354724379066478e-01      0.000000000000000e+00
    8.363524156747937e-01      0.000000000000000e+00
    8.372323934429396e-01      0.000000000000000e+00
    8.381123712110855e-01      0.000000000000000e+00
    8.389923489792314e-01      0.000000000000000e+00
    8.398723267473772e-01      0.000000000000000e+00
    8.407523045155232e-01      0.000000000000000e+00
    8.416322822836690e-01      0.000000000000000e+00
    8.425122600518149e-01      0.000000000000000e+00
    8.433922378199608e-01      0.000000000000000e+00
    8.442722155881066e-01      0.000000000000000e+00
    8.451521933562525e-01      0.000000000000000e+00
    8.460321711243983e-01      0.000000000000000e+00
    8.469121488925442e-01      0.000000000000000e+00
    8.477921266606900e-01      0.000000000000000e+00
    8.486721044288359e-01      0.000000000000000e+00
    8.495520821969818e-01      0.000000000000000e+00
    8.504320599651276e-01      0.000000000000000e+00
    8.513120377332736e-01      0.000000000000000e+00
    8.521920155014194e-01      0.000000000000000e+00
    8.530719932695653e-01      0.000000000000000e+00
    8.539519710377113e-01      0.000000000000000e+00
    8.548319488058571e-01      0.000000000000000e+00
    8.557119265740030e-01      0.000000000000000e+00
    8.565919043421488e-01      0.000000000000000e+00
    8.574718821102947e-01      0.000000000000000e+00
    8.583518598784405e-01      0.000000000000000e+00
    8.592318376465864e-01      0.000000000000000e+00
    8.601118154147323e-01      0.000000000000000e+00
    8.609917931828781e-01      0.000000000000000e+00
    8.618717709510240e-01      0.000000000000000e+00
    8.627517487191698e-01      0.000000000000000e+00
    8.636317264873157e-01      0.000000000000000e+00
    8.645117042554616e-01      0.000000000000000e+00
    8.653916820236075e-01      0.000000000000000e+00
    8.662716597917534e-01      0.000000000000000e+00
    8.671516375598992e-01      0.000000000000000e+00
    8.680316153280452e-01      0.000000000000000e+00
    8.689115930961910e-01      0.000000000000000e+00
    8.697915708643369e-01      0.000000000000000e+00
    8.706715486324828e-01      0.000000000000000e+00
    8.715515264006286e-01      0.000000000000000e+00
    8.724315041687745e-01      0.000000000000000e+00
    8.733114819369203e-01      0.000000000000000e+00
    8.741914597050662e-01      0.000000000000000e+00
    8.750714374732120e-01      0.000000000000000e+00
    8.759514152413579e-01      0.000000000000000e+00
    8.768313930095037e-01      0.000000000000000e+00
    8.777113707776497e-01      0.000000000000000e+00
    8.785913485457956e-01      0.000000000000000e+00
    8.794713263139414e-01      0.000000000000000e+00
    8.803513040820873e-01      0.000000000000000e+00
    8.812312818502333e-01      0.000000000000000e+00
    8.821112596183791e-01      0.000000000000000e+00
    8.829912373865250e-01      0.000000000000000e+00
    8.838712151546708e-01      0.000000000000000e+00
    8.847511929228167e-01      0.000000000000000e+00
    8.856311706909625e-01      0.000000000000000e+00
    8.865111484591084e-01      0.000000000000000e+00
    8.873911262272542e-01      0.000000000000000e+00
    8.882711039954001e-01      0.000000000000000e+00
    8.891510817635460e-01      0.000000000000000e+00
    8.900310595316918e-01      0.000000000000000e+00
    8.909110372998378e-01      0.000000000000000e+00
    8.917910150679836e-01      1.926088721319100e+01
    8.926709928361295e-01      0.000000000000000e+00
    8.935509706042754e-01      0.000000000000000e+00
    8.944309483724213e-01      0.000000000000000e+00
    8.953109261405672e-01      0.000000000000000e+00
    8.961909039087130e-01      0.000000000000000e+00
    8.970708816768589e-01      0.000000000000000e+00
    8.979508594450047e-01      0.000000000000000e+00
    8.988308372131506e-01      0.000000000000000e+00
    8.997108149812965e-01      0.000000000000000e+00
    9.005907927494423e-01      0.000000000000000e+00
    9.014707705175882e-01      0.000000000000000e+00
    9.023507482857340e-01      0.000000000000000e+00
    9.032307260538799e-01      0.000000000000000e+00
    9.041107038220259e-01      0.000000000000000e+00
    9.049906815901717e-01      0.000000000000000e+00
    9.058706593583176e-01      0.000000000000000e+00
    9.067506371264634e-01      0.000000000000000e+00
    9.076306148946094e-01      0.000000000000000e+00
    9.085105926627552e-01      0.000000000000000e+00
    9.093905704309011e-01      0.000000000000000e+00
    9.102705481990470e-01      0.000000000000000e+00
    9.111505259671928e-01      0.000000000000000e+00
    9.120305037353387e-01      0.000000000000000e+00
    9.129104815034845e-01      0.000000000000000e+00
    9.137904592716304e-01      0.000000000000000e+00
    9.146704370397762e-01      0.000000000000000e+00
    9.155504148079221e-01      0.000000000000000e+00
    9.164303925760680e-01      0.000000000000000e+00
    9.173103703442139e-01      0.000000000000000e+00
    9.181903481123598e-01      0.000000000000000e+00
    9.190703258805056e-01      0.000000000000000e+00
    9.199503036486515e-01      0.000000000000000e+00
    9.208302814167973e-01      0.000000000000000e+00
    9.217102591849432e-01      0.000000000000000e+00
    9.225902369530892e-01      0.000000000000000e+00
    9.234702147212350e-01      0.000000000000000e+00
    9.243501924893809e-01      0.000000000000000e+00
    9.252301702575267e-01      0.000000000000000e+00
    9.261101480256726e-01      0.000000000000000e+00
    9.269901257938185e-01      0.000000000000000e+00
    9.278701035619643e-01      0.000000000000000e+00
    9.287500813301102e-01      0.000000000000000e+00
    9.296300590982561e-01      0.000000000000000e+00
    9.305100368664020e-01      0.000000000000000e+00
    9.313900146345478e-01      0.000000000000000e+00
    9.322699924026937e-01      0.000000000000000e+00
    9.331499701708396e-01      0.000000000000000e+00
    9.340299479389854e-01      0.000000000000000e+00
    9.349099257071313e-01      0.000000000000000e+00
    9.357899034752772e-01      0.000000000000000e+00
    9.366698812434231e-01      0.000000000000000e+00
    9.375498590115690e-01      0.000000000000000e+00
    9.384298367797148e-01      0.000000000000000e+00
    9.393098145478607e-01      0.000000000000000e+00
    9.401897923160065e-01      0.000000000000000e+00
    9.410697700841524e-01      0.000000000000000e+00
    9.419497478522982e-01      0.000000000000000e+00
    9.428297256204442e-01      0.000000000000000e+00
    9.437097033885901e-01      0.000000000000000e+00
    9.445896811567359e-01      0.000000000000000e+00
    9.454696589248818e-01      0.000000000000000e+00
    9.463496366930276e-01      0.000000000000000e+00
    9.472296144611735e-01      0.000000000000000e+00
    9.481095922293193e-01      0.000000000000000e+00
    9.489895699974652e-01      0.000000000000000e+00
    9.498695477656112e-01      0.000000000000000e+00
    9.507495255337570e-01      0.000000000000000e+00
    9.516295033019029e-01      0.000000000000000e+00
    9.525094810700487e-01      0.000000000000000e+00
    9.533894588381946e-01      0.000000000000000e+00
    9.542694366063404e-01      0.000000000000000e+00
    9.551494143744863e-01      0.000000000000000e+00
    9.560293921426323e-01      0.000000000000000e+00
    9.569093699107781e-01      0.000000000000000e+00
    9.577893476789240e-01      0.000000000000000e+00
    9.586693254470698e-01      0.000000000000000e+00
    9.595493032152157e-01      0.000000000000000e+00
    9.604292809833616e-01      0.000000000000000e+00
    9.613092587515074e-01      0.000000000000000e+00
    9.621892365196533e-01      0.000000000000000e+00
    9.630692142877992e-01      0.000000000000000e+00
    9.639491920559451e-01      0.000000000000000e+00
    9.648291698240909e-01      0.000000000000000e+00
    9.657091475922368e-01      0.000000000000000e+00
    9.665891253603827e-01      0.000000000000000e+00
    9.674691031285285e-01      0.000000000000000e+00
    9.683490808966744e-01      0.000000000000000e+00
    9.692290586648203e-01      0.000000000000000e+00
    9.701090364329662e-01      0.000000000000000e+00
    9.709890142011121e-01      0.000000000000000e+00
    9.718689919692579e-01      0.000000000000000e+00
    9.727489697374038e-01      0.000000000000000e+00
    9.736289475055496e-01      0.000000000000000e+00
    9.745089252736955e-01      0.000000000000000e+00
    9.753889030418413e-01      0.000000000000000e+00
    9.762688808099873e-01      0.000000000000000e+00
    9.771488585781332e-01      0.000000000000000e+00
    9.780288363462790e-01      0.000000000000000e+00
    9.789088141144249e-01      0.000000000000000e+00
    9.797887918825707e-01      0.000000000000000e+00
    9.806687696507166e-01      0.000000000000000e+00
    9.815487474188624e-01      0.000000000000000e+00
    9.824287251870084e-01      0.000000000000000e+00
    9.833087029551543e-01      0.000000000000000e+00
    9.841886807233001e-01      0.000000000000000e+00
    9.850686584914460e-01      0.000000000000000e+00
    9.859486362595918e-01      0.000000000000000e+00
    9.868286140277377e-01      0.000000000000000e+00
    9.877085917958836e-01      0.000000000000000e+00
    9.885885695640294e-01      0.000000000000000e+00
    9.894685473321754e-01      0.000000000000000e+00
    9.903485251003212e-01      0.000000000000000e+00
    9.912285028684671e-01      0.000000000000000e+00
    9.921084806366129e-01      0.000000000000000e+00
    9.929884584047588e-01      0.000000000000000e+00
    9.938684361729047e-01      0.000000000000000e+00
    9.947484139410505e-01      0.000000000000000e+00
    9.956283917091964e-01      0.000000000000000e+00
    9.965083694773423e-01      0.000000000000000e+00
    9.973883472454882e-01      0.000000000000000e+00
    9.982683250136341e-01      0.000000000000000e+00
    9.991483027817799e-01      0.000000000000000e+00
    1.000028280549926e+00      0.000000000000000e+00
    1.000908258318072e+00      0.000000000000000e+00
    1.001788236086218e+00      0.000000000000000e+00
    1.002668213854363e+00      0.000000000000000e+00
    1.003548191622509e+00      0.000000000000000e+00
    1.004428169390655e+00      0.000000000000000e+00
    1.005308147158801e+00      0.000000000000000e+00
    1.006188124926947e+00      0.000000000000000e+00
    1.007068102695093e+00      0.000000000000000e+00
    1.007948080463239e+00      0.000000000000000e+00
    1.008828058231384e+00      0.000000000000000e+00
    1.009708035999530e+00      3.852177442638200e+01
    1.010588013767676e+00      0.000000000000000e+00
    1.011467991535822e+00      0.000000000000000e+00
    1.012347969303968e+00      0.000000000000000e+00
    1.013227947072114e+00      0.000000000000000e+00
    1.014107924840260e+00      0.000000000000000e+00
    1.014987902608405e+00      0.000000000000000e+00
    1.015867880376552e+00      0.000000000000000e+00
    1.016747858144697e+00      0.000000000000000e+00
    1.017627835912843e+00      0.000000000000000e+00
    1.018507813680989e+00      0.000000000000000e+00
    1.019387791449135e+00      0.000000000000000e+00
    1.020267769217281e+00      0.000000000000000e+00
    1.021147746985427e+00      0.000000000000000e+00
    1.022027724753573e+00      0.000000000000000e+00
    1.022907702521719e+00      0.000000000000000e+00
    1.023787680289864e+00      0.000000000000000e+00
    1.024667658058010e+00      0.000000000000000e+00
    1.025547635826156e+00      0.000000000000000e+00
    1.026427613594302e+00      0.000000000000000e+00
    1.027307591362448e+00      0.000000000000000e+00
    1.028187569130594e+00      0.000000000000000e+00
    1.029067546898740e+00      0.000000000000000e+00
    1.029947524666885e+00      0.000000000000000e+00
    1.030827502435031e+00      0.000000000000000e+00
    1.031707480203177e+00      0.000000000000000e+00
    1.032587457971323e+00      0.000000000000000e+00
    1.033467435739469e+00      0.000000000000000e+00
    1.034347413507615e+00      0.000000000000000e+00
    1.035227391275761e+00      0.000000000000000e+00
    1.036107369043906e+00      0.000000000000000e+00
    1.036987346812052e+00      0.000000000000000e+00
    1.037867324580198e+00      0.000000000000000e+00
    1.038747302348344e+00      0.000000000000000e+00
    1.039627280116490e+00      0.000000000000000e+00
    1.040507257884636e+00      0.000000000000000e+00
    1.041387235652782e+00      0.000000000000000e+00
    1.042267213420927e+00      0.000000000000000e+00
    1.043147191189074e+00      0.000000000000000e+00
    1.044027168957219e+00      0.000000000000000e+00
    1.044907146725365e+00      0.000000000000000e+00
    1.045787124493511e+00      0.000000000000000e+00
    1.046667102261657e+00      0.000000000000000e+00
    1.047547080029803e+00      0.000000000000000e+00
    1.048427057797949e+00      0.000000000000000e+00
    1.049307035566095e+00      0.000000000000000e+00
    1.050187013334241e+00      0.000000000000000e+00
    1.051066991102386e+00      0.000000000000000e+00
    1.051946968870532e+00      0.000000000000000e+00
    1.052826946638678e+00      0.000000000000000e+00
    1.053706924406824e+00      0.000000000000000e+00
    1.054586902174970e+00      0.000000000000000e+00
    1.055466879943116e+00      0.000000000000000e+00
    1.056346857711262e+00      0.000000000000000e+00
    1.057226835479407e+00      0.000000000000000e+00
    1.058106813247553e+00      0.000000000000000e+00
    1.058986791015699e+00      0.000000000000000e+00
    1.059866768783845e+00      0.000000000000000e+00
    1.060746746551991e+00      0.000000000000000e+00
    1.061626724320137e+00      0.000000000000000e+00
    1.062506702088283e+00      0.000000000000000e+00
    1.063386679856428e+00      0.000000000000000e+00
    1.064266657624574e+00      0.000000000000000e+00
    1.065146635392720e+00      0.000000000000000e+00
    1.066026613160866e+00      0.000000000000000e+00
    1.066906590929012e+00      0.000000000000000e+00
    1.067786568697158e+00      0.000000000000000e+00
    1.068666546465304e+00      0.000000000000000e+00
    1.069546524233450e+00      0.000000000000000e+00
    1.070426502001596e+00      0.000000000000000e+00
    1.071306479769741e+00      0.000000000000000e+00
    1.072186457537887e+00      0.000000000000000e+00
    1.073066435306033e+00      0.000000000000000e+00
    1.073946413074179e+00      0.000000000000000e+00
    1.074826390842325e+00      0.000000000000000e+00
    1.075706368610471e+00      0.000000000000000e+00
    1.076586346378617e+00      0.000000000000000e+00
    1.077466324146763e+00      0.000000000000000e+00
    1.078346301914908e+00      0.000000000000000e+00
    1.079226279683054e+00      0.000000000000000e+00
    1.080106257451200e+00      0.000000000000000e+00
    1.080986235219346e+00      0.000000000000000e+00
    1.081866212987492e+00      0.000000000000000e+00
    1.082746190755638e+00      0.000000000000000e+00
    1.083626168523784e+00      0.000000000000000e+00
    1.084506146291929e+00      0.000000000000000e+00
    1.085386124060075e+00      0.000000000000000e+00
    1.086266101828221e+00      0.000000000000000e+00
    1.087146079596367e+00      0.000000000000000e+00
    1.088026057364513e+00      0.000000000000000e+00
    1.088906035132659e+00      0.000000000000000e+00
    1.089786012900805e+00      0.000000000000000e+00
    1.090665990668950e+00      0.000000000000000e+00
    1.091545968437096e+00      0.000000000000000e+00
    1.092425946205242e+00      0.000000000000000e+00
    1.093305923973388e+00      0.000000000000000e+00
    1.094185901741534e+00      0.000000000000000e+00
    1.095065879509680e+00      0.000000000000000e+00
    1.095945857277826e+00      0.000000000000000e+00
    1.096825835045972e+00      0.000000000000000e+00
    1.097705812814117e+00      0.000000000000000e+00
    1.098585790582263e+00      0.000000000000000e+00
    1.099465768350409e+00      0.000000000000000e+00
    1.100345746118555e+00      0.000000000000000e+00
    1.101225723886701e+00      0.000000000000000e+00
    1.102105701654847e+00      0.000000000000000e+00
    1.102985679422993e+00      0.000000000000000e+00
    1.103865657191139e+00      0.000000000000000e+00
    1.104745634959285e+00      0.000000000000000e+00
    1.105625612727430e+00      0.000000000000000e+00
    1.106505590495576e+00      0.000000000000000e+00
    1.107385568263722e+00      0.000000000000000e+00
    1.108265546031868e+00      0.000000000000000e+00
    1.109145523800014e+00      0.000000000000000e+00
    1.110025501568160e+00      0.000000000000000e+00
    1.110905479336306e+00      0.000000000000000e+00
    1.111785457104451e+00      0.000000000000000e+00
    1.112665434872597e+00      0.000000000000000e+00
    1.113545412640743e+00      0.000000000000000e+00
    1.114425390408889e+00      0.000000000000000e+00
    1.115305368177035e+00      0.000000000000000e+00
    1.116185345945181e+00      0.000000000000000e+00
    1.117065323713327e+00      0.000000000000000e+00
    1.117945301481472e+00      0.000000000000000e+00
    1.118825279249618e+00      0.000000000000000e+00
    1.119705257017764e+00      0.000000000000000e+00
    1.120585234785910e+00      0.000000000000000e+00
    1.121465212554056e+00      0.000000000000000e+00
    1.122345190322202e+00      0.000000000000000e+00
    1.123225168090348e+00      0.000000000000000e+00
    1.124105145858494e+00      0.000000000000000e+00
    1.124985123626639e+00      0.000000000000000e+00
    1.125865101394785e+00      0.000000000000000e+00
    1.126745079162931e+00      0.000000000000000e+00
    1.127625056931077e+00      0.000000000000000e+00
    1.128505034699223e+00      1.926088721318614e+01
    1.129385012467369e+00      0.000000000000000e+00
    1.130264990235515e+00      0.000000000000000e+00
    1.131144968003661e+00      0.000000000000000e+00
    1.132024945771807e+00      0.000000000000000e+00
    1.132904923539952e+00      0.000000000000000e+00
    1.133784901308098e+00      0.000000000000000e+00
    1.134664879076244e+00      0.000000000000000e+00
    1.135544856844390e+00      0.000000000000000e+00
    1.136424834612536e+00      0.000000000000000e+00
    1.137304812380682e+00      0.000000000000000e+00
    1.138184790148828e+00      0.000000000000000e+00
    1.139064767916973e+00      0.000000000000000e+00
    1.139944745685119e+00      0.000000000000000e+00
    1.140824723453265e+00      0.000000000000000e+00
    1.141704701221411e+00      0.000000000000000e+00
    1.142584678989557e+00      0.000000000000000e+00
    1.143464656757703e+00      0.000000000000000e+00
    1.144344634525849e+00      0.000000000000000e+00
    1.145224612293994e+00      0.000000000000000e+00
    1.146104590062140e+00      0.000000000000000e+00
    1.146984567830286e+00      0.000000000000000e+00
    1.147864545598432e+00      0.000000000000000e+00
    1.148744523366578e+00      0.000000000000000e+00
    1.149624501134724e+00      0.000000000000000e+00
    1.150504478902870e+00      0.000000000000000e+00
    1.151384456671016e+00      0.000000000000000e+00
    1.152264434439161e+00      0.000000000000000e+00
    1.153144412207307e+00      0.000000000000000e+00
    1.154024389975453e+00      0.000000000000000e+00
    1.154904367743599e+00      0.000000000000000e+00
    1.155784345511745e+00      0.000000000000000e+00
    1.156664323279891e+00      0.000000000000000e+00
    1.157544301048037e+00      0.000000000000000e+00
    1.158424278816183e+00      0.000000000000000e+00
    1.159304256584329e+00      0.000000000000000e+00
    1.160184234352474e+00      0.000000000000000e+00
    1.161064212120620e+00      0.000000000000000e+00
    1.161944189888766e+00      0.000000000000000e+00
    1.162824167656912e+00      0.000000000000000e+00
    1.163704145425058e+00      0.000000000000000e+00
    1.164584123193204e+00      0.000000000000000e+00
    1.165464100961350e+00      0.000000000000000e+00
    1.166344078729495e+00      0.000000000000000e+00
    1.167224056497641e+00      0.000000000000000e+00
    1.168104034265787e+00      0.000000000000000e+00
    1.168984012033933e+00      0.000000000000000e+00
    1.169863989802079e+00      0.000000000000000e+00
    1.170743967570225e+00      0.000000000000000e+00
    1.171623945338371e+00      0.000000000000000e+00
    1.172503923106516e+00      0.000000000000000e+00
    1.173383900874662e+00      0.000000000000000e+00
    1.174263878642808e+00      0.000000000000000e+00
    1.175143856410954e+00      0.000000000000000e+00
    1.176023834179100e+00      0.000000000000000e+00
    1.176903811947246e+00      0.000000000000000e+00
    1.177783789715392e+00      0.000000000000000e+00
    1.178663767483538e+00      0.000000000000000e+00
    1.179543745251683e+00      0.000000000000000e+00
    1.180423723019829e+00      0.000000000000000e+00
    1.181303700787975e+00      0.000000000000000e+00
    1.182183678556121e+00      0.000000000000000e+00
    1.183063656324267e+00      0.000000000000000e+00
    1.183943634092413e+00      0.000000000000000e+00
    1.184823611860559e+00      0.000000000000000e+00
    1.185703589628705e+00      0.000000000000000e+00
    1.186583567396851e+00      0.000000000000000e+00
    1.187463545164996e+00      0.000000000000000e+00
    1.188343522933142e+00      0.000000000000000e+00
    1.189223500701288e+00      0.000000000000000e+00
    1.190103478469434e+00      0.000000000000000e+00
    1.190983456237580e+00      0.000000000000000e+00
    1.191863434005726e+00      0.000000000000000e+00
    1.192743411773872e+00      0.000000000000000e+00
    1.193623389542017e+00      0.000000000000000e+00
    1.194503367310163e+00      0.000000000000000e+00
    1.195383345078309e+00      0.000000000000000e+00
    1.196263322846455e+00      0.000000000000000e+00
    1.197143300614601e+00      0.000000000000000e+00
    1.198023278382747e+00      0.000000000000000e+00
    1.198903256150893e+00      0.000000000000000e+00
    1.199783233919038e+00      0.000000000000000e+00
    1.200663211687184e+00      0.000000000000000e+00
    1.201543189455330e+00      0.000000000000000e+00
    1.202423167223476e+00      0.000000000000000e+00
    1.203303144991622e+00      0.000000000000000e+00
    1.204183122759768e+00      0.000000000000000e+00
    1.205063100527914e+00      0.000000000000000e+00
    1.205943078296060e+00      0.000000000000000e+00
    1.206823056064205e+00      0.000000000000000e+00
    1.207703033832351e+00      0.000000000000000e+00
    1.208583011600497e+00      0.000000000000000e+00
    1.209462989368643e+00      0.000000000000000e+00
    1.210342967136789e+00      0.000000000000000e+00
    1.211222944904935e+00      0.000000000000000e+00
    1.212102922673081e+00      0.000000000000000e+00
    1.212982900441227e+00      0.000000000000000e+00
    1.213862878209373e+00      0.000000000000000e+00
    1.214742855977518e+00      0.000000000000000e+00
    1.215622833745664e+00      0.000000000000000e+00
    1.216502811513810e+00      0.000000000000000e+00
    1.217382789281956e+00      0.000000000000000e+00
    1.218262767050102e+00      0.000000000000000e+00
    1.219142744818248e+00      0.000000000000000e+00
    1.220022722586394e+00      0.000000000000000e+00
    1.220902700354539e+00      0.000000000000000e+00
    1.221782678122685e+00      0.000000000000000e+00
    1.222662655890831e+00      0.000000000000000e+00
    1.223542633658977e+00      0.000000000000000e+00
    1.224422611427123e+00      0.000000000000000e+00
    1.225302589195269e+00      0.000000000000000e+00
    1.226182566963415e+00      0.000000000000000e+00
    1.227062544731560e+00      0.000000000000000e+00
    1.227942522499706e+00      0.000000000000000e+00
    1.228822500267852e+00      0.000000000000000e+00
    1.229702478035998e+00      0.000000000000000e+00
    1.230582455804144e+00      0.000000000000000e+00
    1.231462433572290e+00      0.000000000000000e+00
    1.232342411340436e+00      0.000000000000000e+00
    1.233222389108582e+00      0.000000000000000e+00
    1.234102366876727e+00      0.000000000000000e+00
    1.234982344644873e+00      0.000000000000000e+00
    1.235862322413019e+00      0.000000000000000e+00
    1.236742300181165e+00      0.000000000000000e+00
    1.237622277949311e+00      0.000000000000000e+00
    1.238502255717457e+00      0.000000000000000e+00
    1.239382233485603e+00      0.000000000000000e+00
    1.240262211253749e+00      0.000000000000000e+00
    1.241142189021895e+00      0.000000000000000e+00
    1.242022166790040e+00      0.000000000000000e+00
    1.242902144558186e+00      0.000000000000000e+00
    1.243782122326332e+00      0.000000000000000e+00
    1.244662100094478e+00      0.000000000000000e+00
    1.245542077862624e+00      0.000000000000000e+00
    1.246422055630770e+00      0.000000000000000e+00
    1.247302033398916e+00      0.000000000000000e+00
    1.248182011167061e+00      1.926088721319100e+01
    1.249061988935207e+00      0.000000000000000e+00
    1.249941966703353e+00      3.852177442638200e+01
    1.250821944471499e+00      0.000000000000000e+00
    1.251701922239645e+00      1.926088721319100e+01
    1.252581900007791e+00      0.000000000000000e+00
    1.253461877775937e+00      5.778266163957299e+01
    1.254341855544082e+00      5.778266163957299e+01
    1.255221833312228e+00      1.926088721318614e+01
    1.256101811080374e+00      5.778266163957299e+01
    1.256981788848520e+00      1.926088721319100e+01
    1.257861766616666e+00      3.852177442638200e+01
    1.258741744384812e+00      1.926088721319100e+01
    1.259621722152958e+00      1.926088721319100e+01
    1.260501699921104e+00      0.000000000000000e+00
    1.261381677689249e+00      1.926088721319100e+01
    1.262261655457395e+00      0.000000000000000e+00
    1.263141633225541e+00      3.852177442638200e+01
    1.264021610993687e+00      0.000000000000000e+00
    1.264901588761833e+00      1.926088721319100e+01
    1.265781566529979e+00      0.000000000000000e+00
    1.266661544298125e+00      7.704354885276400e+01
    1.267541522066271e+00      0.000000000000000e+00
    1.268421499834417e+00      1.926088721319100e+01
    1.269301477602562e+00      3.852177442638200e+01
    1.270181455370708e+00      0.000000000000000e+00
    1.271061433138854e+00      1.926088721319100e+01
    1.271941410907000e+00      0.000000000000000e+00
    1.272821388675146e+00      0.000000000000000e+00
    1.273701366443292e+00      0.000000000000000e+00
    1.274581344211438e+00      0.000000000000000e+00
    1.275461321979583e+00      0.000000000000000e+00
    1.276341299747729e+00      1.926088721319100e+01
    1.277221277515875e+00      0.000000000000000e+00
    1.278101255284021e+00      0.000000000000000e+00
    1.278981233052167e+00      0.000000000000000e+00
    1.279861210820313e+00      3.852177442638200e+01
    1.280741188588459e+00      0.000000000000000e+00
    1.281621166356604e+00      0.000000000000000e+00
    1.282501144124750e+00      0.000000000000000e+00
    1.283381121892896e+00      1.926088721319100e+01
    1.284261099661042e+00      0.000000000000000e+00
    1.285141077429188e+00      0.000000000000000e+00
    1.286021055197334e+00      7.704354885276400e+01
    1.286901032965480e+00      0.000000000000000e+00
    1.287781010733626e+00      1.926088721319100e+01
    1.288660988501771e+00      0.000000000000000e+00
    1.289540966269918e+00      3.852177442638200e+01
    1.290420944038063e+00      0.000000000000000e+00
    1.291300921806209e+00      1.926088721319100e+01
    1.292180899574355e+00      0.000000000000000e+00
    1.293060877342501e+00      3.852177442638200e+01
    1.293940855110647e+00      0.000000000000000e+00
    1.294820832878793e+00      1.926088721319100e+01
    1.295700810646939e+00      0.000000000000000e+00
    1.296580788415084e+00      3.852177442638200e+01
    1.297460766183230e+00      1.926088721319100e+01
