                     bin:                     prob.:
    4.229042351746675e+01      7.218843208531454e-02
    4.252521394098422e+01      0.000000000000000e+00
    4.276000436450168e+01      0.000000000000000e+00
    4.299479478801915e+01      0.000000000000000e+00
    4.322958521153662e+01      0.000000000000000e+00
    4.346437563505408e+01      0.000000000000000e+00
    4.369916605857155e+01      0.000000000000000e+00
    4.393395648208902e+01      0.000000000000000e+00
    4.416874690560648e+01      0.000000000000000e+00
    4.440353732912395e+01      2.165652962559436e-01
    4.463832775264142e+01      0.000000000000000e+00
    4.487311817615888e+01      0.000000000000000e+00
    4.510790859967635e+01      0.000000000000000e+00
    4.534269902319382e+01      0.000000000000000e+00
    4.557748944671128e+01      7.218843208531454e-02
    4.581227987022875e+01      0.000000000000000e+00
    4.604707029374622e+01      0.000000000000000e+00
    4.628186071726368e+01      0.000000000000000e+00
    4.651665114078115e+01      0.000000000000000e+00
    4.675144156429862e+01      1.443768641706291e-01
    4.698623198781608e+01      0.000000000000000e+00
    4.722102241133355e+01      0.000000000000000e+00
    4.745581283485102e+01      0.000000000000000e+00
    4.769060325836848e+01      0.000000000000000e+00
    4.792539368188595e+01      7.218843208531454e-02
    4.816018410540342e+01      0.000000000000000e+00
    4.839497452892088e+01      0.000000000000000e+00
    4.862976495243835e+01      0.000000000000000e+00
    4.886455537595582e+01      0.000000000000000e+00
    4.909934579947328e+01      0.000000000000000e+00
    4.933413622299075e+01      0.000000000000000e+00
    4.956892664650822e+01      7.218843208531454e-02
    4.980371707002568e+01      0.000000000000000e+00
    5.003850749354315e+01      0.000000000000000e+00
    5.027329791706062e+01      1.443768641706291e-01
    5.050808834057808e+01      7.218843208531454e-02
    5.074287876409555e+01      1.443768641706291e-01
    5.097766918761302e+01      7.218843208531454e-02
    5.121245961113048e+01      0.000000000000000e+00
    5.144725003464795e+01      2.165652962559436e-01
    5.168204045816542e+01      7.218843208531454e-02
    5.191683088168288e+01      1.443768641706291e-01
    5.215162130520035e+01      7.218843208531454e-02
    5.238641172871782e+01      2.165652962559436e-01
    5.262120215223528e+01      0.000000000000000e+00
    5.285599257575275e+01      7.218843208531454e-02
    5.309078299927022e+01      2.887537283412582e-01
    5.332557342278768e+01      1.443768641706291e-01
    5.356036384630515e+01      1.443768641706291e-01
    5.379515426982262e+01      2.165652962559436e-01
    5.402994469334008e+01      7.218843208531454e-02
    5.426473511685755e+01      1.443768641706291e-01
    5.449952554037502e+01      7.218843208531454e-02
    5.473431596389248e+01      2.165652962559436e-01
    5.496910638740995e+01      7.218843208531454e-02
    5.520389681092742e+01      0.000000000000000e+00
    5.543868723444488e+01      1.443768641706291e-01
    5.567347765796235e+01      7.218843208531454e-02
    5.590826808147982e+01      2.165652962559436e-01
    5.614305850499728e+01      0.000000000000000e+00
    5.637784892851475e+01      7.218843208531454e-02
    5.661263935203222e+01      0.000000000000000e+00
    5.684742977554968e+01      0.000000000000000e+00
    5.708222019906715e+01      1.443768641706291e-01
    5.731701062258462e+01      0.000000000000000e+00
    5.755180104610209e+01      7.218843208531454e-02
    5.778659146961955e+01      0.000000000000000e+00
    5.802138189313702e+01      0.000000000000000e+00
    5.825617231665449e+01      0.000000000000000e+00
    5.849096274017195e+01      0.000000000000000e+00
    5.872575316368942e+01      0.000000000000000e+00
    5.896054358720689e+01      0.000000000000000e+00
    5.919533401072435e+01      0.000000000000000e+00
    5.943012443424182e+01      0.000000000000000e+00
    5.966491485775929e+01      0.000000000000000e+00
    5.989970528127675e+01      0.000000000000000e+00
    6.013449570479422e+01      0.000000000000000e+00
    6.036928612831169e+01      0.000000000000000e+00
    6.060407655182915e+01      0.000000000000000e+00
    6.083886697534662e+01      0.000000000000000e+00
    6.107365739886409e+01      0.000000000000000e+00
    6.130844782238155e+01      0.000000000000000e+00
    6.154323824589902e+01      0.000000000000000e+00
    6.177802866941649e+01      0.000000000000000e+00
    6.201281909293395e+01      0.000000000000000e+00
    6.224760951645142e+01      0.000000000000000e+00
    6.248239993996889e+01      0.000000000000000e+00
    6.271719036348635e+01      0.000000000000000e+00
    6.295198078700382e+01      0.000000000000000e+00
    6.318677121052129e+01      0.000000000000000e+00
    6.342156163403875e+01      0.000000000000000e+00
    6.365635205755622e+01      0.000000000000000e+00
    6.389114248107369e+01      0.000000000000000e+00
    6.412593290459115e+01      0.000000000000000e+00
    6.436072332810862e+01      0.000000000000000e+00
    6.459551375162609e+01      0.000000000000000e+00
    6.483030417514357e+01      0.000000000000000e+00
    6.506509459866103e+01      0.000000000000000e+00
    6.529988502217850e+01      0.000000000000000e+00
    6.553467544569597e+01      0.000000000000000e+00
    6.576946586921343e+01      0.000000000000000e+00
    6.600425629273090e+01      0.000000000000000e+00
    6.623904671624837e+01      0.000000000000000e+00
    6.647383713976583e+01      0.000000000000000e+00
    6.670862756328330e+01      0.000000000000000e+00
    6.694341798680077e+01      0.000000000000000e+00
    6.717820841031823e+01      0.000000000000000e+00
    6.741299883383570e+01      0.000000000000000e+00
    6.764778925735317e+01      0.000000000000000e+00
    6.788257968087063e+01      0.000000000000000e+00
    6.811737010438810e+01      0.000000000000000e+00
    6.835216052790557e+01      0.000000000000000e+00
    6.858695095142303e+01      0.000000000000000e+00
    6.882174137494050e+01      0.000000000000000e+00
    6.905653179845797e+01      0.000000000000000e+00
    6.929132222197543e+01      0.000000000000000e+00
    6.952611264549290e+01      0.000000000000000e+00
    6.976090306901037e+01      0.000000000000000e+00
    6.999569349252783e+01      0.000000000000000e+00
    7.023048391604530e+01      0.000000000000000e+00
    7.046527433956277e+01      0.000000000000000e+00
    7.070006476308023e+01      0.000000000000000e+00
    7.093485518659770e+01      0.000000000000000e+00
    7.116964561011517e+01      0.000000000000000e+00
    7.140443603363263e+01      0.000000000000000e+00
    7.163922645715010e+01      0.000000000000000e+00
    7.187401688066757e+01      0.000000000000000e+00
    7.210880730418504e+01      0.000000000000000e+00
    7.234359772770250e+01      0.000000000000000e+00
    7.257838815121997e+01      0.000000000000000e+00
    7.281317857473744e+01      0.000000000000000e+00
    7.304796899825490e+01      0.000000000000000e+00
    7.328275942177237e+01      0.000000000000000e+00
    7.351754984528984e+01      0.000000000000000e+00
    7.375234026880730e+01      0.000000000000000e+00
    7.398713069232477e+01      0.000000000000000e+00
    7.422192111584224e+01      0.000000000000000e+00
    7.445671153935970e+01      0.000000000000000e+00
    7.469150196287717e+01      0.000000000000000e+00
    7.492629238639464e+01      0.000000000000000e+00
    7.516108280991210e+01      0.000000000000000e+00
    7.539587323342957e+01      0.000000000000000e+00
    7.563066365694704e+01      0.000000000000000e+00
    7.586545408046450e+01      0.000000000000000e+00
    7.610024450398197e+01      0.000000000000000e+00
    7.633503492749944e+01      0.000000000000000e+00
    7.656982535101690e+01      0.000000000000000e+00
    7.680461577453437e+01      0.000000000000000e+00
    7.703940619805184e+01      0.000000000000000e+00
    7.727419662156930e+01      0.000000000000000e+00
    7.750898704508677e+01      0.000000000000000e+00
    7.774377746860424e+01      0.000000000000000e+00
    7.797856789212170e+01      0.000000000000000e+00
    7.821335831563917e+01      0.000000000000000e+00
    7.844814873915664e+01      0.000000000000000e+00
    7.868293916267410e+01      0.000000000000000e+00
    7.891772958619157e+01      0.000000000000000e+00
    7.915252000970904e+01      0.000000000000000e+00
    7.938731043322650e+01      0.000000000000000e+00
    7.962210085674397e+01      0.000000000000000e+00
    7.985689128026144e+01      0.000000000000000e+00
    8.009168170377890e+01      0.000000000000000e+00
    8.032647212729637e+01      0.000000000000000e+00
    8.056126255081384e+01      0.000000000000000e+00
    8.079605297433130e+01      0.000000000000000e+00
    8.103084339784877e+01      0.000000000000000e+00
    8.126563382136624e+01      0.000000000000000e+00
    8.150042424488370e+01      0.000000000000000e+00
    8.173521466840117e+01      0.000000000000000e+00
    8.197000509191864e+01      0.000000000000000e+00
    8.220479551543610e+01      0.000000000000000e+00
    8.243958593895357e+01      0.000000000000000e+00
    8.267437636247104e+01      0.000000000000000e+00
    8.290916678598850e+01      0.000000000000000e+00
    8.314395720950597e+01      0.000000000000000e+00
    8.337874763302344e+01      0.000000000000000e+00
    8.361353805654090e+01      0.000000000000000e+00
    8.384832848005837e+01      0.000000000000000e+00
    8.408311890357584e+01      0.000000000000000e+00
    8.431790932709330e+01      0.000000000000000e+00
    8.455269975061077e+01      0.000000000000000e+00
    8.478749017412824e+01      0.000000000000000e+00
    8.502228059764570e+01      0.000000000000000e+00
    8.525707102116317e+01      0.000000000000000e+00
    8.549186144468064e+01      0.000000000000000e+00
    8.572665186819810e+01      0.000000000000000e+00
    8.596144229171557e+01      0.000000000000000e+00
    8.619623271523304e+01      0.000000000000000e+00
    8.643102313875050e+01      0.000000000000000e+00
    8.666581356226797e+01      0.000000000000000e+00
    8.690060398578544e+01      0.000000000000000e+00
    8.713539440930290e+01      0.000000000000000e+00
    8.737018483282037e+01      0.000000000000000e+00
    8.760497525633784e+01      0.000000000000000e+00
    8.783976567985530e+01      0.000000000000000e+00
    8.807455610337277e+01      0.000000000000000e+00
    8.830934652689024e+01      0.000000000000000e+00
    8.854413695040770e+01      0.000000000000000e+00
    8.877892737392517e+01      0.000000000000000e+00
    8.901371779744264e+01      0.000000000000000e+00
    8.924850822096010e+01      0.000000000000000e+00
    8.948329864447757e+01      0.000000000000000e+00
    8.971808906799504e+01      0.000000000000000e+00
    8.995287949151250e+01      0.000000000000000e+00
    9.018766991502997e+01      0.000000000000000e+00
    9.042246033854744e+01      0.000000000000000e+00
    9.065725076206490e+01      0.000000000000000e+00
    9.089204118558237e+01      0.000000000000000e+00
    9.112683160909984e+01      0.000000000000000e+00
    9.136162203261730e+01      0.000000000000000e+00
    9.159641245613477e+01      0.000000000000000e+00
    9.183120287965224e+01      0.000000000000000e+00
    9.206599330316971e+01      0.000000000000000e+00
    9.230078372668717e+01      0.000000000000000e+00
    9.253557415020464e+01      0.000000000000000e+00
    9.277036457372211e+01      0.000000000000000e+00
    9.300515499723957e+01      0.000000000000000e+00
    9.323994542075704e+01      0.000000000000000e+00
    9.347473584427451e+01      0.000000000000000e+00
    9.370952626779197e+01      0.000000000000000e+00
    9.394431669130944e+01      0.000000000000000e+00
    9.417910711482691e+01      0.000000000000000e+00
    9.441389753834437e+01      0.000000000000000e+00
    9.464868796186184e+01      0.000000000000000e+00
    9.488347838537931e+01      0.000000000000000e+00
    9.511826880889677e+01      0.000000000000000e+00
    9.535305923241424e+01      0.000000000000000e+00
    9.558784965593171e+01      0.000000000000000e+00
    9.582264007944917e+01      0.000000000000000e+00
    9.605743050296664e+01      0.000000000000000e+00
    9.629222092648411e+01      0.000000000000000e+00
    9.652701135000157e+01      0.000000000000000e+00
    9.676180177351904e+01      0.000000000000000e+00
    9.699659219703651e+01      0.000000000000000e+00
    9.723138262055397e+01      0.000000000000000e+00
    9.746617304407144e+01      0.000000000000000e+00
    9.770096346758891e+01      0.000000000000000e+00
    9.793575389110637e+01      0.000000000000000e+00
    9.817054431462384e+01      0.000000000000000e+00
    9.840533473814131e+01      0.000000000000000e+00
    9.864012516165877e+01      0.000000000000000e+00
    9.887491558517624e+01      0.000000000000000e+00
    9.910970600869371e+01      0.000000000000000e+00
    9.934449643221117e+01      0.000000000000000e+00
    9.957928685572864e+01      0.000000000000000e+00
    9.981407727924611e+01      0.000000000000000e+00
    1.000488677027636e+02      0.000000000000000e+00
    1.002836581262810e+02      0.000000000000000e+00
    1.005184485497985e+02      0.000000000000000e+00
    1.007532389733160e+02      0.000000000000000e+00
    1.009880293968334e+02      0.000000000000000e+00
    1.012228198203509e+02      0.000000000000000e+00
    1.014576102438684e+02      0.000000000000000e+00
    1.016924006673858e+02      0.000000000000000e+00
    1.019271910909033e+02      0.000000000000000e+00
    1.021619815144208e+02      0.000000000000000e+00
    1.023967719379382e+02      0.000000000000000e+00
    1.026315623614557e+02      0.000000000000000e+00
    1.028663527849732e+02      0.000000000000000e+00
    1.031011432084906e+02      0.000000000000000e+00
    1.033359336320081e+02      0.000000000000000e+00
    1.035707240555256e+02      0.000000000000000e+00
    1.038055144790430e+02      0.000000000000000e+00
    1.040403049025605e+02      0.000000000000000e+00
    1.042750953260780e+02      0.000000000000000e+00
    1.045098857495954e+02      0.000000000000000e+00
    1.047446761731129e+02      0.000000000000000e+00
    1.049794665966304e+02      0.000000000000000e+00
    1.052142570201478e+02      0.000000000000000e+00
    1.054490474436653e+02      0.000000000000000e+00
    1.056838378671828e+02      0.000000000000000e+00
    1.059186282907002e+02      0.000000000000000e+00
    1.061534187142177e+02      0.000000000000000e+00
    1.063882091377352e+02      0.000000000000000e+00
    1.066229995612526e+02      0.000000000000000e+00
    1.068577899847701e+02      0.000000000000000e+00
    1.070925804082876e+02      0.000000000000000e+00
    1.073273708318050e+02      0.000000000000000e+00
    1.075621612553225e+02      0.000000000000000e+00
    1.077969516788400e+02      0.000000000000000e+00
    1.080317421023574e+02      0.000000000000000e+00
    1.082665325258749e+02      0.000000000000000e+00
    1.085013229493924e+02      0.000000000000000e+00
    1.087361133729098e+02      0.000000000000000e+00
    1.089709037964273e+02      0.000000000000000e+00
    1.092056942199448e+02      0.000000000000000e+00
    1.094404846434622e+02      0.000000000000000e+00
    1.096752750669797e+02      0.000000000000000e+00
    1.099100654904972e+02      0.000000000000000e+00
    1.101448559140146e+02      0.000000000000000e+00
    1.103796463375321e+02      0.000000000000000e+00
    1.106144367610496e+02      0.000000000000000e+00
    1.108492271845670e+02      0.000000000000000e+00
    1.110840176080845e+02      0.000000000000000e+00
    1.113188080316020e+02      0.000000000000000e+00
    1.115535984551194e+02      0.000000000000000e+00
    1.117883888786369e+02      0.000000000000000e+00
    1.120231793021544e+02      0.000000000000000e+00
    1.122579697256718e+02      0.000000000000000e+00
    1.124927601491893e+02      0.000000000000000e+00
    1.127275505727068e+02      0.000000000000000e+00
    1.129623409962242e+02      0.000000000000000e+00
    1.131971314197417e+02      0.000000000000000e+00
    1.134319218432592e+02      0.000000000000000e+00
    1.136667122667766e+02      0.000000000000000e+00
    1.139015026902941e+02      0.000000000000000e+00
    1.141362931138116e+02      0.000000000000000e+00
    1.143710835373290e+02      0.000000000000000e+00
    1.146058739608465e+02      0.000000000000000e+00
    1.148406643843640e+02      0.000000000000000e+00
    1.150754548078814e+02      0.000000000000000e+00
    1.153102452313989e+02      0.000000000000000e+00
    1.155450356549164e+02      0.000000000000000e+00
    1.157798260784338e+02      0.000000000000000e+00
    1.160146165019513e+02      0.000000000000000e+00
    1.162494069254688e+02      0.000000000000000e+00
    1.164841973489862e+02      0.000000000000000e+00
    1.167189877725037e+02      0.000000000000000e+00
    1.169537781960212e+02      0.000000000000000e+00
    1.171885686195386e+02      0.000000000000000e+00
    1.174233590430561e+02      0.000000000000000e+00
    1.176581494665736e+02      0.000000000000000e+00
    1.178929398900910e+02      0.000000000000000e+00
    1.181277303136085e+02      0.000000000000000e+00
    1.183625207371260e+02      0.000000000000000e+00
    1.185973111606434e+02      0.000000000000000e+00
    1.188321015841609e+02      0.000000000000000e+00
    1.190668920076784e+02      0.000000000000000e+00
    1.193016824311958e+02      0.000000000000000e+00
    1.195364728547133e+02      0.000000000000000e+00
    1.197712632782308e+02      0.000000000000000e+00
    1.200060537017482e+02      0.000000000000000e+00
    1.202408441252657e+02      0.000000000000000e+00
    1.204756345487832e+02      0.000000000000000e+00
    1.207104249723006e+02      0.000000000000000e+00
    1.209452153958181e+02      0.000000000000000e+00
    1.211800058193356e+02      0.000000000000000e+00
    1.214147962428530e+02      0.000000000000000e+00
    1.216495866663705e+02      0.000000000000000e+00
    1.218843770898880e+02      0.000000000000000e+00
    1.221191675134054e+02      0.000000000000000e+00
    1.223539579369229e+02      0.000000000000000e+00
    1.225887483604404e+02      0.000000000000000e+00
    1.228235387839578e+02      0.000000000000000e+00
    1.230583292074753e+02      0.000000000000000e+00
    1.232931196309928e+02      0.000000000000000e+00
    1.235279100545102e+02      0.000000000000000e+00
    1.237627004780277e+02      0.000000000000000e+00
    1.239974909015452e+02      0.000000000000000e+00
    1.242322813250626e+02      0.000000000000000e+00
    1.244670717485801e+02      0.000000000000000e+00
    1.247018621720976e+02      0.000000000000000e+00
    1.249366525956150e+02      0.000000000000000e+00
    1.251714430191325e+02      0.000000000000000e+00
    1.254062334426500e+02      0.000000000000000e+00
    1.256410238661674e+02      0.000000000000000e+00
    1.258758142896849e+02      0.000000000000000e+00
    1.261106047132024e+02      0.000000000000000e+00
    1.263453951367198e+02      0.000000000000000e+00
    1.265801855602373e+02      0.000000000000000e+00
    1.268149759837548e+02      0.000000000000000e+00
    1.270497664072722e+02      0.000000000000000e+00
    1.272845568307897e+02      0.000000000000000e+00
    1.275193472543072e+02      0.000000000000000e+00
    1.277541376778246e+02      0.000000000000000e+00
    1.279889281013421e+02      0.000000000000000e+00
    1.282237185248596e+02      0.000000000000000e+00
    1.284585089483770e+02      0.000000000000000e+00
    1.286932993718945e+02      0.000000000000000e+00
    1.289280897954120e+02      0.000000000000000e+00
    1.291628802189294e+02      0.000000000000000e+00
    1.293976706424469e+02      0.000000000000000e+00
    1.296324610659644e+02      0.000000000000000e+00
    1.298672514894818e+02      0.000000000000000e+00
    1.301020419129993e+02      0.000000000000000e+00
    1.303368323365168e+02      0.000000000000000e+00
    1.305716227600342e+02      0.000000000000000e+00
    1.308064131835517e+02      0.000000000000000e+00
    1.310412036070692e+02      7.218843208531454e-02
    1.312759940305866e+02      0.000000000000000e+00
    1.315107844541041e+02      0.000000000000000e+00
    1.317455748776216e+02      0.000000000000000e+00
    1.319803653011390e+02      0.000000000000000e+00
    1.322151557246565e+02      0.000000000000000e+00
    1.324499461481740e+02      0.000000000000000e+00
    1.326847365716915e+02      0.000000000000000e+00
    1.329195269952089e+02      0.000000000000000e+00
    1.331543174187264e+02      0.000000000000000e+00
    1.333891078422438e+02      0.000000000000000e+00
    1.336238982657613e+02      0.000000000000000e+00
    1.338586886892788e+02      0.000000000000000e+00
    1.340934791127963e+02      0.000000000000000e+00
    1.343282695363137e+02      0.000000000000000e+00
    1.345630599598312e+02      0.000000000000000e+00
    1.347978503833486e+02      0.000000000000000e+00
    1.350326408068661e+02      0.000000000000000e+00
    1.352674312303836e+02      0.000000000000000e+00
    1.355022216539011e+02      0.000000000000000e+00
    1.357370120774185e+02      0.000000000000000e+00
    1.359718025009360e+02      0.000000000000000e+00
    1.362065929244534e+02      0.000000000000000e+00
    1.364413833479709e+02      0.000000000000000e+00
    1.366761737714884e+02      0.000000000000000e+00
    1.369109641950059e+02      0.000000000000000e+00
    1.371457546185233e+02      0.000000000000000e+00
    1.373805450420408e+02      0.000000000000000e+00
    1.376153354655582e+02      0.000000000000000e+00
    1.378501258890757e+02      0.000000000000000e+00
    1.380849163125932e+02      0.000000000000000e+00
    1.383197067361107e+02      0.000000000000000e+00
    1.385544971596281e+02      0.000000000000000e+00
    1.387892875831456e+02      0.000000000000000e+00
    1.390240780066630e+02      0.000000000000000e+00
    1.392588684301805e+02      0.000000000000000e+00
    1.394936588536980e+02      0.000000000000000e+00
    1.397284492772155e+02      0.000000000000000e+00
    1.399632397007329e+02      0.000000000000000e+00
    1.401980301242504e+02      0.000000000000000e+00
    1.404328205477678e+02      0.000000000000000e+00
    1.406676109712853e+02      0.000000000000000e+00
    1.409024013948028e+02      0.000000000000000e+00
    1.411371918183203e+02      0.000000000000000e+00
    1.413719822418377e+02      0.000000000000000e+00
    1.416067726653552e+02      0.000000000000000e+00
    1.418415630888726e+02      0.000000000000000e+00
    1.420763535123901e+02      0.000000000000000e+00
    1.423111439359076e+02      0.000000000000000e+00
    1.425459343594251e+02      0.000000000000000e+00
    1.427807247829425e+02      0.000000000000000e+00
    1.430155152064600e+02      0.000000000000000e+00
    1.432503056299774e+02      0.000000000000000e+00
    1.434850960534949e+02      0.000000000000000e+00
    1.437198864770124e+02      0.000000000000000e+00
    1.439546769005299e+02      0.000000000000000e+00
    1.441894673240473e+02      0.000000000000000e+00
    1.444242577475648e+02      0.000000000000000e+00
    1.446590481710822e+02      0.000000000000000e+00
    1.448938385945997e+02      0.000000000000000e+00
    1.451286290181172e+02      0.000000000000000e+00
    1.453634194416347e+02      0.000000000000000e+00
    1.455982098651521e+02      0.000000000000000e+00
    1.458330002886696e+02      0.000000000000000e+00
    1.460677907121870e+02      0.000000000000000e+00
    1.463025811357045e+02      0.000000000000000e+00
    1.465373715592220e+02      0.000000000000000e+00
    1.467721619827395e+02      0.000000000000000e+00
    1.470069524062569e+02      0.000000000000000e+00
    1.472417428297744e+02      0.000000000000000e+00
    1.474765332532918e+02      0.000000000000000e+00
    1.477113236768093e+02      0.000000000000000e+00
    1.479461141003268e+02      0.000000000000000e+00
    1.481809045238443e+02      0.000000000000000e+00
    1.484156949473617e+02      0.000000000000000e+00
    1.486504853708792e+02      0.000000000000000e+00
    1.488852757943966e+02      0.000000000000000e+00
    1.491200662179141e+02      0.000000000000000e+00
    1.493548566414316e+02      0.000000000000000e+00
    1.495896470649491e+02      0.000000000000000e+00
    1.498244374884665e+02      0.000000000000000e+00
    1.500592279119840e+02      0.000000000000000e+00
    1.502940183355014e+02      0.000000000000000e+00
    1.505288087590189e+02      0.000000000000000e+00
    1.507635991825364e+02      0.000000000000000e+00
    1.509983896060539e+02      0.000000000000000e+00
    1.512331800295713e+02      0.000000000000000e+00
    1.514679704530888e+02      0.000000000000000e+00
    1.517027608766062e+02      0.000000000000000e+00
    1.519375513001237e+02      0.000000000000000e+00
    1.521723417236412e+02      0.000000000000000e+00
    1.524071321471587e+02      0.000000000000000e+00
    1.526419225706761e+02      0.000000000000000e+00
    1.528767129941936e+02      0.000000000000000e+00
    1.531115034177110e+02      0.000000000000000e+00
    1.533462938412285e+02      0.000000000000000e+00
    1.535810842647460e+02      0.000000000000000e+00
    1.538158746882635e+02      0.000000000000000e+00
    1.540506651117809e+02      0.000000000000000e+00
    1.542854555352984e+02      0.000000000000000e+00
    1.545202459588158e+02      0.000000000000000e+00
    1.547550363823333e+02      0.000000000000000e+00
    1.549898268058508e+02      0.000000000000000e+00
    1.552246172293683e+02      0.000000000000000e+00
    1.554594076528857e+02      0.000000000000000e+00
    1.556941980764032e+02      0.000000000000000e+00
    1.559289884999206e+02      0.000000000000000e+00
    1.561637789234381e+02      0.000000000000000e+00
    1.563985693469556e+02      0.000000000000000e+00
    1.566333597704731e+02      0.000000000000000e+00
    1.568681501939905e+02      0.000000000000000e+00
    1.571029406175080e+02      0.000000000000000e+00
    1.573377310410254e+02      0.000000000000000e+00
    1.575725214645429e+02      0.000000000000000e+00
    1.578073118880604e+02      0.000000000000000e+00
    1.580421023115779e+02      0.000000000000000e+00
    1.582768927350953e+02      0.000000000000000e+00
    1.585116831586128e+02      0.000000000000000e+00
    1.587464735821302e+02      0.000000000000000e+00
    1.589812640056477e+02      0.000000000000000e+00
    1.592160544291652e+02      0.000000000000000e+00
    1.594508448526827e+02      0.000000000000000e+00
    1.596856352762001e+02      0.000000000000000e+00
    1.599204256997176e+02      0.000000000000000e+00
    1.601552161232350e+02      0.000000000000000e+00
    1.603900065467525e+02      0.000000000000000e+00
    1.606247969702700e+02      0.000000000000000e+00
    1.608595873937875e+02      0.000000000000000e+00
    1.610943778173049e+02      0.000000000000000e+00
    1.613291682408224e+02      0.000000000000000e+00
    1.615639586643399e+02      0.000000000000000e+00
    1.617987490878573e+02      0.000000000000000e+00
    1.620335395113748e+02      0.000000000000000e+00
    1.622683299348923e+02      0.000000000000000e+00
    1.625031203584097e+02      0.000000000000000e+00
    1.627379107819272e+02      0.000000000000000e+00
    1.629727012054447e+02      0.000000000000000e+00
    1.632074916289621e+02      0.000000000000000e+00
    1.634422820524796e+02      0.000000000000000e+00
    1.636770724759971e+02      0.000000000000000e+00
    1.639118628995145e+02      0.000000000000000e+00
    1.641466533230320e+02      0.000000000000000e+00
    1.643814437465495e+02      0.000000000000000e+00
    1.646162341700669e+02      0.000000000000000e+00
    1.648510245935844e+02      0.000000000000000e+00
    1.650858150171019e+02      0.000000000000000e+00
    1.653206054406193e+02      0.000000000000000e+00
    1.655553958641368e+02      0.000000000000000e+00
    1.657901862876543e+02      0.000000000000000e+00
    1.660249767111717e+02      0.000000000000000e+00
    1.662597671346892e+02      0.000000000000000e+00
    1.664945575582067e+02      0.000000000000000e+00
    1.667293479817241e+02      0.000000000000000e+00
    1.669641384052416e+02      0.000000000000000e+00
    1.671989288287591e+02      0.000000000000000e+00
    1.674337192522765e+02      0.000000000000000e+00
    1.676685096757940e+02      0.000000000000000e+00
    1.679033000993115e+02      0.000000000000000e+00
    1.681380905228289e+02      0.000000000000000e+00
    1.683728809463464e+02      0.000000000000000e+00
    1.686076713698639e+02      0.000000000000000e+00
    1.688424617933813e+02      0.000000000000000e+00
    1.690772522168988e+02      0.000000000000000e+00
    1.693120426404163e+02      0.000000000000000e+00
    1.695468330639337e+02      0.000000000000000e+00
    1.697816234874512e+02      0.000000000000000e+00
    1.700164139109687e+02      0.000000000000000e+00
    1.702512043344861e+02      0.000000000000000e+00
    1.704859947580036e+02      0.000000000000000e+00
    1.707207851815211e+02      0.000000000000000e+00
    1.709555756050385e+02      0.000000000000000e+00
    1.711903660285560e+02      0.000000000000000e+00
    1.714251564520735e+02      0.000000000000000e+00
    1.716599468755909e+02      0.000000000000000e+00
    1.718947372991084e+02      0.000000000000000e+00
    1.721295277226259e+02      0.000000000000000e+00
    1.723643181461433e+02      0.000000000000000e+00
    1.725991085696608e+02      0.000000000000000e+00
    1.728338989931783e+02      0.000000000000000e+00
    1.730686894166957e+02      0.000000000000000e+00
    1.733034798402132e+02      0.000000000000000e+00
    1.735382702637307e+02      0.000000000000000e+00
    1.737730606872481e+02      0.000000000000000e+00
    1.740078511107656e+02      0.000000000000000e+00
    1.742426415342831e+02      0.000000000000000e+00
    1.744774319578005e+02      0.000000000000000e+00
    1.747122223813180e+02      0.000000000000000e+00
    1.749470128048355e+02      0.000000000000000e+00
    1.751818032283529e+02      0.000000000000000e+00
    1.754165936518704e+02      0.000000000000000e+00
    1.756513840753879e+02      0.000000000000000e+00
    1.758861744989053e+02      0.000000000000000e+00
    1.761209649224228e+02      0.000000000000000e+00
    1.763557553459403e+02      0.000000000000000e+00
    1.765905457694577e+02      0.000000000000000e+00
    1.768253361929752e+02      0.000000000000000e+00
    1.770601266164927e+02      0.000000000000000e+00
    1.772949170400101e+02      0.000000000000000e+00
    1.775297074635276e+02      0.000000000000000e+00
    1.777644978870451e+02      0.000000000000000e+00
    1.779992883105625e+02      0.000000000000000e+00
    1.782340787340800e+02      0.000000000000000e+00
    1.784688691575975e+02      0.000000000000000e+00
    1.787036595811149e+02      0.000000000000000e+00
    1.789384500046324e+02      0.000000000000000e+00
    1.791732404281499e+02      0.000000000000000e+00
    1.794080308516673e+02      0.000000000000000e+00
    1.796428212751848e+02      0.000000000000000e+00
    1.798776116987023e+02      0.000000000000000e+00
    1.801124021222197e+02      0.000000000000000e+00
    1.803471925457372e+02      0.000000000000000e+00
    1.805819829692547e+02      0.000000000000000e+00
    1.808167733927721e+02      0.000000000000000e+00
    1.810515638162896e+02      0.000000000000000e+00
    1.812863542398071e+02      0.000000000000000e+00
    1.815211446633245e+02      0.000000000000000e+00
    1.817559350868420e+02      0.000000000000000e+00
    1.819907255103595e+02      0.000000000000000e+00
    1.822255159338769e+02      0.000000000000000e+00
    1.824603063573944e+02      0.000000000000000e+00
    1.826950967809119e+02      0.000000000000000e+00
    1.829298872044293e+02      0.000000000000000e+00
    1.831646776279468e+02      0.000000000000000e+00
    1.833994680514643e+02      0.000000000000000e+00
    1.836342584749817e+02      0.000000000000000e+00
    1.838690488984992e+02      0.000000000000000e+00
    1.841038393220167e+02      0.000000000000000e+00
    1.843386297455341e+02      0.000000000000000e+00
    1.845734201690516e+02      0.000000000000000e+00
    1.848082105925691e+02      0.000000000000000e+00
    1.850430010160865e+02      0.000000000000000e+00
    1.852777914396040e+02      0.000000000000000e+00
    1.855125818631215e+02      0.000000000000000e+00
    1.857473722866389e+02      0.000000000000000e+00
    1.859821627101564e+02      0.000000000000000e+00
    1.862169531336739e+02      0.000000000000000e+00
    1.864517435571913e+02      0.000000000000000e+00
    1.866865339807088e+02      0.000000000000000e+00
    1.869213244042263e+02      0.000000000000000e+00
    1.871561148277437e+02      0.000000000000000e+00
    1.873909052512612e+02      0.000000000000000e+00
    1.876256956747787e+02      0.000000000000000e+00
    1.878604860982961e+02      0.000000000000000e+00
    1.880952765218136e+02      0.000000000000000e+00
    1.883300669453311e+02      0.000000000000000e+00
    1.885648573688485e+02      0.000000000000000e+00
    1.887996477923660e+02      0.000000000000000e+00
    1.890344382158835e+02      0.000000000000000e+00
    1.892692286394009e+02      0.000000000000000e+00
    1.895040190629184e+02      0.000000000000000e+00
    1.897388094864359e+02      0.000000000000000e+00
    1.899735999099534e+02      0.000000000000000e+00
    1.902083903334708e+02      0.000000000000000e+00
    1.904431807569883e+02      0.000000000000000e+00
    1.906779711805057e+02      0.000000000000000e+00
    1.909127616040232e+02      0.000000000000000e+00
    1.911475520275407e+02      0.000000000000000e+00
    1.913823424510582e+02      0.000000000000000e+00
    1.916171328745756e+02      0.000000000000000e+00
    1.918519232980931e+02      0.000000000000000e+00
    1.920867137216105e+02      0.000000000000000e+00
    1.923215041451280e+02      0.000000000000000e+00
    1.925562945686455e+02      0.000000000000000e+00
    1.927910849921630e+02      0.000000000000000e+00
    1.930258754156804e+02      0.000000000000000e+00
    1.932606658391979e+02      0.000000000000000e+00
    1.934954562627153e+02      0.000000000000000e+00
    1.937302466862328e+02      0.000000000000000e+00
    1.939650371097503e+02      0.000000000000000e+00
    1.941998275332678e+02      0.000000000000000e+00
    1.944346179567852e+02      0.000000000000000e+00
    1.946694083803027e+02      0.000000000000000e+00
    1.949041988038201e+02      0.000000000000000e+00
    1.951389892273376e+02      0.000000000000000e+00
    1.953737796508551e+02      0.000000000000000e+00
    1.956085700743726e+02      0.000000000000000e+00
    1.958433604978900e+02      0.000000000000000e+00
    1.960781509214075e+02      0.000000000000000e+00
    1.963129413449249e+02      0.000000000000000e+00
    1.965477317684424e+02      0.000000000000000e+00
    1.967825221919599e+02      0.000000000000000e+00
    1.970173126154774e+02      0.000000000000000e+00
    1.972521030389948e+02      0.000000000000000e+00
    1.974868934625123e+02      0.000000000000000e+00
    1.977216838860297e+02      0.000000000000000e+00
    1.979564743095472e+02      0.000000000000000e+00
    1.981912647330647e+02      0.000000000000000e+00
    1.984260551565822e+02      0.000000000000000e+00
    1.986608455800996e+02      0.000000000000000e+00
    1.988956360036171e+02      0.000000000000000e+00
    1.991304264271345e+02      0.000000000000000e+00
    1.993652168506520e+02      0.000000000000000e+00
    1.996000072741695e+02      0.000000000000000e+00
    1.998347976976870e+02      0.000000000000000e+00
    2.000695881212044e+02      0.000000000000000e+00
    2.003043785447219e+02      0.000000000000000e+00
    2.005391689682393e+02      0.000000000000000e+00
    2.007739593917568e+02      0.000000000000000e+00
    2.010087498152743e+02      0.000000000000000e+00
    2.012435402387918e+02      0.000000000000000e+00
    2.014783306623092e+02      0.000000000000000e+00
    2.017131210858267e+02      0.000000000000000e+00
    2.019479115093441e+02      0.000000000000000e+00
    2.021827019328616e+02      0.000000000000000e+00
    2.024174923563791e+02      0.000000000000000e+00
    2.026522827798966e+02      0.000000000000000e+00
    2.028870732034140e+02      0.000000000000000e+00
    2.031218636269315e+02      0.000000000000000e+00
    2.033566540504489e+02      0.000000000000000e+00
    2.035914444739664e+02      0.000000000000000e+00
    2.038262348974839e+02      0.000000000000000e+00
    2.040610253210014e+02      1.443768641706465e-01
    2.042958157445188e+02      0.000000000000000e+00
    2.045306061680363e+02      0.000000000000000e+00
    2.047653965915537e+02      0.000000000000000e+00
    2.050001870150712e+02      0.000000000000000e+00
    2.052349774385887e+02      0.000000000000000e+00
    2.054697678621062e+02      0.000000000000000e+00
    2.057045582856236e+02      0.000000000000000e+00
    2.059393487091411e+02      0.000000000000000e+00
    2.061741391326585e+02      0.000000000000000e+00
    2.064089295561760e+02      0.000000000000000e+00
    2.066437199796935e+02      0.000000000000000e+00
    2.068785104032110e+02      0.000000000000000e+00
    2.071133008267284e+02      0.000000000000000e+00
    2.073480912502459e+02      0.000000000000000e+00
    2.075828816737633e+02      0.000000000000000e+00
    2.078176720972808e+02      0.000000000000000e+00
    2.080524625207983e+02      0.000000000000000e+00
    2.082872529443158e+02      0.000000000000000e+00
    2.085220433678332e+02      0.000000000000000e+00
    2.087568337913507e+02      0.000000000000000e+00
    2.089916242148681e+02      0.000000000000000e+00
    2.092264146383856e+02      0.000000000000000e+00
    2.094612050619031e+02      0.000000000000000e+00
    2.096959954854206e+02      0.000000000000000e+00
    2.099307859089380e+02      0.000000000000000e+00
    2.101655763324555e+02      0.000000000000000e+00
    2.104003667559729e+02      0.000000000000000e+00
    2.106351571794904e+02      0.000000000000000e+00
    2.108699476030079e+02      0.000000000000000e+00
    2.111047380265254e+02      0.000000000000000e+00
    2.113395284500428e+02      0.000000000000000e+00
    2.115743188735603e+02      0.000000000000000e+00
    2.118091092970777e+02      0.000000000000000e+00
    2.120438997205952e+02      0.000000000000000e+00
    2.122786901441127e+02      0.000000000000000e+00
    2.125134805676302e+02      0.000000000000000e+00
    2.127482709911476e+02      0.000000000000000e+00
    2.129830614146651e+02      0.000000000000000e+00
    2.132178518381825e+02      0.000000000000000e+00
    2.134526422617000e+02      0.000000000000000e+00
    2.136874326852175e+02      0.000000000000000e+00
    2.139222231087350e+02      0.000000000000000e+00
    2.141570135322524e+02      0.000000000000000e+00
    2.143918039557699e+02      0.000000000000000e+00
    2.146265943792873e+02      0.000000000000000e+00
    2.148613848028048e+02      0.000000000000000e+00
    2.150961752263223e+02      0.000000000000000e+00
    2.153309656498398e+02      0.000000000000000e+00
    2.155657560733572e+02      0.000000000000000e+00
    2.158005464968747e+02      0.000000000000000e+00
    2.160353369203921e+02      0.000000000000000e+00
    2.162701273439096e+02      0.000000000000000e+00
    2.165049177674271e+02      0.000000000000000e+00
    2.167397081909446e+02      0.000000000000000e+00
    2.169744986144620e+02      0.000000000000000e+00
    2.172092890379795e+02      0.000000000000000e+00
    2.174440794614969e+02      0.000000000000000e+00
    2.176788698850144e+02      0.000000000000000e+00
    2.179136603085319e+02      0.000000000000000e+00
    2.181484507320494e+02      0.000000000000000e+00
    2.183832411555668e+02      0.000000000000000e+00
    2.186180315790843e+02      0.000000000000000e+00
    2.188528220026017e+02      0.000000000000000e+00
    2.190876124261192e+02      0.000000000000000e+00
    2.193224028496367e+02      0.000000000000000e+00
    2.195571932731542e+02      0.000000000000000e+00
    2.197919836966716e+02      0.000000000000000e+00
    2.200267741201891e+02      0.000000000000000e+00
    2.202615645437065e+02      0.000000000000000e+00
    2.204963549672240e+02      0.000000000000000e+00
    2.207311453907415e+02      0.000000000000000e+00
    2.209659358142590e+02      0.000000000000000e+00
    2.212007262377764e+02      0.000000000000000e+00
    2.214355166612939e+02      0.000000000000000e+00
    2.216703070848113e+02      0.000000000000000e+00
    2.219050975083288e+02      0.000000000000000e+00
    2.221398879318463e+02      0.000000000000000e+00
    2.223746783553638e+02      0.000000000000000e+00
    2.226094687788813e+02      0.000000000000000e+00
    2.228442592023987e+02      0.000000000000000e+00
    2.230790496259162e+02      0.000000000000000e+00
    2.233138400494336e+02      0.000000000000000e+00
    2.235486304729511e+02      0.000000000000000e+00
    2.237834208964686e+02      0.000000000000000e+00
    2.240182113199861e+02      0.000000000000000e+00
    2.242530017435035e+02      0.000000000000000e+00
    2.244877921670210e+02      0.000000000000000e+00
    2.247225825905384e+02      0.000000000000000e+00
    2.249573730140559e+02      0.000000000000000e+00
    2.251921634375734e+02      0.000000000000000e+00
    2.254269538610909e+02      0.000000000000000e+00
    2.256617442846083e+02      0.000000000000000e+00
    2.258965347081258e+02      0.000000000000000e+00
    2.261313251316432e+02      0.000000000000000e+00
    2.263661155551607e+02      0.000000000000000e+00
    2.266009059786782e+02      0.000000000000000e+00
    2.268356964021957e+02      0.000000000000000e+00
    2.270704868257131e+02      0.000000000000000e+00
    2.273052772492306e+02      0.000000000000000e+00
    2.275400676727480e+02      0.000000000000000e+00
    2.277748580962655e+02      0.000000000000000e+00
    2.280096485197830e+02      0.000000000000000e+00
    2.282444389433005e+02      0.000000000000000e+00
    2.284792293668179e+02      0.000000000000000e+00
    2.287140197903354e+02      0.000000000000000e+00
    2.289488102138528e+02      0.000000000000000e+00
    2.291836006373703e+02      0.000000000000000e+00
    2.294183910608878e+02      0.000000000000000e+00
    2.296531814844053e+02      0.000000000000000e+00
    2.298879719079227e+02      0.000000000000000e+00
    2.301227623314402e+02      0.000000000000000e+00
    2.303575527549576e+02      0.000000000000000e+00
    2.305923431784751e+02      0.000000000000000e+00
    2.308271336019926e+02      0.000000000000000e+00
    2.310619240255101e+02      0.000000000000000e+00
    2.312967144490275e+02      0.000000000000000e+00
    2.315315048725450e+02      0.000000000000000e+00
    2.317662952960624e+02      0.000000000000000e+00
    2.320010857195799e+02      0.000000000000000e+00
    2.322358761430974e+02      0.000000000000000e+00
    2.324706665666149e+02      0.000000000000000e+00
    2.327054569901323e+02      0.000000000000000e+00
    2.329402474136498e+02      0.000000000000000e+00
    2.331750378371672e+02      0.000000000000000e+00
    2.334098282606847e+02      0.000000000000000e+00
    2.336446186842022e+02      0.000000000000000e+00
    2.338794091077197e+02      0.000000000000000e+00
    2.341141995312371e+02      0.000000000000000e+00
    2.343489899547546e+02      0.000000000000000e+00
    2.345837803782720e+02      0.000000000000000e+00
    2.348185708017895e+02      0.000000000000000e+00
    2.350533612253070e+02      0.000000000000000e+00
    2.352881516488245e+02      0.000000000000000e+00
    2.355229420723419e+02      0.000000000000000e+00
    2.357577324958594e+02      0.000000000000000e+00
    2.359925229193768e+02      0.000000000000000e+00
    2.362273133428943e+02      0.000000000000000e+00
    2.364621037664118e+02      0.000000000000000e+00
    2.366968941899293e+02      0.000000000000000e+00
    2.369316846134467e+02      0.000000000000000e+00
    2.371664750369642e+02      0.000000000000000e+00
    2.374012654604816e+02      0.000000000000000e+00
    2.376360558839991e+02      0.000000000000000e+00
    2.378708463075166e+02      0.000000000000000e+00
    2.381056367310341e+02      0.000000000000000e+00
    2.383404271545515e+02      0.000000000000000e+00
    2.385752175780690e+02      0.000000000000000e+00
    2.388100080015864e+02      0.000000000000000e+00
    2.390447984251039e+02      0.000000000000000e+00
    2.392795888486214e+02      0.000000000000000e+00
    2.395143792721389e+02      0.000000000000000e+00
    2.397491696956563e+02      0.000000000000000e+00
    2.399839601191738e+02      0.000000000000000e+00
    2.402187505426912e+02      0.000000000000000e+00
    2.404535409662087e+02      0.000000000000000e+00
    2.406883313897262e+02      0.000000000000000e+00
    2.409231218132437e+02      0.000000000000000e+00
    2.411579122367611e+02      0.000000000000000e+00
    2.413927026602786e+02      0.000000000000000e+00
    2.416274930837960e+02      0.000000000000000e+00
    2.418622835073135e+02      0.000000000000000e+00
    2.420970739308310e+02      0.000000000000000e+00
    2.423318643543485e+02      0.000000000000000e+00
    2.425666547778659e+02      0.000000000000000e+00
    2.428014452013834e+02      0.000000000000000e+00
    2.430362356249008e+02      0.000000000000000e+00
    2.432710260484183e+02      0.000000000000000e+00
    2.435058164719358e+02      0.000000000000000e+00
    2.437406068954533e+02      0.000000000000000e+00
    2.439753973189707e+02      0.000000000000000e+00
    2.442101877424882e+02      0.000000000000000e+00
    2.444449781660056e+02      0.000000000000000e+00
    2.446797685895231e+02      0.000000000000000e+00
    2.449145590130406e+02      0.000000000000000e+00
    2.451493494365581e+02      0.000000000000000e+00
    2.453841398600755e+02      0.000000000000000e+00
    2.456189302835930e+02      0.000000000000000e+00
    2.458537207071104e+02      0.000000000000000e+00
    2.460885111306279e+02      0.000000000000000e+00
    2.463233015541454e+02      0.000000000000000e+00
    2.465580919776629e+02      0.000000000000000e+00
    2.467928824011803e+02      0.000000000000000e+00
    2.470276728246978e+02      0.000000000000000e+00
    2.472624632482152e+02      0.000000000000000e+00
    2.474972536717327e+02      0.000000000000000e+00
    2.477320440952502e+02      0.000000000000000e+00
    2.479668345187677e+02      0.000000000000000e+00
    2.482016249422851e+02      0.000000000000000e+00
    2.484364153658026e+02      0.000000000000000e+00
    2.486712057893200e+02      0.000000000000000e+00
    2.489059962128375e+02      0.000000000000000e+00
    2.491407866363550e+02      0.000000000000000e+00
    2.493755770598725e+02      0.000000000000000e+00
    2.496103674833899e+02      0.000000000000000e+00
    2.498451579069074e+02      0.000000000000000e+00
    2.500799483304248e+02      0.000000000000000e+00
    2.503147387539423e+02      0.000000000000000e+00
    2.505495291774598e+02      0.000000000000000e+00
    2.507843196009773e+02      0.000000000000000e+00
    2.510191100244947e+02      0.000000000000000e+00
    2.512539004480122e+02      0.000000000000000e+00
    2.514886908715296e+02      0.000000000000000e+00
    2.517234812950471e+02      0.000000000000000e+00
    2.519582717185646e+02      0.000000000000000e+00
    2.521930621420821e+02      0.000000000000000e+00
    2.524278525655995e+02      0.000000000000000e+00
    2.526626429891170e+02      0.000000000000000e+00
    2.528974334126344e+02      0.000000000000000e+00
    2.531322238361519e+02      0.000000000000000e+00
    2.533670142596694e+02      0.000000000000000e+00
    2.536018046831869e+02      0.000000000000000e+00
    2.538365951067043e+02      0.000000000000000e+00
    2.540713855302218e+02      0.000000000000000e+00
    2.543061759537392e+02      0.000000000000000e+00
    2.545409663772567e+02      0.000000000000000e+00
    2.547757568007742e+02      0.000000000000000e+00
    2.550105472242917e+02      0.000000000000000e+00
    2.552453376478091e+02      0.000000000000000e+00
    2.554801280713266e+02      0.000000000000000e+00
    2.557149184948440e+02      0.000000000000000e+00
    2.559497089183615e+02      0.000000000000000e+00
    2.561844993418790e+02      0.000000000000000e+00
    2.564192897653965e+02      0.000000000000000e+00
    2.566540801889139e+02      0.000000000000000e+00
    2.568888706124314e+02      0.000000000000000e+00
    2.571236610359488e+02      0.000000000000000e+00
    2.573584514594663e+02      0.000000000000000e+00
    2.575932418829838e+02      0.000000000000000e+00
    2.578280323065013e+02      0.000000000000000e+00
    2.580628227300187e+02      0.000000000000000e+00
    2.582976131535362e+02      0.000000000000000e+00
    2.585324035770536e+02      0.000000000000000e+00
    2.587671940005711e+02      0.000000000000000e+00
    2.590019844240886e+02      0.000000000000000e+00
    2.592367748476061e+02      0.000000000000000e+00
    2.594715652711235e+02      0.000000000000000e+00
    2.597063556946410e+02      0.000000000000000e+00
    2.599411461181584e+02      0.000000000000000e+00
    2.601759365416759e+02      0.000000000000000e+00
    2.604107269651934e+02      0.000000000000000e+00
    2.606455173887109e+02      0.000000000000000e+00
    2.608803078122283e+02      0.000000000000000e+00
    2.611150982357458e+02      0.000000000000000e+00
    2.613498886592632e+02      0.000000000000000e+00
    2.615846790827807e+02      0.000000000000000e+00
    2.618194695062982e+02      0.000000000000000e+00
    2.620542599298157e+02      0.000000000000000e+00
    2.622890503533331e+02      0.000000000000000e+00
    2.625238407768506e+02      0.000000000000000e+00
    2.627586312003680e+02      0.000000000000000e+00
    2.629934216238855e+02      0.000000000000000e+00
    2.632282120474030e+02      0.000000000000000e+00
    2.634630024709205e+02      0.000000000000000e+00
    2.636977928944379e+02      0.000000000000000e+00
    2.639325833179554e+02      0.000000000000000e+00
    2.641673737414728e+02      0.000000000000000e+00
    2.644021641649903e+02      0.000000000000000e+00
    2.646369545885078e+02      0.000000000000000e+00
    2.648717450120253e+02      0.000000000000000e+00
    2.651065354355427e+02      0.000000000000000e+00
    2.653413258590602e+02      0.000000000000000e+00
    2.655761162825776e+02      0.000000000000000e+00
    2.658109067060951e+02      0.000000000000000e+00
    2.660456971296126e+02      0.000000000000000e+00
    2.662804875531301e+02      0.000000000000000e+00
    2.665152779766475e+02      0.000000000000000e+00
    2.667500684001650e+02      0.000000000000000e+00
    2.669848588236824e+02      0.000000000000000e+00
    2.672196492471999e+02      0.000000000000000e+00
    2.674544396707174e+02      0.000000000000000e+00
    2.676892300942349e+02      0.000000000000000e+00
    2.679240205177523e+02      0.000000000000000e+00
    2.681588109412698e+02      0.000000000000000e+00
    2.683936013647872e+02      0.000000000000000e+00
    2.686283917883047e+02      0.000000000000000e+00
    2.688631822118222e+02      0.000000000000000e+00
    2.690979726353397e+02      0.000000000000000e+00
    2.693327630588571e+02      0.000000000000000e+00
    2.695675534823746e+02      0.000000000000000e+00
    2.698023439058920e+02      0.000000000000000e+00
    2.700371343294095e+02      0.000000000000000e+00
    2.702719247529270e+02      0.000000000000000e+00
    2.705067151764445e+02      0.000000000000000e+00
    2.707415055999619e+02      0.000000000000000e+00
    2.709762960234794e+02      0.000000000000000e+00
    2.712110864469968e+02      0.000000000000000e+00
    2.714458768705143e+02      0.000000000000000e+00
    2.716806672940318e+02      0.000000000000000e+00
    2.719154577175493e+02      0.000000000000000e+00
    2.721502481410667e+02      0.000000000000000e+00
    2.723850385645842e+02      0.000000000000000e+00
    2.726198289881016e+02      0.000000000000000e+00
    2.728546194116191e+02      0.000000000000000e+00
    2.730894098351366e+02      0.000000000000000e+00
    2.733242002586541e+02      0.000000000000000e+00
    2.735589906821715e+02      0.000000000000000e+00
    2.737937811056890e+02      0.000000000000000e+00
    2.740285715292064e+02      0.000000000000000e+00
    2.742633619527239e+02      0.000000000000000e+00
    2.744981523762414e+02      0.000000000000000e+00
    2.747329427997589e+02      0.000000000000000e+00
    2.749677332232763e+02      0.000000000000000e+00
    2.752025236467938e+02      0.000000000000000e+00
    2.754373140703112e+02      0.000000000000000e+00
    2.756721044938287e+02      0.000000000000000e+00
    2.759068949173462e+02      0.000000000000000e+00
    2.761416853408637e+02      0.000000000000000e+00
    2.763764757643811e+02      0.000000000000000e+00
    2.766112661878986e+02      0.000000000000000e+00
    2.768460566114160e+02      7.218843208530579e-02
