                     bin:                     prob.:
    1.380984485558499e+01      5.085827181856600e+00
    1.381317748013874e+01      0.000000000000000e+00
    1.381651010469248e+01      0.000000000000000e+00
    1.381984272924623e+01      0.000000000000000e+00
    1.382317535379998e+01      0.000000000000000e+00
    1.382650797835372e+01      0.000000000000000e+00
    1.382984060290747e+01      0.000000000000000e+00
    1.383317322746122e+01      0.000000000000000e+00
    1.383650585201496e+01      0.000000000000000e+00
    1.383983847656871e+01      0.000000000000000e+00
    1.384317110112246e+01      0.000000000000000e+00
    1.384650372567620e+01      0.000000000000000e+00
    1.384983635022995e+01      0.000000000000000e+00
    1.385316897478370e+01      0.000000000000000e+00
    1.385650159933745e+01      0.000000000000000e+00
    1.385983422389119e+01      0.000000000000000e+00
    1.386316684844494e+01      0.000000000000000e+00
    1.386649947299868e+01      0.000000000000000e+00
    1.386983209755243e+01      0.000000000000000e+00
    1.387316472210618e+01      0.000000000000000e+00
    1.387649734665993e+01      0.000000000000000e+00
    1.387982997121367e+01      0.000000000000000e+00
    1.388316259576742e+01      0.000000000000000e+00
    1.388649522032117e+01      0.000000000000000e+00
    1.388982784487491e+01      0.000000000000000e+00
    1.389316046942866e+01      0.000000000000000e+00
    1.389649309398241e+01      0.000000000000000e+00
    1.389982571853615e+01      0.000000000000000e+00
    1.390315834308990e+01      0.000000000000000e+00
    1.390649096764365e+01      0.000000000000000e+00
    1.390982359219739e+01      0.000000000000000e+00
    1.391315621675114e+01      0.000000000000000e+00
    1.391648884130489e+01      0.000000000000000e+00
    1.391982146585864e+01      1.017165436371862e+01
    1.392315409041238e+01      0.000000000000000e+00
    1.392648671496613e+01      0.000000000000000e+00
    1.392981933951988e+01      0.000000000000000e+00
    1.393315196407362e+01      0.000000000000000e+00
    1.393648458862737e+01      0.000000000000000e+00
    1.393981721318112e+01      0.000000000000000e+00
    1.394314983773486e+01      0.000000000000000e+00
    1.394648246228861e+01      0.000000000000000e+00
    1.394981508684236e+01      0.000000000000000e+00
    1.395314771139610e+01      0.000000000000000e+00
    1.395648033594985e+01      0.000000000000000e+00
    1.395981296050360e+01      0.000000000000000e+00
    1.396314558505735e+01      0.000000000000000e+00
    1.396647820961109e+01      0.000000000000000e+00
    1.396981083416484e+01      0.000000000000000e+00
    1.397314345871859e+01      0.000000000000000e+00
    1.397647608327233e+01      0.000000000000000e+00
    1.397980870782608e+01      0.000000000000000e+00
    1.398314133237983e+01      0.000000000000000e+00
    1.398647395693357e+01      0.000000000000000e+00
    1.398980658148732e+01      0.000000000000000e+00
    1.399313920604107e+01      0.000000000000000e+00
    1.399647183059481e+01      0.000000000000000e+00
    1.399980445514856e+01      0.000000000000000e+00
    1.400313707970231e+01      0.000000000000000e+00
    1.400646970425606e+01      0.000000000000000e+00
    1.400980232880980e+01      0.000000000000000e+00
    1.401313495336355e+01      0.000000000000000e+00
    1.401646757791730e+01      0.000000000000000e+00
    1.401980020247104e+01      0.000000000000000e+00
    1.402313282702479e+01      0.000000000000000e+00
    1.402646545157854e+01      0.000000000000000e+00
    1.402979807613228e+01      5.085827181859312e+00
    1.403313070068603e+01      0.000000000000000e+00
    1.403646332523978e+01      0.000000000000000e+00
    1.403979594979352e+01      0.000000000000000e+00
    1.404312857434727e+01      0.000000000000000e+00
    1.404646119890102e+01      0.000000000000000e+00
    1.404979382345477e+01      0.000000000000000e+00
    1.405312644800851e+01      0.000000000000000e+00
    1.405645907256226e+01      0.000000000000000e+00
    1.405979169711601e+01      0.000000000000000e+00
    1.406312432166975e+01      0.000000000000000e+00
    1.406645694622350e+01      0.000000000000000e+00
    1.406978957077725e+01      0.000000000000000e+00
    1.407312219533099e+01      0.000000000000000e+00
    1.407645481988474e+01      0.000000000000000e+00
    1.407978744443849e+01      0.000000000000000e+00
    1.408312006899223e+01      0.000000000000000e+00
    1.408645269354598e+01      0.000000000000000e+00
    1.408978531809973e+01      0.000000000000000e+00
    1.409311794265347e+01      0.000000000000000e+00
    1.409645056720722e+01      0.000000000000000e+00
    1.409978319176097e+01      0.000000000000000e+00
    1.410311581631472e+01      0.000000000000000e+00
    1.410644844086846e+01      0.000000000000000e+00
    1.410978106542221e+01      0.000000000000000e+00
    1.411311368997596e+01      0.000000000000000e+00
    1.411644631452970e+01      0.000000000000000e+00
    1.411977893908345e+01      0.000000000000000e+00
    1.412311156363720e+01      0.000000000000000e+00
    1.412644418819094e+01      0.000000000000000e+00
    1.412977681274469e+01      0.000000000000000e+00
    1.413310943729844e+01      0.000000000000000e+00
    1.413644206185218e+01      0.000000000000000e+00
    1.413977468640593e+01      1.525748154557794e+01
    1.414310731095968e+01      0.000000000000000e+00
    1.414643993551343e+01      0.000000000000000e+00
    1.414977256006717e+01      0.000000000000000e+00
    1.415310518462092e+01      0.000000000000000e+00
    1.415643780917467e+01      0.000000000000000e+00
    1.415977043372841e+01      0.000000000000000e+00
    1.416310305828216e+01      0.000000000000000e+00
    1.416643568283591e+01      0.000000000000000e+00
    1.416976830738965e+01      0.000000000000000e+00
    1.417310093194340e+01      0.000000000000000e+00
    1.417643355649715e+01      0.000000000000000e+00
    1.417976618105089e+01      0.000000000000000e+00
    1.418309880560464e+01      0.000000000000000e+00
    1.418643143015839e+01      0.000000000000000e+00
    1.418976405471214e+01      0.000000000000000e+00
    1.419309667926588e+01      0.000000000000000e+00
    1.419642930381963e+01      0.000000000000000e+00
    1.419976192837338e+01      0.000000000000000e+00
    1.420309455292712e+01      0.000000000000000e+00
    1.420642717748087e+01      0.000000000000000e+00
    1.420975980203462e+01      0.000000000000000e+00
    1.421309242658836e+01      0.000000000000000e+00
    1.421642505114211e+01      0.000000000000000e+00
    1.421975767569586e+01      0.000000000000000e+00
    1.422309030024960e+01      0.000000000000000e+00
    1.422642292480335e+01      0.000000000000000e+00
    1.422975554935710e+01      0.000000000000000e+00
    1.423308817391085e+01      0.000000000000000e+00
    1.423642079846459e+01      0.000000000000000e+00
    1.423975342301834e+01      0.000000000000000e+00
    1.424308604757208e+01      0.000000000000000e+00
    1.424641867212583e+01      0.000000000000000e+00
    1.424975129667958e+01      0.000000000000000e+00
    1.425308392123333e+01      5.085827181856600e+00
    1.425641654578707e+01      0.000000000000000e+00
    1.425974917034082e+01      0.000000000000000e+00
    1.426308179489457e+01      0.000000000000000e+00
    1.426641441944831e+01      0.000000000000000e+00
    1.426974704400206e+01      0.000000000000000e+00
    1.427307966855581e+01      0.000000000000000e+00
    1.427641229310955e+01      0.000000000000000e+00
    1.427974491766330e+01      0.000000000000000e+00
    1.428307754221705e+01      0.000000000000000e+00
    1.428641016677080e+01      0.000000000000000e+00
    1.428974279132454e+01      0.000000000000000e+00
    1.429307541587829e+01      0.000000000000000e+00
    1.429640804043204e+01      0.000000000000000e+00
    1.429974066498578e+01      0.000000000000000e+00
    1.430307328953953e+01      0.000000000000000e+00
    1.430640591409328e+01      0.000000000000000e+00
    1.430973853864702e+01      0.000000000000000e+00
    1.431307116320077e+01      0.000000000000000e+00
    1.431640378775452e+01      0.000000000000000e+00
    1.431973641230826e+01      0.000000000000000e+00
    1.432306903686201e+01      0.000000000000000e+00
    1.432640166141576e+01      0.000000000000000e+00
    1.432973428596951e+01      0.000000000000000e+00
    1.433306691052325e+01      0.000000000000000e+00
    1.433639953507700e+01      0.000000000000000e+00
    1.433973215963075e+01      0.000000000000000e+00
    1.434306478418449e+01      0.000000000000000e+00
    1.434639740873824e+01      0.000000000000000e+00
    1.434973003329199e+01      0.000000000000000e+00
    1.435306265784573e+01      0.000000000000000e+00
    1.435639528239948e+01      0.000000000000000e+00
    1.435972790695323e+01      0.000000000000000e+00
    1.436306053150697e+01      1.017165436371862e+01
    1.436639315606072e+01      0.000000000000000e+00
    1.436972578061447e+01      0.000000000000000e+00
    1.437305840516822e+01      0.000000000000000e+00
    1.437639102972196e+01      0.000000000000000e+00
    1.437972365427571e+01      0.000000000000000e+00
    1.438305627882946e+01      0.000000000000000e+00
    1.438638890338320e+01      0.000000000000000e+00
    1.438972152793695e+01      0.000000000000000e+00
    1.439305415249070e+01      0.000000000000000e+00
    1.439638677704444e+01      0.000000000000000e+00
    1.439971940159819e+01      0.000000000000000e+00
    1.440305202615194e+01      0.000000000000000e+00
    1.440638465070568e+01      0.000000000000000e+00
    1.440971727525943e+01      0.000000000000000e+00
    1.441304989981318e+01      0.000000000000000e+00
    1.441638252436693e+01      0.000000000000000e+00
    1.441971514892067e+01      0.000000000000000e+00
    1.442304777347442e+01      0.000000000000000e+00
    1.442638039802817e+01      0.000000000000000e+00
    1.442971302258191e+01      0.000000000000000e+00
    1.443304564713566e+01      0.000000000000000e+00
    1.443637827168941e+01      0.000000000000000e+00
    1.443971089624315e+01      0.000000000000000e+00
    1.444304352079690e+01      0.000000000000000e+00
    1.444637614535065e+01      0.000000000000000e+00
    1.444970876990439e+01      0.000000000000000e+00
    1.445304139445814e+01      0.000000000000000e+00
    1.445637401901189e+01      0.000000000000000e+00
    1.445970664356564e+01      0.000000000000000e+00
    1.446303926811938e+01      0.000000000000000e+00
    1.446637189267313e+01      0.000000000000000e+00
    1.446970451722687e+01      0.000000000000000e+00
    1.447303714178062e+01      5.085827181859312e+00
    1.447636976633437e+01      0.000000000000000e+00
    1.447970239088812e+01      0.000000000000000e+00
    1.448303501544186e+01      0.000000000000000e+00
    1.448636763999561e+01      0.000000000000000e+00
    1.448970026454936e+01      0.000000000000000e+00
    1.449303288910310e+01      0.000000000000000e+00
    1.449636551365685e+01      0.000000000000000e+00
    1.449969813821060e+01      0.000000000000000e+00
    1.450303076276434e+01      0.000000000000000e+00
    1.450636338731809e+01      0.000000000000000e+00
    1.450969601187184e+01      0.000000000000000e+00
    1.451302863642558e+01      0.000000000000000e+00
    1.451636126097933e+01      0.000000000000000e+00
    1.451969388553308e+01      0.000000000000000e+00
    1.452302651008683e+01      0.000000000000000e+00
    1.452635913464057e+01      0.000000000000000e+00
    1.452969175919432e+01      0.000000000000000e+00
    1.453302438374807e+01      0.000000000000000e+00
    1.453635700830181e+01      0.000000000000000e+00
    1.453968963285556e+01      0.000000000000000e+00
    1.454302225740931e+01      0.000000000000000e+00
    1.454635488196305e+01      0.000000000000000e+00
    1.454968750651680e+01      0.000000000000000e+00
    1.455302013107055e+01      0.000000000000000e+00
    1.455635275562429e+01      0.000000000000000e+00
    1.455968538017804e+01      0.000000000000000e+00
    1.456301800473179e+01      0.000000000000000e+00
    1.456635062928554e+01      0.000000000000000e+00
    1.456968325383928e+01      0.000000000000000e+00
    1.457301587839303e+01      0.000000000000000e+00
    1.457634850294678e+01      0.000000000000000e+00
    1.457968112750052e+01      0.000000000000000e+00
    1.458301375205427e+01      0.000000000000000e+00
    1.458634637660802e+01      0.000000000000000e+00
    1.458967900116176e+01      0.000000000000000e+00
    1.459301162571551e+01      0.000000000000000e+00
    1.459634425026926e+01      0.000000000000000e+00
    1.459967687482300e+01      0.000000000000000e+00
    1.460300949937675e+01      0.000000000000000e+00
    1.460634212393050e+01      0.000000000000000e+00
    1.460967474848425e+01      0.000000000000000e+00
    1.461300737303799e+01      5.085827181859312e+00
    1.461633999759174e+01      0.000000000000000e+00
    1.461967262214549e+01      0.000000000000000e+00
    1.462300524669923e+01      0.000000000000000e+00
    1.462633787125298e+01      0.000000000000000e+00
    1.462967049580673e+01      0.000000000000000e+00
    1.463300312036047e+01      0.000000000000000e+00
    1.463633574491422e+01      0.000000000000000e+00
    1.463966836946797e+01      1.017165436371320e+01
    1.464300099402172e+01      0.000000000000000e+00
    1.464633361857546e+01      0.000000000000000e+00
    1.464966624312921e+01      0.000000000000000e+00
    1.465299886768296e+01      0.000000000000000e+00
    1.465633149223670e+01      0.000000000000000e+00
    1.465966411679045e+01      0.000000000000000e+00
    1.466299674134420e+01      0.000000000000000e+00
    1.466632936589794e+01      5.085827181856600e+00
    1.466966199045169e+01      0.000000000000000e+00
    1.467299461500544e+01      0.000000000000000e+00
    1.467632723955918e+01      0.000000000000000e+00
    1.467965986411293e+01      0.000000000000000e+00
    1.468299248866668e+01      0.000000000000000e+00
    1.468632511322043e+01      0.000000000000000e+00
    1.468965773777417e+01      0.000000000000000e+00
    1.469299036232792e+01      0.000000000000000e+00
    1.469632298688166e+01      1.017165436371320e+01
    1.469965561143541e+01      0.000000000000000e+00
    1.470298823598916e+01      0.000000000000000e+00
    1.470632086054291e+01      0.000000000000000e+00
    1.470965348509665e+01      0.000000000000000e+00
    1.471298610965040e+01      0.000000000000000e+00
    1.471631873420415e+01      0.000000000000000e+00
    1.471965135875789e+01      0.000000000000000e+00
    1.472298398331164e+01      5.085827181856600e+00
    1.472631660786539e+01      0.000000000000000e+00
    1.472964923241913e+01      0.000000000000000e+00
    1.473298185697288e+01      0.000000000000000e+00
    1.473631448152663e+01      0.000000000000000e+00
    1.473964710608037e+01      0.000000000000000e+00
    1.474297973063412e+01      0.000000000000000e+00
    1.474631235518787e+01      0.000000000000000e+00
    1.474964497974162e+01      1.017165436371862e+01
    1.475297760429536e+01      0.000000000000000e+00
    1.475631022884911e+01      0.000000000000000e+00
    1.475964285340286e+01      0.000000000000000e+00
    1.476297547795660e+01      0.000000000000000e+00
    1.476630810251035e+01      0.000000000000000e+00
    1.476964072706410e+01      0.000000000000000e+00
    1.477297335161784e+01      0.000000000000000e+00
    1.477630597617159e+01      0.000000000000000e+00
    1.477963860072534e+01      5.085827181859312e+00
    1.478297122527908e+01      0.000000000000000e+00
    1.478630384983283e+01      0.000000000000000e+00
    1.478963647438658e+01      0.000000000000000e+00
    1.479296909894033e+01      0.000000000000000e+00
    1.479630172349407e+01      0.000000000000000e+00
    1.479963434804782e+01      0.000000000000000e+00
    1.480296697260157e+01      0.000000000000000e+00
    1.480629959715531e+01      1.525748154556980e+01
    1.480963222170906e+01      0.000000000000000e+00
    1.481296484626281e+01      0.000000000000000e+00
    1.481629747081655e+01      0.000000000000000e+00
    1.481963009537030e+01      0.000000000000000e+00
    1.482296271992405e+01      0.000000000000000e+00
    1.482629534447779e+01      0.000000000000000e+00
    1.482962796903154e+01      0.000000000000000e+00
    1.483296059358529e+01      5.085827181856600e+00
    1.483629321813904e+01      0.000000000000000e+00
    1.483962584269278e+01      0.000000000000000e+00
    1.484295846724653e+01      0.000000000000000e+00
    1.484629109180027e+01      0.000000000000000e+00
    1.484962371635402e+01      0.000000000000000e+00
    1.485295634090777e+01      0.000000000000000e+00
    1.485628896546152e+01      0.000000000000000e+00
    1.485962159001526e+01      0.000000000000000e+00
    1.486295421456901e+01      1.017165436371320e+01
    1.486628683912276e+01      0.000000000000000e+00
    1.486961946367650e+01      0.000000000000000e+00
    1.487295208823025e+01      0.000000000000000e+00
    1.487628471278400e+01      0.000000000000000e+00
    1.487961733733774e+01      0.000000000000000e+00
    1.488294996189149e+01      0.000000000000000e+00
    1.488628258644524e+01      0.000000000000000e+00
    1.488961521099899e+01      5.085827181859312e+00
    1.489294783555273e+01      0.000000000000000e+00
    1.489628046010648e+01      0.000000000000000e+00
    1.489961308466023e+01      0.000000000000000e+00
    1.490294570921397e+01      0.000000000000000e+00
    1.490627833376772e+01      0.000000000000000e+00
    1.490961095832147e+01      0.000000000000000e+00
    1.491294358287521e+01      0.000000000000000e+00
    1.491627620742896e+01      1.525748154557794e+01
    1.491960883198271e+01      0.000000000000000e+00
    1.492294145653645e+01      0.000000000000000e+00
    1.492627408109020e+01      0.000000000000000e+00
    1.492960670564395e+01      0.000000000000000e+00
    1.493293933019770e+01      0.000000000000000e+00
    1.493627195475144e+01      0.000000000000000e+00
    1.493960457930519e+01      0.000000000000000e+00
    1.494293720385894e+01      0.000000000000000e+00
    1.494626982841268e+01      5.085827181859312e+00
    1.494960245296643e+01      0.000000000000000e+00
    1.495293507752018e+01      0.000000000000000e+00
    1.495626770207392e+01      0.000000000000000e+00
    1.495960032662767e+01      0.000000000000000e+00
    1.496293295118142e+01      0.000000000000000e+00
    1.496626557573516e+01      0.000000000000000e+00
    1.496959820028891e+01      0.000000000000000e+00
    1.497293082484266e+01      1.525748154556980e+01
    1.497626344939641e+01      0.000000000000000e+00
    1.497959607395015e+01      0.000000000000000e+00
    1.498292869850390e+01      0.000000000000000e+00
    1.498626132305765e+01      0.000000000000000e+00
    1.498959394761139e+01      0.000000000000000e+00
    1.499292657216514e+01      0.000000000000000e+00
    1.499625919671889e+01      0.000000000000000e+00
    1.499959182127263e+01      5.085827181859312e+00
    1.500292444582638e+01      0.000000000000000e+00
    1.500625707038013e+01      0.000000000000000e+00
    1.500958969493387e+01      0.000000000000000e+00
    1.501292231948762e+01      0.000000000000000e+00
    1.501625494404137e+01      0.000000000000000e+00
    1.501958756859512e+01      0.000000000000000e+00
    1.502292019314886e+01      0.000000000000000e+00
    1.502625281770261e+01      5.085827181859312e+00
    1.502958544225636e+01      0.000000000000000e+00
    1.503291806681010e+01      0.000000000000000e+00
    1.503625069136385e+01      0.000000000000000e+00
    1.503958331591760e+01      0.000000000000000e+00
    1.504291594047134e+01      0.000000000000000e+00
    1.504624856502509e+01      0.000000000000000e+00
    1.504958118957884e+01      0.000000000000000e+00
    1.505291381413258e+01      0.000000000000000e+00
    1.505624643868633e+01      0.000000000000000e+00
    1.505957906324008e+01      0.000000000000000e+00
    1.506291168779383e+01      0.000000000000000e+00
    1.506624431234757e+01      0.000000000000000e+00
    1.506957693690132e+01      0.000000000000000e+00
    1.507290956145506e+01      0.000000000000000e+00
    1.507624218600881e+01      0.000000000000000e+00
    1.507957481056256e+01      0.000000000000000e+00
    1.508290743511631e+01      5.085827181856600e+00
    1.508624005967005e+01      0.000000000000000e+00
    1.508957268422380e+01      0.000000000000000e+00
    1.509290530877755e+01      0.000000000000000e+00
    1.509623793333129e+01      0.000000000000000e+00
    1.509957055788504e+01      0.000000000000000e+00
    1.510290318243879e+01      0.000000000000000e+00
    1.510623580699253e+01      0.000000000000000e+00
    1.510956843154628e+01      0.000000000000000e+00
    1.511290105610003e+01      0.000000000000000e+00
    1.511623368065377e+01      0.000000000000000e+00
    1.511956630520752e+01      0.000000000000000e+00
    1.512289892976127e+01      0.000000000000000e+00
    1.512623155431502e+01      0.000000000000000e+00
    1.512956417886876e+01      0.000000000000000e+00
    1.513289680342251e+01      0.000000000000000e+00
    1.513622942797626e+01      0.000000000000000e+00
    1.513956205253000e+01      1.017165436371320e+01
    1.514289467708375e+01      0.000000000000000e+00
    1.514622730163750e+01      0.000000000000000e+00
    1.514955992619124e+01      0.000000000000000e+00
    1.515289255074499e+01      0.000000000000000e+00
    1.515622517529874e+01      0.000000000000000e+00
    1.515955779985249e+01      0.000000000000000e+00
    1.516289042440623e+01      0.000000000000000e+00
    1.516622304895998e+01      0.000000000000000e+00
    1.516955567351373e+01      0.000000000000000e+00
    1.517288829806747e+01      0.000000000000000e+00
    1.517622092262122e+01      0.000000000000000e+00
    1.517955354717497e+01      0.000000000000000e+00
    1.518288617172871e+01      0.000000000000000e+00
    1.518621879628246e+01      0.000000000000000e+00
    1.518955142083621e+01      0.000000000000000e+00
    1.519288404538995e+01      5.085827181856600e+00
    1.519621666994370e+01      0.000000000000000e+00
    1.519954929449745e+01      0.000000000000000e+00
    1.520288191905119e+01      0.000000000000000e+00
    1.520621454360494e+01      0.000000000000000e+00
    1.520954716815869e+01      0.000000000000000e+00
    1.521287979271244e+01      0.000000000000000e+00
    1.521621241726618e+01      0.000000000000000e+00
    1.521954504181993e+01      0.000000000000000e+00
    1.522287766637368e+01      0.000000000000000e+00
    1.522621029092742e+01      0.000000000000000e+00
    1.522954291548117e+01      0.000000000000000e+00
    1.523287554003492e+01      0.000000000000000e+00
    1.523620816458866e+01      0.000000000000000e+00
    1.523954078914241e+01      0.000000000000000e+00
    1.524287341369616e+01      0.000000000000000e+00
    1.524620603824991e+01      0.000000000000000e+00
    1.524953866280365e+01      2.034330872742640e+01
    1.525287128735740e+01      0.000000000000000e+00
    1.525620391191114e+01      0.000000000000000e+00
    1.525953653646489e+01      0.000000000000000e+00
    1.526286916101864e+01      0.000000000000000e+00
    1.526620178557239e+01      0.000000000000000e+00
    1.526953441012613e+01      0.000000000000000e+00
    1.527286703467988e+01      0.000000000000000e+00
    1.527619965923363e+01      5.085827181856600e+00
    1.527953228378737e+01      0.000000000000000e+00
    1.528286490834112e+01      0.000000000000000e+00
    1.528619753289487e+01      0.000000000000000e+00
    1.528953015744862e+01      0.000000000000000e+00
    1.529286278200236e+01      0.000000000000000e+00
    1.529619540655611e+01      0.000000000000000e+00
    1.529952803110985e+01      0.000000000000000e+00
    1.530286065566360e+01      0.000000000000000e+00
    1.530619328021735e+01      1.017165436371320e+01
    1.530952590477110e+01      0.000000000000000e+00
    1.531285852932484e+01      0.000000000000000e+00
    1.531619115387859e+01      0.000000000000000e+00
    1.531952377843234e+01      0.000000000000000e+00
    1.532285640298608e+01      0.000000000000000e+00
    1.532618902753983e+01      0.000000000000000e+00
    1.532952165209358e+01      0.000000000000000e+00
    1.533285427664732e+01      5.085827181859312e+00
    1.533618690120107e+01      0.000000000000000e+00
    1.533951952575482e+01      0.000000000000000e+00
    1.534285215030856e+01      0.000000000000000e+00
    1.534618477486231e+01      0.000000000000000e+00
    1.534951739941606e+01      0.000000000000000e+00
    1.535285002396981e+01      0.000000000000000e+00
    1.535618264852355e+01      0.000000000000000e+00
    1.535951527307730e+01      1.017165436371320e+01
    1.536284789763105e+01      0.000000000000000e+00
    1.536618052218479e+01      0.000000000000000e+00
    1.536951314673854e+01      0.000000000000000e+00
    1.537284577129229e+01      0.000000000000000e+00
    1.537617839584603e+01      0.000000000000000e+00
    1.537951102039978e+01      0.000000000000000e+00
    1.538284364495353e+01      0.000000000000000e+00
    1.538617626950727e+01      0.000000000000000e+00
    1.538950889406102e+01      5.085827181856600e+00
    1.539284151861477e+01      0.000000000000000e+00
    1.539617414316852e+01      0.000000000000000e+00
    1.539950676772226e+01      0.000000000000000e+00
    1.540283939227601e+01      0.000000000000000e+00
    1.540617201682976e+01      0.000000000000000e+00
    1.540950464138350e+01      0.000000000000000e+00
    1.541283726593725e+01      0.000000000000000e+00
    1.541616989049100e+01      1.017165436371320e+01
    1.541950251504474e+01      0.000000000000000e+00
    1.542283513959849e+01      0.000000000000000e+00
    1.542616776415224e+01      0.000000000000000e+00
    1.542950038870598e+01      0.000000000000000e+00
    1.543283301325973e+01      0.000000000000000e+00
    1.543616563781348e+01      0.000000000000000e+00
    1.543949826236723e+01      0.000000000000000e+00
    1.544283088692097e+01      5.085827181859312e+00
    1.544616351147472e+01      0.000000000000000e+00
    1.544949613602847e+01      0.000000000000000e+00
    1.545282876058221e+01      0.000000000000000e+00
    1.545616138513596e+01      0.000000000000000e+00
    1.545949400968971e+01      0.000000000000000e+00
    1.546282663424345e+01      0.000000000000000e+00
    1.546615925879720e+01      0.000000000000000e+00
    1.546949188335095e+01      0.000000000000000e+00
    1.547282450790469e+01      0.000000000000000e+00
    1.547615713245844e+01      0.000000000000000e+00
    1.547948975701219e+01      0.000000000000000e+00
    1.548282238156593e+01      0.000000000000000e+00
    1.548615500611968e+01      0.000000000000000e+00
    1.548948763067343e+01      0.000000000000000e+00
    1.549282025522718e+01      0.000000000000000e+00
    1.549615287978092e+01      0.000000000000000e+00
    1.549948550433467e+01      0.000000000000000e+00
    1.550281812888842e+01      0.000000000000000e+00
    1.550615075344216e+01      0.000000000000000e+00
    1.550948337799591e+01      0.000000000000000e+00
    1.551281600254966e+01      0.000000000000000e+00
    1.551614862710341e+01      0.000000000000000e+00
    1.551948125165715e+01      0.000000000000000e+00
    1.552281387621090e+01      0.000000000000000e+00
    1.552614650076464e+01      0.000000000000000e+00
    1.552947912531839e+01      0.000000000000000e+00
    1.553281174987214e+01      0.000000000000000e+00
    1.553614437442589e+01      0.000000000000000e+00
    1.553947699897963e+01      0.000000000000000e+00
    1.554280962353338e+01      0.000000000000000e+00
    1.554614224808713e+01      0.000000000000000e+00
    1.554947487264087e+01      0.000000000000000e+00
    1.555280749719462e+01      0.000000000000000e+00
    1.555614012174837e+01      0.000000000000000e+00
    1.555947274630211e+01      0.000000000000000e+00
    1.556280537085586e+01      0.000000000000000e+00
    1.556613799540961e+01      0.000000000000000e+00
    1.556947061996335e+01      0.000000000000000e+00
    1.557280324451710e+01      0.000000000000000e+00
    1.557613586907085e+01      0.000000000000000e+00
    1.557946849362460e+01      0.000000000000000e+00
    1.558280111817834e+01      0.000000000000000e+00
    1.558613374273209e+01      0.000000000000000e+00
    1.558946636728584e+01      0.000000000000000e+00
    1.559279899183958e+01      0.000000000000000e+00
    1.559613161639333e+01      0.000000000000000e+00
    1.559946424094708e+01      0.000000000000000e+00
    1.560279686550082e+01      0.000000000000000e+00
    1.560612949005457e+01      0.000000000000000e+00
    1.560946211460832e+01      0.000000000000000e+00
    1.561279473916206e+01      0.000000000000000e+00
    1.561612736371581e+01      0.000000000000000e+00
    1.561945998826956e+01      0.000000000000000e+00
    1.562279261282331e+01      0.000000000000000e+00
    1.562612523737705e+01      0.000000000000000e+00
    1.562945786193080e+01      0.000000000000000e+00
    1.563279048648455e+01      0.000000000000000e+00
    1.563612311103829e+01      0.000000000000000e+00
    1.563945573559204e+01      0.000000000000000e+00
    1.564278836014579e+01      0.000000000000000e+00
    1.564612098469953e+01      0.000000000000000e+00
    1.564945360925328e+01      0.000000000000000e+00
    1.565278623380703e+01      0.000000000000000e+00
    1.565611885836077e+01      0.000000000000000e+00
    1.565945148291452e+01      0.000000000000000e+00
    1.566278410746827e+01      0.000000000000000e+00
    1.566611673202202e+01      0.000000000000000e+00
    1.566944935657576e+01      0.000000000000000e+00
    1.567278198112951e+01      0.000000000000000e+00
    1.567611460568326e+01      0.000000000000000e+00
    1.567944723023700e+01      0.000000000000000e+00
    1.568277985479075e+01      0.000000000000000e+00
    1.568611247934450e+01      0.000000000000000e+00
    1.568944510389824e+01      0.000000000000000e+00
    1.569277772845199e+01      0.000000000000000e+00
    1.569611035300574e+01      0.000000000000000e+00
    1.569944297755948e+01      0.000000000000000e+00
    1.570277560211323e+01      0.000000000000000e+00
    1.570610822666698e+01      0.000000000000000e+00
    1.570944085122072e+01      0.000000000000000e+00
    1.571277347577447e+01      0.000000000000000e+00
    1.571610610032822e+01      0.000000000000000e+00
    1.571943872488196e+01      0.000000000000000e+00
    1.572277134943571e+01      0.000000000000000e+00
    1.572610397398946e+01      0.000000000000000e+00
    1.572943659854321e+01      0.000000000000000e+00
    1.573276922309695e+01      0.000000000000000e+00
    1.573610184765070e+01      0.000000000000000e+00
    1.573943447220445e+01      0.000000000000000e+00
    1.574276709675819e+01      0.000000000000000e+00
    1.574609972131194e+01      0.000000000000000e+00
    1.574943234586569e+01      0.000000000000000e+00
    1.575276497041943e+01      0.000000000000000e+00
    1.575609759497318e+01      0.000000000000000e+00
    1.575943021952693e+01      0.000000000000000e+00
    1.576276284408068e+01      0.000000000000000e+00
    1.576609546863442e+01      0.000000000000000e+00
    1.576942809318817e+01      0.000000000000000e+00
    1.577276071774192e+01      0.000000000000000e+00
    1.577609334229566e+01      0.000000000000000e+00
    1.577942596684941e+01      0.000000000000000e+00
    1.578275859140316e+01      0.000000000000000e+00
    1.578609121595690e+01      0.000000000000000e+00
    1.578942384051065e+01      0.000000000000000e+00
    1.579275646506440e+01      0.000000000000000e+00
    1.579608908961814e+01      0.000000000000000e+00
    1.579942171417189e+01      0.000000000000000e+00
    1.580275433872564e+01      0.000000000000000e+00
    1.580608696327939e+01      0.000000000000000e+00
    1.580941958783313e+01      0.000000000000000e+00
    1.581275221238688e+01      0.000000000000000e+00
    1.581608483694063e+01      0.000000000000000e+00
    1.581941746149437e+01      0.000000000000000e+00
    1.582275008604812e+01      0.000000000000000e+00
    1.582608271060187e+01      0.000000000000000e+00
    1.582941533515561e+01      0.000000000000000e+00
    1.583274795970936e+01      0.000000000000000e+00
    1.583608058426311e+01      0.000000000000000e+00
    1.583941320881685e+01      0.000000000000000e+00
    1.584274583337060e+01      0.000000000000000e+00
    1.584607845792435e+01      0.000000000000000e+00
    1.584941108247810e+01      0.000000000000000e+00
    1.585274370703184e+01      0.000000000000000e+00
    1.585607633158559e+01      0.000000000000000e+00
    1.585940895613933e+01      0.000000000000000e+00
    1.586274158069308e+01      0.000000000000000e+00
    1.586607420524683e+01      0.000000000000000e+00
    1.586940682980058e+01      0.000000000000000e+00
    1.587273945435432e+01      0.000000000000000e+00
    1.587607207890807e+01      0.000000000000000e+00
    1.587940470346182e+01      0.000000000000000e+00
    1.588273732801556e+01      0.000000000000000e+00
    1.588606995256931e+01      0.000000000000000e+00
    1.588940257712306e+01      0.000000000000000e+00
    1.589273520167681e+01      0.000000000000000e+00
    1.589606782623055e+01      0.000000000000000e+00
    1.589940045078430e+01      0.000000000000000e+00
    1.590273307533804e+01      0.000000000000000e+00
    1.590606569989179e+01      0.000000000000000e+00
    1.590939832444554e+01      0.000000000000000e+00
    1.591273094899929e+01      0.000000000000000e+00
    1.591606357355303e+01      0.000000000000000e+00
    1.591939619810678e+01      0.000000000000000e+00
    1.592272882266053e+01      0.000000000000000e+00
    1.592606144721427e+01      0.000000000000000e+00
    1.592939407176802e+01      0.000000000000000e+00
    1.593272669632177e+01      0.000000000000000e+00
    1.593605932087551e+01      0.000000000000000e+00
    1.593939194542926e+01      0.000000000000000e+00
    1.594272456998301e+01      0.000000000000000e+00
    1.594605719453676e+01      0.000000000000000e+00
    1.594938981909050e+01      0.000000000000000e+00
    1.595272244364425e+01      0.000000000000000e+00
    1.595605506819800e+01      0.000000000000000e+00
    1.595938769275174e+01      0.000000000000000e+00
    1.596272031730549e+01      0.000000000000000e+00
    1.596605294185924e+01      0.000000000000000e+00
    1.596938556641298e+01      0.000000000000000e+00
    1.597271819096673e+01      0.000000000000000e+00
    1.597605081552048e+01      0.000000000000000e+00
    1.597938344007422e+01      0.000000000000000e+00
    1.598271606462797e+01      0.000000000000000e+00
    1.598604868918172e+01      0.000000000000000e+00
    1.598938131373546e+01      0.000000000000000e+00
    1.599271393828921e+01      0.000000000000000e+00
    1.599604656284296e+01      0.000000000000000e+00
    1.599937918739671e+01      0.000000000000000e+00
    1.600271181195045e+01      0.000000000000000e+00
    1.600604443650420e+01      0.000000000000000e+00
    1.600937706105795e+01      0.000000000000000e+00
    1.601270968561169e+01      0.000000000000000e+00
    1.601604231016544e+01      0.000000000000000e+00
    1.601937493471919e+01      0.000000000000000e+00
    1.602270755927293e+01      0.000000000000000e+00
    1.602604018382668e+01      0.000000000000000e+00
    1.602937280838043e+01      5.085827181859312e+00
    1.603270543293418e+01      0.000000000000000e+00
    1.603603805748792e+01      0.000000000000000e+00
    1.603937068204167e+01      0.000000000000000e+00
    1.604270330659542e+01      0.000000000000000e+00
    1.604603593114916e+01      0.000000000000000e+00
    1.604936855570291e+01      0.000000000000000e+00
    1.605270118025665e+01      0.000000000000000e+00
    1.605603380481040e+01      0.000000000000000e+00
    1.605936642936415e+01      0.000000000000000e+00
    1.606269905391790e+01      0.000000000000000e+00
    1.606603167847165e+01      0.000000000000000e+00
    1.606936430302539e+01      0.000000000000000e+00
    1.607269692757914e+01      0.000000000000000e+00
    1.607602955213288e+01      0.000000000000000e+00
    1.607936217668663e+01      0.000000000000000e+00
    1.608269480124038e+01      0.000000000000000e+00
    1.608602742579412e+01      0.000000000000000e+00
    1.608936005034787e+01      0.000000000000000e+00
    1.609269267490162e+01      0.000000000000000e+00
    1.609602529945537e+01      0.000000000000000e+00
    1.609935792400911e+01      0.000000000000000e+00
    1.610269054856286e+01      0.000000000000000e+00
    1.610602317311661e+01      0.000000000000000e+00
    1.610935579767035e+01      0.000000000000000e+00
    1.611268842222410e+01      0.000000000000000e+00
    1.611602104677785e+01      0.000000000000000e+00
    1.611935367133160e+01      0.000000000000000e+00
    1.612268629588534e+01      0.000000000000000e+00
    1.612601892043909e+01      0.000000000000000e+00
    1.612935154499284e+01      0.000000000000000e+00
    1.613268416954658e+01      0.000000000000000e+00
    1.613601679410033e+01      0.000000000000000e+00
    1.613934941865407e+01      0.000000000000000e+00
    1.614268204320782e+01      0.000000000000000e+00
    1.614601466776157e+01      0.000000000000000e+00
    1.614934729231532e+01      0.000000000000000e+00
    1.615267991686906e+01      0.000000000000000e+00
    1.615601254142281e+01      0.000000000000000e+00
    1.615934516597656e+01      0.000000000000000e+00
    1.616267779053030e+01      0.000000000000000e+00
    1.616601041508405e+01      0.000000000000000e+00
    1.616934303963780e+01      0.000000000000000e+00
    1.617267566419154e+01      0.000000000000000e+00
    1.617600828874529e+01      0.000000000000000e+00
    1.617934091329904e+01      0.000000000000000e+00
    1.618267353785279e+01      0.000000000000000e+00
    1.618600616240653e+01      0.000000000000000e+00
    1.618933878696028e+01      0.000000000000000e+00
    1.619267141151403e+01      0.000000000000000e+00
    1.619600403606777e+01      0.000000000000000e+00
    1.619933666062152e+01      0.000000000000000e+00
    1.620266928517527e+01      0.000000000000000e+00
    1.620600190972901e+01      0.000000000000000e+00
    1.620933453428276e+01      0.000000000000000e+00
    1.621266715883651e+01      0.000000000000000e+00
    1.621599978339026e+01      0.000000000000000e+00
    1.621933240794400e+01      0.000000000000000e+00
    1.622266503249775e+01      0.000000000000000e+00
    1.622599765705149e+01      0.000000000000000e+00
    1.622933028160524e+01      0.000000000000000e+00
    1.623266290615899e+01      0.000000000000000e+00
    1.623599553071274e+01      0.000000000000000e+00
    1.623932815526648e+01      0.000000000000000e+00
    1.624266077982023e+01      0.000000000000000e+00
    1.624599340437398e+01      0.000000000000000e+00
    1.624932602892772e+01      0.000000000000000e+00
    1.625265865348147e+01      0.000000000000000e+00
    1.625599127803522e+01      0.000000000000000e+00
    1.625932390258896e+01      0.000000000000000e+00
    1.626265652714271e+01      0.000000000000000e+00
    1.626598915169646e+01      0.000000000000000e+00
    1.626932177625021e+01      0.000000000000000e+00
    1.627265440080395e+01      0.000000000000000e+00
    1.627598702535770e+01      0.000000000000000e+00
    1.627931964991145e+01      0.000000000000000e+00
    1.628265227446519e+01      0.000000000000000e+00
    1.628598489901894e+01      0.000000000000000e+00
    1.628931752357269e+01      0.000000000000000e+00
    1.629265014812643e+01      0.000000000000000e+00
    1.629598277268018e+01      0.000000000000000e+00
    1.629931539723393e+01      0.000000000000000e+00
    1.630264802178768e+01      0.000000000000000e+00
    1.630598064634142e+01      0.000000000000000e+00
    1.630931327089517e+01      0.000000000000000e+00
    1.631264589544892e+01      0.000000000000000e+00
    1.631597852000266e+01      0.000000000000000e+00
    1.631931114455641e+01      0.000000000000000e+00
    1.632264376911015e+01      0.000000000000000e+00
    1.632597639366390e+01      0.000000000000000e+00
    1.632930901821765e+01      0.000000000000000e+00
    1.633264164277140e+01      0.000000000000000e+00
    1.633597426732514e+01      0.000000000000000e+00
    1.633930689187889e+01      0.000000000000000e+00
    1.634263951643264e+01      0.000000000000000e+00
    1.634597214098638e+01      0.000000000000000e+00
    1.634930476554013e+01      0.000000000000000e+00
    1.635263739009388e+01      0.000000000000000e+00
    1.635597001464762e+01      0.000000000000000e+00
    1.635930263920137e+01      0.000000000000000e+00
    1.636263526375512e+01      0.000000000000000e+00
    1.636596788830887e+01      0.000000000000000e+00
    1.636930051286261e+01      0.000000000000000e+00
    1.637263313741636e+01      0.000000000000000e+00
    1.637596576197011e+01      0.000000000000000e+00
    1.637929838652385e+01      0.000000000000000e+00
    1.638263101107760e+01      0.000000000000000e+00
    1.638596363563135e+01      0.000000000000000e+00
    1.638929626018509e+01      0.000000000000000e+00
    1.639262888473884e+01      0.000000000000000e+00
    1.639596150929259e+01      0.000000000000000e+00
    1.639929413384634e+01      0.000000000000000e+00
    1.640262675840008e+01      0.000000000000000e+00
    1.640595938295383e+01      0.000000000000000e+00
    1.640929200750757e+01      0.000000000000000e+00
    1.641262463206132e+01      0.000000000000000e+00
    1.641595725661507e+01      0.000000000000000e+00
    1.641928988116882e+01      0.000000000000000e+00
    1.642262250572256e+01      0.000000000000000e+00
    1.642595513027631e+01      0.000000000000000e+00
    1.642928775483006e+01      0.000000000000000e+00
    1.643262037938380e+01      0.000000000000000e+00
    1.643595300393755e+01      0.000000000000000e+00
    1.643928562849130e+01      0.000000000000000e+00
    1.644261825304504e+01      0.000000000000000e+00
    1.644595087759879e+01      0.000000000000000e+00
    1.644928350215254e+01      0.000000000000000e+00
    1.645261612670629e+01      0.000000000000000e+00
    1.645594875126003e+01      0.000000000000000e+00
    1.645928137581378e+01      0.000000000000000e+00
    1.646261400036753e+01      0.000000000000000e+00
    1.646594662492127e+01      0.000000000000000e+00
    1.646927924947502e+01      0.000000000000000e+00
    1.647261187402876e+01      0.000000000000000e+00
    1.647594449858251e+01      0.000000000000000e+00
    1.647927712313626e+01      0.000000000000000e+00
    1.648260974769001e+01      0.000000000000000e+00
    1.648594237224376e+01      0.000000000000000e+00
    1.648927499679750e+01      0.000000000000000e+00
    1.649260762135125e+01      0.000000000000000e+00
    1.649594024590499e+01      0.000000000000000e+00
    1.649927287045874e+01      0.000000000000000e+00
    1.650260549501249e+01      0.000000000000000e+00
    1.650593811956623e+01      0.000000000000000e+00
    1.650927074411998e+01      0.000000000000000e+00
    1.651260336867373e+01      0.000000000000000e+00
    1.651593599322748e+01      0.000000000000000e+00
    1.651926861778122e+01      0.000000000000000e+00
    1.652260124233497e+01      0.000000000000000e+00
    1.652593386688872e+01      0.000000000000000e+00
    1.652926649144246e+01      0.000000000000000e+00
    1.653259911599621e+01      0.000000000000000e+00
    1.653593174054996e+01      0.000000000000000e+00
    1.653926436510370e+01      0.000000000000000e+00
    1.654259698965745e+01      0.000000000000000e+00
    1.654592961421120e+01      0.000000000000000e+00
    1.654926223876495e+01      0.000000000000000e+00
    1.655259486331869e+01      0.000000000000000e+00
    1.655592748787244e+01      0.000000000000000e+00
    1.655926011242619e+01      0.000000000000000e+00
    1.656259273697993e+01      0.000000000000000e+00
    1.656592536153368e+01      0.000000000000000e+00
    1.656925798608743e+01      0.000000000000000e+00
    1.657259061064117e+01      0.000000000000000e+00
    1.657592323519492e+01      0.000000000000000e+00
    1.657925585974867e+01      0.000000000000000e+00
    1.658258848430241e+01      0.000000000000000e+00
    1.658592110885616e+01      1.017165436371862e+01
    1.658925373340991e+01      0.000000000000000e+00
    1.659258635796365e+01      0.000000000000000e+00
    1.659591898251740e+01      0.000000000000000e+00
    1.659925160707115e+01      0.000000000000000e+00
    1.660258423162490e+01      0.000000000000000e+00
    1.660591685617864e+01      0.000000000000000e+00
    1.660924948073239e+01      0.000000000000000e+00
    1.661258210528614e+01      0.000000000000000e+00
    1.661591472983988e+01      0.000000000000000e+00
    1.661924735439363e+01      0.000000000000000e+00
    1.662257997894738e+01      0.000000000000000e+00
    1.662591260350112e+01      0.000000000000000e+00
    1.662924522805487e+01      0.000000000000000e+00
    1.663257785260862e+01      0.000000000000000e+00
    1.663591047716237e+01      0.000000000000000e+00
    1.663924310171611e+01      0.000000000000000e+00
    1.664257572626986e+01      0.000000000000000e+00
    1.664590835082361e+01      0.000000000000000e+00
    1.664924097537735e+01      0.000000000000000e+00
    1.665257359993110e+01      0.000000000000000e+00
    1.665590622448484e+01      0.000000000000000e+00
    1.665923884903859e+01      0.000000000000000e+00
    1.666257147359234e+01      0.000000000000000e+00
    1.666590409814609e+01      0.000000000000000e+00
    1.666923672269984e+01      0.000000000000000e+00
    1.667256934725358e+01      0.000000000000000e+00
    1.667590197180733e+01      0.000000000000000e+00
    1.667923459636107e+01      0.000000000000000e+00
    1.668256722091482e+01      0.000000000000000e+00
    1.668589984546857e+01      0.000000000000000e+00
    1.668923247002231e+01      0.000000000000000e+00
    1.669256509457606e+01      0.000000000000000e+00
    1.669589771912981e+01      0.000000000000000e+00
    1.669923034368356e+01      0.000000000000000e+00
    1.670256296823730e+01      0.000000000000000e+00
    1.670589559279105e+01      0.000000000000000e+00
    1.670922821734480e+01      0.000000000000000e+00
    1.671256084189854e+01      0.000000000000000e+00
    1.671589346645229e+01      0.000000000000000e+00
    1.671922609100604e+01      0.000000000000000e+00
    1.672255871555979e+01      0.000000000000000e+00
    1.672589134011353e+01      0.000000000000000e+00
    1.672922396466728e+01      0.000000000000000e+00
    1.673255658922103e+01      0.000000000000000e+00
    1.673588921377477e+01      0.000000000000000e+00
    1.673922183832852e+01      0.000000000000000e+00
    1.674255446288227e+01      0.000000000000000e+00
    1.674588708743601e+01      0.000000000000000e+00
    1.674921971198976e+01      0.000000000000000e+00
    1.675255233654351e+01      0.000000000000000e+00
    1.675588496109725e+01      0.000000000000000e+00
    1.675921758565100e+01      0.000000000000000e+00
    1.676255021020475e+01      0.000000000000000e+00
    1.676588283475849e+01      0.000000000000000e+00
    1.676921545931224e+01      0.000000000000000e+00
    1.677254808386599e+01      0.000000000000000e+00
    1.677588070841973e+01      0.000000000000000e+00
    1.677921333297348e+01      0.000000000000000e+00
    1.678254595752723e+01      0.000000000000000e+00
    1.678587858208098e+01      0.000000000000000e+00
    1.678921120663472e+01      0.000000000000000e+00
    1.679254383118847e+01      0.000000000000000e+00
    1.679587645574222e+01      0.000000000000000e+00
    1.679920908029596e+01      0.000000000000000e+00
    1.680254170484971e+01      0.000000000000000e+00
    1.680587432940346e+01      0.000000000000000e+00
    1.680920695395720e+01      0.000000000000000e+00
    1.681253957851095e+01      0.000000000000000e+00
    1.681587220306470e+01      0.000000000000000e+00
    1.681920482761845e+01      0.000000000000000e+00
    1.682253745217219e+01      0.000000000000000e+00
    1.682587007672594e+01      0.000000000000000e+00
    1.682920270127968e+01      0.000000000000000e+00
    1.683253532583343e+01      0.000000000000000e+00
    1.683586795038718e+01      0.000000000000000e+00
    1.683920057494093e+01      0.000000000000000e+00
    1.684253319949467e+01      0.000000000000000e+00
    1.684586582404842e+01      0.000000000000000e+00
    1.684919844860217e+01      0.000000000000000e+00
    1.685253107315591e+01      0.000000000000000e+00
    1.685586369770966e+01      0.000000000000000e+00
    1.685919632226341e+01      0.000000000000000e+00
    1.686252894681715e+01      0.000000000000000e+00
    1.686586157137090e+01      0.000000000000000e+00
    1.686919419592465e+01      0.000000000000000e+00
    1.687252682047840e+01      0.000000000000000e+00
    1.687585944503214e+01      0.000000000000000e+00
    1.687919206958589e+01      0.000000000000000e+00
    1.688252469413964e+01      0.000000000000000e+00
    1.688585731869338e+01      0.000000000000000e+00
    1.688918994324713e+01      0.000000000000000e+00
    1.689252256780088e+01      0.000000000000000e+00
    1.689585519235462e+01      0.000000000000000e+00
    1.689918781690837e+01      0.000000000000000e+00
    1.690252044146212e+01      0.000000000000000e+00
    1.690585306601587e+01      0.000000000000000e+00
    1.690918569056961e+01      0.000000000000000e+00
    1.691251831512336e+01      0.000000000000000e+00
    1.691585093967711e+01      0.000000000000000e+00
    1.691918356423085e+01      0.000000000000000e+00
    1.692251618878460e+01      0.000000000000000e+00
    1.692584881333834e+01      0.000000000000000e+00
    1.692918143789209e+01      0.000000000000000e+00
    1.693251406244584e+01      0.000000000000000e+00
    1.693584668699959e+01      0.000000000000000e+00
    1.693917931155333e+01      0.000000000000000e+00
    1.694251193610708e+01      0.000000000000000e+00
    1.694584456066083e+01      0.000000000000000e+00
    1.694917718521457e+01      0.000000000000000e+00
    1.695250980976832e+01      0.000000000000000e+00
    1.695584243432207e+01      0.000000000000000e+00
    1.695917505887581e+01      0.000000000000000e+00
    1.696250768342956e+01      0.000000000000000e+00
    1.696584030798331e+01      0.000000000000000e+00
    1.696917293253706e+01      0.000000000000000e+00
    1.697250555709080e+01      0.000000000000000e+00
    1.697583818164455e+01      0.000000000000000e+00
    1.697917080619830e+01      0.000000000000000e+00
    1.698250343075204e+01      0.000000000000000e+00
    1.698583605530579e+01      0.000000000000000e+00
    1.698916867985954e+01      0.000000000000000e+00
    1.699250130441328e+01      0.000000000000000e+00
    1.699583392896703e+01      0.000000000000000e+00
    1.699916655352078e+01      0.000000000000000e+00
    1.700249917807453e+01      0.000000000000000e+00
    1.700583180262827e+01      0.000000000000000e+00
    1.700916442718202e+01      0.000000000000000e+00
    1.701249705173576e+01      0.000000000000000e+00
    1.701582967628951e+01      0.000000000000000e+00
    1.701916230084326e+01      0.000000000000000e+00
    1.702249492539701e+01      0.000000000000000e+00
    1.702582754995075e+01      0.000000000000000e+00
    1.702916017450450e+01      0.000000000000000e+00
    1.703249279905825e+01      0.000000000000000e+00
    1.703582542361199e+01      0.000000000000000e+00
    1.703915804816574e+01      0.000000000000000e+00
    1.704249067271949e+01      0.000000000000000e+00
    1.704582329727323e+01      0.000000000000000e+00
    1.704915592182698e+01      0.000000000000000e+00
    1.705248854638073e+01      0.000000000000000e+00
    1.705582117093448e+01      0.000000000000000e+00
    1.705915379548822e+01      0.000000000000000e+00
    1.706248642004197e+01      0.000000000000000e+00
    1.706581904459572e+01      0.000000000000000e+00
    1.706915166914946e+01      0.000000000000000e+00
    1.707248429370321e+01      0.000000000000000e+00
    1.707581691825696e+01      0.000000000000000e+00
    1.707914954281070e+01      0.000000000000000e+00
    1.708248216736445e+01      0.000000000000000e+00
    1.708581479191820e+01      0.000000000000000e+00
    1.708914741647195e+01      0.000000000000000e+00
    1.709248004102569e+01      0.000000000000000e+00
    1.709581266557944e+01      0.000000000000000e+00
    1.709914529013319e+01      0.000000000000000e+00
    1.710247791468693e+01      0.000000000000000e+00
    1.710581053924068e+01      0.000000000000000e+00
    1.710914316379442e+01      0.000000000000000e+00
    1.711247578834817e+01      0.000000000000000e+00
    1.711580841290192e+01      0.000000000000000e+00
    1.711914103745567e+01      0.000000000000000e+00
    1.712247366200941e+01      0.000000000000000e+00
    1.712580628656316e+01      0.000000000000000e+00
    1.712913891111691e+01      0.000000000000000e+00
    1.713247153567065e+01      0.000000000000000e+00
    1.713580416022440e+01      0.000000000000000e+00
    1.713913678477815e+01      5.085827181859312e+00
