                     bin:                     prob.:
    1.499627384034062e+00      2.261572401619685e+00
    1.507121794794573e+00      0.000000000000000e+00
    1.514616205555084e+00      0.000000000000000e+00
    1.522110616315594e+00      0.000000000000000e+00
    1.529605027076105e+00      0.000000000000000e+00
    1.537099437836616e+00      0.000000000000000e+00
    1.544593848597127e+00      0.000000000000000e+00
    1.552088259357638e+00      0.000000000000000e+00
    1.559582670118149e+00      0.000000000000000e+00
    1.567077080878660e+00      0.000000000000000e+00
    1.574571491639171e+00      0.000000000000000e+00
    1.582065902399682e+00      0.000000000000000e+00
    1.589560313160193e+00      0.000000000000000e+00
    1.597054723920704e+00      0.000000000000000e+00
    1.604549134681215e+00      0.000000000000000e+00
    1.612043545441725e+00      0.000000000000000e+00
    1.619537956202237e+00      0.000000000000000e+00
    1.627032366962747e+00      0.000000000000000e+00
    1.634526777723258e+00      0.000000000000000e+00
    1.642021188483769e+00      0.000000000000000e+00
    1.649515599244280e+00      0.000000000000000e+00
    1.657010010004791e+00      0.000000000000000e+00
    1.664504420765302e+00      0.000000000000000e+00
    1.671998831525813e+00      0.000000000000000e+00
    1.679493242286324e+00      0.000000000000000e+00
    1.686987653046835e+00      0.000000000000000e+00
    1.694482063807346e+00      0.000000000000000e+00
    1.701976474567857e+00      0.000000000000000e+00
    1.709470885328368e+00      0.000000000000000e+00
    1.716965296088879e+00      0.000000000000000e+00
    1.724459706849389e+00      0.000000000000000e+00
    1.731954117609900e+00      0.000000000000000e+00
    1.739448528370411e+00      0.000000000000000e+00
    1.746942939130922e+00      0.000000000000000e+00
    1.754437349891433e+00      0.000000000000000e+00
    1.761931760651944e+00      0.000000000000000e+00
    1.769426171412455e+00      0.000000000000000e+00
    1.776920582172966e+00      0.000000000000000e+00
    1.784414992933477e+00      0.000000000000000e+00
    1.791909403693988e+00      0.000000000000000e+00
    1.799403814454499e+00      0.000000000000000e+00
    1.806898225215010e+00      0.000000000000000e+00
    1.814392635975520e+00      0.000000000000000e+00
    1.821887046736032e+00      0.000000000000000e+00
    1.829381457496542e+00      0.000000000000000e+00
    1.836875868257053e+00      0.000000000000000e+00
    1.844370279017564e+00      0.000000000000000e+00
    1.851864689778075e+00      0.000000000000000e+00
    1.859359100538586e+00      0.000000000000000e+00
    1.866853511299097e+00      0.000000000000000e+00
    1.874347922059608e+00      0.000000000000000e+00
    1.881842332820119e+00      0.000000000000000e+00
    1.889336743580630e+00      0.000000000000000e+00
    1.896831154341141e+00      0.000000000000000e+00
    1.904325565101652e+00      0.000000000000000e+00
    1.911819975862163e+00      0.000000000000000e+00
    1.919314386622673e+00      0.000000000000000e+00
    1.926808797383184e+00      0.000000000000000e+00
    1.934303208143695e+00      0.000000000000000e+00
    1.941797618904206e+00      0.000000000000000e+00
    1.949292029664717e+00      0.000000000000000e+00
    1.956786440425228e+00      0.000000000000000e+00
    1.964280851185739e+00      0.000000000000000e+00
    1.971775261946250e+00      0.000000000000000e+00
    1.979269672706761e+00      0.000000000000000e+00
    1.986764083467272e+00      0.000000000000000e+00
    1.994258494227783e+00      4.523144803239101e+00
    2.001752904988294e+00      0.000000000000000e+00
    2.009247315748805e+00      0.000000000000000e+00
    2.016741726509315e+00      0.000000000000000e+00
    2.024236137269826e+00      0.000000000000000e+00
    2.031730548030337e+00      0.000000000000000e+00
    2.039224958790848e+00      0.000000000000000e+00
    2.046719369551359e+00      0.000000000000000e+00
    2.054213780311870e+00      0.000000000000000e+00
    2.061708191072381e+00      0.000000000000000e+00
    2.069202601832892e+00      0.000000000000000e+00
    2.076697012593403e+00      0.000000000000000e+00
    2.084191423353914e+00      0.000000000000000e+00
    2.091685834114425e+00      0.000000000000000e+00
    2.099180244874935e+00      0.000000000000000e+00
    2.106674655635446e+00      0.000000000000000e+00
    2.114169066395958e+00      0.000000000000000e+00
    2.121663477156468e+00      0.000000000000000e+00
    2.129157887916979e+00      0.000000000000000e+00
    2.136652298677491e+00      0.000000000000000e+00
    2.144146709438001e+00      0.000000000000000e+00
    2.151641120198512e+00      0.000000000000000e+00
    2.159135530959023e+00      0.000000000000000e+00
    2.166629941719534e+00      0.000000000000000e+00
    2.174124352480045e+00      0.000000000000000e+00
    2.181618763240556e+00      0.000000000000000e+00
    2.189113174001067e+00      0.000000000000000e+00
    2.196607584761578e+00      0.000000000000000e+00
    2.204101995522088e+00      0.000000000000000e+00
    2.211596406282600e+00      0.000000000000000e+00
    2.219090817043111e+00      0.000000000000000e+00
    2.226585227803621e+00      0.000000000000000e+00
    2.234079638564132e+00      0.000000000000000e+00
    2.241574049324643e+00      0.000000000000000e+00
    2.249068460085154e+00      0.000000000000000e+00
    2.256562870845665e+00      0.000000000000000e+00
    2.264057281606176e+00      0.000000000000000e+00
    2.271551692366687e+00      0.000000000000000e+00
    2.279046103127198e+00      0.000000000000000e+00
    2.286540513887709e+00      0.000000000000000e+00
    2.294034924648220e+00      0.000000000000000e+00
    2.301529335408731e+00      0.000000000000000e+00
    2.309023746169242e+00      0.000000000000000e+00
    2.316518156929753e+00      0.000000000000000e+00
    2.324012567690263e+00      0.000000000000000e+00
    2.331506978450774e+00      0.000000000000000e+00
    2.339001389211285e+00      0.000000000000000e+00
    2.346495799971796e+00      0.000000000000000e+00
    2.353990210732307e+00      0.000000000000000e+00
    2.361484621492818e+00      0.000000000000000e+00
    2.368979032253329e+00      0.000000000000000e+00
    2.376473443013840e+00      0.000000000000000e+00
    2.383967853774351e+00      0.000000000000000e+00
    2.391462264534862e+00      0.000000000000000e+00
    2.398956675295373e+00      0.000000000000000e+00
    2.406451086055883e+00      0.000000000000000e+00
    2.413945496816394e+00      0.000000000000000e+00
    2.421439907576906e+00      0.000000000000000e+00
    2.428934318337416e+00      0.000000000000000e+00
    2.436428729097927e+00      0.000000000000000e+00
    2.443923139858438e+00      0.000000000000000e+00
    2.451417550618949e+00      0.000000000000000e+00
    2.458911961379460e+00      0.000000000000000e+00
    2.466406372139971e+00      0.000000000000000e+00
    2.473900782900482e+00      0.000000000000000e+00
    2.481395193660993e+00      0.000000000000000e+00
    2.488889604421503e+00      0.000000000000000e+00
    2.496384015182015e+00      2.261572401619685e+00
    2.503878425942526e+00      0.000000000000000e+00
    2.511372836703036e+00      0.000000000000000e+00
    2.518867247463548e+00      0.000000000000000e+00
    2.526361658224058e+00      0.000000000000000e+00
    2.533856068984569e+00      0.000000000000000e+00
    2.541350479745080e+00      0.000000000000000e+00
    2.548844890505591e+00      0.000000000000000e+00
    2.556339301266102e+00      0.000000000000000e+00
    2.563833712026613e+00      0.000000000000000e+00
    2.571328122787124e+00      0.000000000000000e+00
    2.578822533547635e+00      0.000000000000000e+00
    2.586316944308146e+00      0.000000000000000e+00
    2.593811355068657e+00      0.000000000000000e+00
    2.601305765829168e+00      0.000000000000000e+00
    2.608800176589678e+00      0.000000000000000e+00
    2.616294587350190e+00      0.000000000000000e+00
    2.623788998110700e+00      0.000000000000000e+00
    2.631283408871211e+00      0.000000000000000e+00
    2.638777819631722e+00      0.000000000000000e+00
    2.646272230392233e+00      0.000000000000000e+00
    2.653766641152744e+00      0.000000000000000e+00
    2.661261051913255e+00      0.000000000000000e+00
    2.668755462673766e+00      0.000000000000000e+00
    2.676249873434277e+00      0.000000000000000e+00
    2.683744284194788e+00      0.000000000000000e+00
    2.691238694955299e+00      0.000000000000000e+00
    2.698733105715809e+00      0.000000000000000e+00
    2.706227516476321e+00      0.000000000000000e+00
    2.713721927236831e+00      0.000000000000000e+00
    2.721216337997342e+00      0.000000000000000e+00
    2.728710748757853e+00      0.000000000000000e+00
    2.736205159518364e+00      0.000000000000000e+00
    2.743699570278875e+00      0.000000000000000e+00
    2.751193981039386e+00      0.000000000000000e+00
    2.758688391799897e+00      0.000000000000000e+00
    2.766182802560408e+00      0.000000000000000e+00
    2.773677213320919e+00      0.000000000000000e+00
    2.781171624081430e+00      0.000000000000000e+00
    2.788666034841941e+00      0.000000000000000e+00
    2.796160445602451e+00      0.000000000000000e+00
    2.803654856362963e+00      0.000000000000000e+00
    2.811149267123473e+00      0.000000000000000e+00
    2.818643677883984e+00      0.000000000000000e+00
    2.826138088644496e+00      0.000000000000000e+00
    2.833632499405006e+00      0.000000000000000e+00
    2.841126910165517e+00      0.000000000000000e+00
    2.848621320926028e+00      0.000000000000000e+00
    2.856115731686539e+00      0.000000000000000e+00
    2.863610142447050e+00      0.000000000000000e+00
    2.871104553207561e+00      0.000000000000000e+00
    2.878598963968072e+00      0.000000000000000e+00
    2.886093374728583e+00      0.000000000000000e+00
    2.893587785489093e+00      0.000000000000000e+00
    2.901082196249605e+00      0.000000000000000e+00
    2.908576607010116e+00      0.000000000000000e+00
    2.916071017770626e+00      0.000000000000000e+00
    2.923565428531137e+00      0.000000000000000e+00
    2.931059839291648e+00      0.000000000000000e+00
    2.938554250052159e+00      0.000000000000000e+00
    2.946048660812670e+00      0.000000000000000e+00
    2.953543071573181e+00      0.000000000000000e+00
    2.961037482333692e+00      0.000000000000000e+00
    2.968531893094203e+00      0.000000000000000e+00
    2.976026303854714e+00      0.000000000000000e+00
    2.983520714615225e+00      0.000000000000000e+00
    2.991015125375736e+00      4.523144803239101e+00
    2.998509536136247e+00      0.000000000000000e+00
    3.006003946896757e+00      0.000000000000000e+00
    3.013498357657268e+00      0.000000000000000e+00
    3.020992768417779e+00      0.000000000000000e+00
    3.028487179178290e+00      0.000000000000000e+00
    3.035981589938801e+00      0.000000000000000e+00
    3.043476000699312e+00      0.000000000000000e+00
    3.050970411459823e+00      0.000000000000000e+00
    3.058464822220334e+00      0.000000000000000e+00
    3.065959232980845e+00      0.000000000000000e+00
    3.073453643741356e+00      0.000000000000000e+00
    3.080948054501866e+00      0.000000000000000e+00
    3.088442465262378e+00      0.000000000000000e+00
    3.095936876022888e+00      0.000000000000000e+00
    3.103431286783399e+00      0.000000000000000e+00
    3.110925697543911e+00      0.000000000000000e+00
    3.118420108304421e+00      0.000000000000000e+00
    3.125914519064932e+00      0.000000000000000e+00
    3.133408929825444e+00      0.000000000000000e+00
    3.140903340585954e+00      0.000000000000000e+00
    3.148397751346465e+00      0.000000000000000e+00
    3.155892162106976e+00      0.000000000000000e+00
    3.163386572867487e+00      0.000000000000000e+00
    3.170880983627998e+00      0.000000000000000e+00
    3.178375394388508e+00      0.000000000000000e+00
    3.185869805149020e+00      0.000000000000000e+00
    3.193364215909531e+00      0.000000000000000e+00
    3.200858626670041e+00      0.000000000000000e+00
    3.208353037430553e+00      0.000000000000000e+00
    3.215847448191063e+00      0.000000000000000e+00
    3.223341858951574e+00      0.000000000000000e+00
    3.230836269712085e+00      0.000000000000000e+00
    3.238330680472596e+00      0.000000000000000e+00
    3.245825091233107e+00      0.000000000000000e+00
    3.253319501993618e+00      0.000000000000000e+00
    3.260813912754129e+00      0.000000000000000e+00
    3.268308323514640e+00      0.000000000000000e+00
    3.275802734275151e+00      0.000000000000000e+00
    3.283297145035662e+00      0.000000000000000e+00
    3.290791555796173e+00      0.000000000000000e+00
    3.298285966556683e+00      0.000000000000000e+00
    3.305780377317194e+00      0.000000000000000e+00
    3.313274788077705e+00      0.000000000000000e+00
    3.320769198838216e+00      0.000000000000000e+00
    3.328263609598727e+00      0.000000000000000e+00
    3.335758020359238e+00      0.000000000000000e+00
    3.343252431119749e+00      0.000000000000000e+00
    3.350746841880260e+00      0.000000000000000e+00
    3.358241252640771e+00      0.000000000000000e+00
    3.365735663401282e+00      0.000000000000000e+00
    3.373230074161793e+00      0.000000000000000e+00
    3.380724484922304e+00      0.000000000000000e+00
    3.388218895682814e+00      0.000000000000000e+00
    3.395713306443326e+00      0.000000000000000e+00
    3.403207717203836e+00      0.000000000000000e+00
    3.410702127964347e+00      0.000000000000000e+00
    3.418196538724859e+00      0.000000000000000e+00
    3.425690949485369e+00      0.000000000000000e+00
    3.433185360245880e+00      0.000000000000000e+00
    3.440679771006391e+00      0.000000000000000e+00
    3.448174181766902e+00      0.000000000000000e+00
    3.455668592527413e+00      0.000000000000000e+00
    3.463163003287924e+00      0.000000000000000e+00
    3.470657414048435e+00      0.000000000000000e+00
    3.478151824808946e+00      0.000000000000000e+00
    3.485646235569456e+00      0.000000000000000e+00
    3.493140646329968e+00      2.261572401619685e+00
    3.500635057090479e+00      0.000000000000000e+00
    3.508129467850989e+00      0.000000000000000e+00
    3.515623878611500e+00      0.000000000000000e+00
    3.523118289372011e+00      0.000000000000000e+00
    3.530612700132522e+00      0.000000000000000e+00
    3.538107110893033e+00      0.000000000000000e+00
    3.545601521653544e+00      0.000000000000000e+00
    3.553095932414055e+00      0.000000000000000e+00
    3.560590343174566e+00      0.000000000000000e+00
    3.568084753935077e+00      0.000000000000000e+00
    3.575579164695588e+00      0.000000000000000e+00
    3.583073575456099e+00      0.000000000000000e+00
    3.590567986216609e+00      0.000000000000000e+00
    3.598062396977121e+00      0.000000000000000e+00
    3.605556807737631e+00      0.000000000000000e+00
    3.613051218498142e+00      0.000000000000000e+00
    3.620545629258653e+00      0.000000000000000e+00
    3.628040040019164e+00      0.000000000000000e+00
    3.635534450779675e+00      0.000000000000000e+00
    3.643028861540186e+00      0.000000000000000e+00
    3.650523272300697e+00      0.000000000000000e+00
    3.658017683061208e+00      0.000000000000000e+00
    3.665512093821719e+00      0.000000000000000e+00
    3.673006504582230e+00      0.000000000000000e+00
    3.680500915342741e+00      0.000000000000000e+00
    3.687995326103251e+00      0.000000000000000e+00
    3.695489736863763e+00      0.000000000000000e+00
    3.702984147624274e+00      0.000000000000000e+00
    3.710478558384784e+00      0.000000000000000e+00
    3.717972969145295e+00      0.000000000000000e+00
    3.725467379905806e+00      0.000000000000000e+00
    3.732961790666317e+00      0.000000000000000e+00
    3.740456201426828e+00      0.000000000000000e+00
    3.747950612187339e+00      0.000000000000000e+00
    3.755445022947850e+00      0.000000000000000e+00
    3.762939433708361e+00      0.000000000000000e+00
    3.770433844468872e+00      0.000000000000000e+00
    3.777928255229383e+00      0.000000000000000e+00
    3.785422665989894e+00      0.000000000000000e+00
    3.792917076750404e+00      0.000000000000000e+00
    3.800411487510916e+00      0.000000000000000e+00
    3.807905898271426e+00      0.000000000000000e+00
    3.815400309031937e+00      0.000000000000000e+00
    3.822894719792448e+00      0.000000000000000e+00
    3.830389130552959e+00      0.000000000000000e+00
    3.837883541313470e+00      0.000000000000000e+00
    3.845377952073981e+00      0.000000000000000e+00
    3.852872362834492e+00      0.000000000000000e+00
    3.860366773595003e+00      0.000000000000000e+00
    3.867861184355514e+00      0.000000000000000e+00
    3.875355595116025e+00      0.000000000000000e+00
    3.882850005876536e+00      0.000000000000000e+00
    3.890344416637046e+00      0.000000000000000e+00
    3.897838827397557e+00      0.000000000000000e+00
    3.905333238158069e+00      0.000000000000000e+00
    3.912827648918579e+00      0.000000000000000e+00
    3.920322059679090e+00      0.000000000000000e+00
    3.927816470439601e+00      0.000000000000000e+00
    3.935310881200112e+00      0.000000000000000e+00
    3.942805291960623e+00      0.000000000000000e+00
    3.950299702721134e+00      0.000000000000000e+00
    3.957794113481645e+00      0.000000000000000e+00
    3.965288524242156e+00      0.000000000000000e+00
    3.972782935002667e+00      0.000000000000000e+00
    3.980277345763178e+00      0.000000000000000e+00
    3.987771756523689e+00      0.000000000000000e+00
    3.995266167284199e+00      4.523144803239370e+00
    4.002760578044710e+00      0.000000000000000e+00
    4.010254988805221e+00      0.000000000000000e+00
    4.017749399565732e+00      0.000000000000000e+00
    4.025243810326243e+00      0.000000000000000e+00
    4.032738221086754e+00      0.000000000000000e+00
    4.040232631847265e+00      0.000000000000000e+00
    4.047727042607776e+00      0.000000000000000e+00
    4.055221453368286e+00      0.000000000000000e+00
    4.062715864128798e+00      0.000000000000000e+00
    4.070210274889309e+00      0.000000000000000e+00
    4.077704685649820e+00      0.000000000000000e+00
    4.085199096410331e+00      0.000000000000000e+00
    4.092693507170841e+00      0.000000000000000e+00
    4.100187917931352e+00      0.000000000000000e+00
    4.107682328691864e+00      0.000000000000000e+00
    4.115176739452375e+00      0.000000000000000e+00
    4.122671150212885e+00      0.000000000000000e+00
    4.130165560973396e+00      0.000000000000000e+00
    4.137659971733907e+00      0.000000000000000e+00
    4.145154382494418e+00      0.000000000000000e+00
    4.152648793254929e+00      0.000000000000000e+00
    4.160143204015440e+00      0.000000000000000e+00
    4.167637614775950e+00      0.000000000000000e+00
    4.175132025536461e+00      0.000000000000000e+00
    4.182626436296973e+00      0.000000000000000e+00
    4.190120847057484e+00      0.000000000000000e+00
    4.197615257817994e+00      0.000000000000000e+00
    4.205109668578505e+00      0.000000000000000e+00
    4.212604079339016e+00      0.000000000000000e+00
    4.220098490099527e+00      0.000000000000000e+00
    4.227592900860039e+00      0.000000000000000e+00
    4.235087311620549e+00      0.000000000000000e+00
    4.242581722381059e+00      0.000000000000000e+00
    4.250076133141571e+00      0.000000000000000e+00
    4.257570543902082e+00      0.000000000000000e+00
    4.265064954662593e+00      0.000000000000000e+00
    4.272559365423104e+00      0.000000000000000e+00
    4.280053776183614e+00      0.000000000000000e+00
    4.287548186944125e+00      0.000000000000000e+00
    4.295042597704636e+00      0.000000000000000e+00
    4.302537008465148e+00      0.000000000000000e+00
    4.310031419225658e+00      0.000000000000000e+00
    4.317525829986169e+00      0.000000000000000e+00
    4.325020240746680e+00      0.000000000000000e+00
    4.332514651507191e+00      0.000000000000000e+00
    4.340009062267702e+00      0.000000000000000e+00
    4.347503473028213e+00      0.000000000000000e+00
    4.354997883788724e+00      0.000000000000000e+00
    4.362492294549234e+00      0.000000000000000e+00
    4.369986705309746e+00      0.000000000000000e+00
    4.377481116070257e+00      0.000000000000000e+00
    4.384975526830767e+00      0.000000000000000e+00
    4.392469937591279e+00      0.000000000000000e+00
    4.399964348351789e+00      0.000000000000000e+00
    4.407458759112300e+00      0.000000000000000e+00
    4.414953169872812e+00      0.000000000000000e+00
    4.422447580633323e+00      0.000000000000000e+00
    4.429941991393833e+00      0.000000000000000e+00
    4.437436402154344e+00      0.000000000000000e+00
    4.444930812914855e+00      0.000000000000000e+00
    4.452425223675366e+00      0.000000000000000e+00
    4.459919634435877e+00      0.000000000000000e+00
    4.467414045196388e+00      0.000000000000000e+00
    4.474908455956898e+00      0.000000000000000e+00
    4.482402866717409e+00      0.000000000000000e+00
    4.489897277477921e+00      2.261572401619551e+00
    4.497391688238432e+00      0.000000000000000e+00
    4.504886098998942e+00      0.000000000000000e+00
    4.512380509759453e+00      0.000000000000000e+00
    4.519874920519964e+00      0.000000000000000e+00
    4.527369331280475e+00      0.000000000000000e+00
    4.534863742040987e+00      0.000000000000000e+00
    4.542358152801497e+00      0.000000000000000e+00
    4.549852563562007e+00      0.000000000000000e+00
    4.557346974322519e+00      0.000000000000000e+00
    4.564841385083030e+00      0.000000000000000e+00
    4.572335795843541e+00      0.000000000000000e+00
    4.579830206604051e+00      0.000000000000000e+00
    4.587324617364562e+00      0.000000000000000e+00
    4.594819028125073e+00      0.000000000000000e+00
    4.602313438885584e+00      0.000000000000000e+00
    4.609807849646096e+00      0.000000000000000e+00
    4.617302260406606e+00      0.000000000000000e+00
    4.624796671167116e+00      0.000000000000000e+00
    4.632291081927628e+00      0.000000000000000e+00
    4.639785492688139e+00      0.000000000000000e+00
    4.647279903448650e+00      0.000000000000000e+00
    4.654774314209161e+00      0.000000000000000e+00
    4.662268724969671e+00      0.000000000000000e+00
    4.669763135730182e+00      0.000000000000000e+00
    4.677257546490694e+00      0.000000000000000e+00
    4.684751957251205e+00      0.000000000000000e+00
    4.692246368011715e+00      0.000000000000000e+00
    4.699740778772227e+00      0.000000000000000e+00
    4.707235189532737e+00      0.000000000000000e+00
    4.714729600293248e+00      0.000000000000000e+00
    4.722224011053759e+00      0.000000000000000e+00
    4.729718421814270e+00      0.000000000000000e+00
    4.737212832574781e+00      0.000000000000000e+00
    4.744707243335291e+00      0.000000000000000e+00
    4.752201654095803e+00      0.000000000000000e+00
    4.759696064856314e+00      0.000000000000000e+00
    4.767190475616825e+00      0.000000000000000e+00
    4.774684886377336e+00      0.000000000000000e+00
    4.782179297137846e+00      0.000000000000000e+00
    4.789673707898357e+00      0.000000000000000e+00
    4.797168118658869e+00      0.000000000000000e+00
    4.804662529419380e+00      0.000000000000000e+00
    4.812156940179890e+00      0.000000000000000e+00
    4.819651350940401e+00      0.000000000000000e+00
    4.827145761700912e+00      0.000000000000000e+00
    4.834640172461423e+00      0.000000000000000e+00
    4.842134583221934e+00      0.000000000000000e+00
    4.849628993982445e+00      0.000000000000000e+00
    4.857123404742955e+00      0.000000000000000e+00
    4.864617815503467e+00      0.000000000000000e+00
    4.872112226263978e+00      0.000000000000000e+00
    4.879606637024489e+00      0.000000000000000e+00
    4.887101047784999e+00      0.000000000000000e+00
    4.894595458545510e+00      0.000000000000000e+00
    4.902089869306021e+00      0.000000000000000e+00
    4.909584280066532e+00      0.000000000000000e+00
    4.917078690827044e+00      0.000000000000000e+00
    4.924573101587554e+00      0.000000000000000e+00
    4.932067512348064e+00      0.000000000000000e+00
    4.939561923108576e+00      0.000000000000000e+00
    4.947056333869087e+00      0.000000000000000e+00
    4.954550744629598e+00      0.000000000000000e+00
    4.962045155390109e+00      0.000000000000000e+00
    4.969539566150619e+00      0.000000000000000e+00
    4.977033976911130e+00      0.000000000000000e+00
    4.984528387671642e+00      0.000000000000000e+00
    4.992022798432153e+00      0.000000000000000e+00
    4.999517209192663e+00      0.000000000000000e+00
    5.007011619953174e+00      0.000000000000000e+00
    5.014506030713685e+00      0.000000000000000e+00
    5.022000441474196e+00      0.000000000000000e+00
    5.029494852234707e+00      0.000000000000000e+00
    5.036989262995218e+00      0.000000000000000e+00
    5.044483673755729e+00      0.000000000000000e+00
    5.051978084516239e+00      0.000000000000000e+00
    5.059472495276751e+00      0.000000000000000e+00
    5.066966906037262e+00      0.000000000000000e+00
    5.074461316797772e+00      0.000000000000000e+00
    5.081955727558284e+00      0.000000000000000e+00
    5.089450138318794e+00      0.000000000000000e+00
    5.096944549079305e+00      0.000000000000000e+00
    5.104438959839817e+00      0.000000000000000e+00
    5.111933370600327e+00      0.000000000000000e+00
    5.119427781360838e+00      0.000000000000000e+00
    5.126922192121349e+00      0.000000000000000e+00
    5.134416602881860e+00      0.000000000000000e+00
    5.141911013642371e+00      0.000000000000000e+00
    5.149405424402882e+00      0.000000000000000e+00
    5.156899835163393e+00      0.000000000000000e+00
    5.164394245923903e+00      0.000000000000000e+00
    5.171888656684414e+00      0.000000000000000e+00
    5.179383067444926e+00      0.000000000000000e+00
    5.186877478205437e+00      0.000000000000000e+00
    5.194371888965947e+00      0.000000000000000e+00
    5.201866299726458e+00      0.000000000000000e+00
    5.209360710486969e+00      0.000000000000000e+00
    5.216855121247480e+00      0.000000000000000e+00
    5.224349532007992e+00      0.000000000000000e+00
    5.231843942768502e+00      0.000000000000000e+00
    5.239338353529012e+00      0.000000000000000e+00
    5.246832764289524e+00      2.261572401619551e+00
    5.254327175050035e+00      0.000000000000000e+00
    5.261821585810546e+00      0.000000000000000e+00
    5.269315996571057e+00      0.000000000000000e+00
    5.276810407331567e+00      0.000000000000000e+00
    5.284304818092078e+00      0.000000000000000e+00
    5.291799228852589e+00      0.000000000000000e+00
    5.299293639613101e+00      0.000000000000000e+00
    5.306788050373611e+00      0.000000000000000e+00
    5.314282461134122e+00      0.000000000000000e+00
    5.321776871894633e+00      0.000000000000000e+00
    5.329271282655144e+00      0.000000000000000e+00
    5.336765693415655e+00      0.000000000000000e+00
    5.344260104176166e+00      0.000000000000000e+00
    5.351754514936676e+00      0.000000000000000e+00
    5.359248925697187e+00      0.000000000000000e+00
    5.366743336457699e+00      0.000000000000000e+00
    5.374237747218210e+00      0.000000000000000e+00
    5.381732157978720e+00      0.000000000000000e+00
    5.389226568739232e+00      0.000000000000000e+00
    5.396720979499742e+00      0.000000000000000e+00
    5.404215390260253e+00      0.000000000000000e+00
    5.411709801020764e+00      0.000000000000000e+00
    5.419204211781275e+00      0.000000000000000e+00
    5.426698622541786e+00      0.000000000000000e+00
    5.434193033302297e+00      0.000000000000000e+00
    5.441687444062808e+00      0.000000000000000e+00
    5.449181854823319e+00      0.000000000000000e+00
    5.456676265583829e+00      0.000000000000000e+00
    5.464170676344341e+00      0.000000000000000e+00
    5.471665087104851e+00      0.000000000000000e+00
    5.479159497865362e+00      0.000000000000000e+00
    5.486653908625874e+00      0.000000000000000e+00
    5.494148319386385e+00      4.523144803239638e+00
    5.501642730146895e+00      0.000000000000000e+00
    5.509137140907406e+00      0.000000000000000e+00
    5.516631551667917e+00      0.000000000000000e+00
    5.524125962428428e+00      0.000000000000000e+00
    5.531620373188939e+00      0.000000000000000e+00
    5.539114783949450e+00      0.000000000000000e+00
    5.546609194709961e+00      0.000000000000000e+00
    5.554103605470472e+00      0.000000000000000e+00
    5.561598016230983e+00      0.000000000000000e+00
    5.569092426991493e+00      0.000000000000000e+00
    5.576586837752004e+00      0.000000000000000e+00
    5.584081248512516e+00      0.000000000000000e+00
    5.591575659273026e+00      0.000000000000000e+00
    5.599070070033537e+00      0.000000000000000e+00
    5.606564480794048e+00      0.000000000000000e+00
    5.614058891554559e+00      0.000000000000000e+00
    5.621553302315070e+00      0.000000000000000e+00
    5.629047713075581e+00      0.000000000000000e+00
    5.636542123836092e+00      0.000000000000000e+00
    5.644036534596602e+00      0.000000000000000e+00
    5.651530945357114e+00      0.000000000000000e+00
    5.659025356117625e+00      0.000000000000000e+00
    5.666519766878135e+00      0.000000000000000e+00
    5.674014177638647e+00      0.000000000000000e+00
    5.681508588399157e+00      0.000000000000000e+00
    5.689002999159668e+00      0.000000000000000e+00
    5.696497409920179e+00      0.000000000000000e+00
    5.703991820680690e+00      0.000000000000000e+00
    5.711486231441201e+00      0.000000000000000e+00
    5.718980642201712e+00      0.000000000000000e+00
    5.726475052962223e+00      0.000000000000000e+00
    5.733969463722734e+00      0.000000000000000e+00
    5.741463874483244e+00      2.261572401619551e+00
    5.748958285243756e+00      0.000000000000000e+00
    5.756452696004267e+00      0.000000000000000e+00
    5.763947106764777e+00      0.000000000000000e+00
    5.771441517525289e+00      0.000000000000000e+00
    5.778935928285799e+00      0.000000000000000e+00
    5.786430339046310e+00      0.000000000000000e+00
    5.793924749806822e+00      0.000000000000000e+00
    5.801419160567332e+00      0.000000000000000e+00
    5.808913571327843e+00      0.000000000000000e+00
    5.816407982088354e+00      0.000000000000000e+00
    5.823902392848865e+00      0.000000000000000e+00
    5.831396803609376e+00      0.000000000000000e+00
    5.838891214369887e+00      0.000000000000000e+00
    5.846385625130398e+00      0.000000000000000e+00
    5.853880035890908e+00      0.000000000000000e+00
    5.861374446651419e+00      0.000000000000000e+00
    5.868868857411931e+00      0.000000000000000e+00
    5.876363268172441e+00      0.000000000000000e+00
    5.883857678932952e+00      0.000000000000000e+00
    5.891352089693464e+00      0.000000000000000e+00
    5.898846500453974e+00      0.000000000000000e+00
    5.906340911214485e+00      0.000000000000000e+00
    5.913835321974996e+00      0.000000000000000e+00
    5.921329732735507e+00      0.000000000000000e+00
    5.928824143496018e+00      0.000000000000000e+00
    5.936318554256529e+00      0.000000000000000e+00
    5.943812965017040e+00      0.000000000000000e+00
    5.951307375777550e+00      0.000000000000000e+00
    5.958801786538062e+00      0.000000000000000e+00
    5.966296197298573e+00      0.000000000000000e+00
    5.973790608059083e+00      0.000000000000000e+00
    5.981285018819595e+00      0.000000000000000e+00
    5.988779429580105e+00      6.784717204858652e+00
    5.996273840340616e+00      0.000000000000000e+00
    6.003768251101127e+00      0.000000000000000e+00
    6.011262661861638e+00      0.000000000000000e+00
    6.018757072622149e+00      0.000000000000000e+00
    6.026251483382659e+00      0.000000000000000e+00
    6.033745894143171e+00      0.000000000000000e+00
    6.041240304903682e+00      0.000000000000000e+00
    6.048734715664192e+00      0.000000000000000e+00
    6.056229126424704e+00      0.000000000000000e+00
    6.063723537185215e+00      0.000000000000000e+00
    6.071217947945725e+00      0.000000000000000e+00
    6.078712358706237e+00      0.000000000000000e+00
    6.086206769466747e+00      0.000000000000000e+00
    6.093701180227258e+00      0.000000000000000e+00
    6.101195590987770e+00      0.000000000000000e+00
    6.108690001748280e+00      0.000000000000000e+00
    6.116184412508791e+00      2.261572401619819e+00
    6.123678823269302e+00      0.000000000000000e+00
    6.131173234029813e+00      0.000000000000000e+00
    6.138667644790324e+00      0.000000000000000e+00
    6.146162055550835e+00      0.000000000000000e+00
    6.153656466311346e+00      0.000000000000000e+00
    6.161150877071856e+00      0.000000000000000e+00
    6.168645287832367e+00      0.000000000000000e+00
    6.176139698592879e+00      0.000000000000000e+00
    6.183634109353389e+00      0.000000000000000e+00
    6.191128520113900e+00      0.000000000000000e+00
    6.198622930874411e+00      0.000000000000000e+00
    6.206117341634922e+00      0.000000000000000e+00
    6.213611752395433e+00      0.000000000000000e+00
    6.221106163155944e+00      0.000000000000000e+00
    6.228600573916455e+00      0.000000000000000e+00
    6.236094984676966e+00      0.000000000000000e+00
    6.243589395437477e+00      4.523144803239101e+00
    6.251083806197988e+00      0.000000000000000e+00
    6.258578216958498e+00      0.000000000000000e+00
    6.266072627719010e+00      0.000000000000000e+00
    6.273567038479521e+00      0.000000000000000e+00
    6.281061449240031e+00      0.000000000000000e+00
    6.288555860000542e+00      0.000000000000000e+00
    6.296050270761053e+00      0.000000000000000e+00
    6.303544681521564e+00      0.000000000000000e+00
    6.311039092282075e+00      0.000000000000000e+00
    6.318533503042586e+00      0.000000000000000e+00
    6.326027913803097e+00      0.000000000000000e+00
    6.333522324563607e+00      0.000000000000000e+00
    6.341016735324119e+00      0.000000000000000e+00
    6.348511146084630e+00      0.000000000000000e+00
    6.356005556845140e+00      0.000000000000000e+00
    6.363499967605652e+00      2.261572401619819e+00
    6.370994378366162e+00      0.000000000000000e+00
    6.378488789126673e+00      0.000000000000000e+00
    6.385983199887185e+00      0.000000000000000e+00
    6.393477610647695e+00      0.000000000000000e+00
    6.400972021408206e+00      0.000000000000000e+00
    6.408466432168717e+00      0.000000000000000e+00
    6.415960842929228e+00      0.000000000000000e+00
    6.423455253689739e+00      0.000000000000000e+00
    6.430949664450250e+00      0.000000000000000e+00
    6.438444075210761e+00      0.000000000000000e+00
    6.445938485971272e+00      0.000000000000000e+00
    6.453432896731782e+00      0.000000000000000e+00
    6.460927307492294e+00      0.000000000000000e+00
    6.468421718252804e+00      0.000000000000000e+00
    6.475916129013315e+00      0.000000000000000e+00
    6.483410539773827e+00      0.000000000000000e+00
    6.490904950534337e+00      6.784717204858652e+00
    6.498399361294848e+00      0.000000000000000e+00
    6.505893772055359e+00      0.000000000000000e+00
    6.513388182815870e+00      0.000000000000000e+00
    6.520882593576381e+00      0.000000000000000e+00
    6.528377004336892e+00      0.000000000000000e+00
    6.535871415097403e+00      0.000000000000000e+00
    6.543365825857913e+00      0.000000000000000e+00
    6.550860236618425e+00      0.000000000000000e+00
    6.558354647378936e+00      0.000000000000000e+00
    6.565849058139446e+00      0.000000000000000e+00
    6.573343468899957e+00      0.000000000000000e+00
    6.580837879660468e+00      0.000000000000000e+00
    6.588332290420979e+00      0.000000000000000e+00
    6.595826701181490e+00      0.000000000000000e+00
    6.603321111942001e+00      0.000000000000000e+00
    6.610815522702512e+00      0.000000000000000e+00
    6.618309933463023e+00      2.261572401619819e+00
    6.625804344223534e+00      0.000000000000000e+00
    6.633298754984045e+00      0.000000000000000e+00
    6.640793165744555e+00      0.000000000000000e+00
    6.648287576505067e+00      0.000000000000000e+00
    6.655781987265578e+00      0.000000000000000e+00
    6.663276398026088e+00      0.000000000000000e+00
    6.670770808786600e+00      0.000000000000000e+00
    6.678265219547110e+00      0.000000000000000e+00
    6.685759630307621e+00      0.000000000000000e+00
    6.693254041068132e+00      0.000000000000000e+00
    6.700748451828643e+00      0.000000000000000e+00
    6.708242862589154e+00      0.000000000000000e+00
    6.715737273349665e+00      0.000000000000000e+00
    6.723231684110176e+00      0.000000000000000e+00
    6.730726094870687e+00      0.000000000000000e+00
    6.738220505631197e+00      4.523144803239101e+00
    6.745714916391709e+00      0.000000000000000e+00
    6.753209327152219e+00      0.000000000000000e+00
    6.760703737912730e+00      0.000000000000000e+00
    6.768198148673242e+00      0.000000000000000e+00
    6.775692559433752e+00      0.000000000000000e+00
    6.783186970194263e+00      0.000000000000000e+00
    6.790681380954775e+00      0.000000000000000e+00
    6.798175791715285e+00      0.000000000000000e+00
    6.805670202475796e+00      0.000000000000000e+00
    6.813164613236307e+00      0.000000000000000e+00
    6.820659023996818e+00      0.000000000000000e+00
    6.828153434757329e+00      0.000000000000000e+00
    6.835647845517840e+00      0.000000000000000e+00
    6.843142256278351e+00      0.000000000000000e+00
    6.850636667038861e+00      0.000000000000000e+00
    6.858131077799372e+00      0.000000000000000e+00
    6.865625488559884e+00      2.261572401619819e+00
    6.873119899320394e+00      0.000000000000000e+00
    6.880614310080905e+00      0.000000000000000e+00
    6.888108720841416e+00      0.000000000000000e+00
    6.895603131601927e+00      0.000000000000000e+00
    6.903097542362438e+00      0.000000000000000e+00
    6.910591953122949e+00      0.000000000000000e+00
    6.918086363883460e+00      0.000000000000000e+00
    6.925580774643970e+00      0.000000000000000e+00
    6.933075185404482e+00      0.000000000000000e+00
    6.940569596164993e+00      0.000000000000000e+00
    6.948064006925503e+00      0.000000000000000e+00
    6.955558417686015e+00      0.000000000000000e+00
    6.963052828446526e+00      0.000000000000000e+00
    6.970547239207036e+00      0.000000000000000e+00
    6.978041649967547e+00      0.000000000000000e+00
    6.985536060728058e+00      0.000000000000000e+00
    6.993030471488569e+00      0.000000000000000e+00
    7.000524882249080e+00      0.000000000000000e+00
    7.008019293009591e+00      0.000000000000000e+00
    7.015513703770102e+00      0.000000000000000e+00
    7.023008114530612e+00      0.000000000000000e+00
    7.030502525291124e+00      0.000000000000000e+00
    7.037996936051635e+00      0.000000000000000e+00
    7.045491346812145e+00      0.000000000000000e+00
    7.052985757572657e+00      0.000000000000000e+00
    7.060480168333167e+00      0.000000000000000e+00
    7.067974579093678e+00      0.000000000000000e+00
    7.075468989854190e+00      0.000000000000000e+00
    7.082963400614700e+00      0.000000000000000e+00
    7.090457811375211e+00      0.000000000000000e+00
    7.097952222135722e+00      0.000000000000000e+00
    7.105446632896233e+00      0.000000000000000e+00
    7.112941043656744e+00      0.000000000000000e+00
    7.120435454417255e+00      0.000000000000000e+00
    7.127929865177766e+00      0.000000000000000e+00
    7.135424275938277e+00      0.000000000000000e+00
    7.142918686698787e+00      2.261572401619551e+00
    7.150413097459299e+00      0.000000000000000e+00
    7.157907508219809e+00      0.000000000000000e+00
    7.165401918980320e+00      0.000000000000000e+00
    7.172896329740832e+00      0.000000000000000e+00
    7.180390740501342e+00      0.000000000000000e+00
    7.187885151261853e+00      0.000000000000000e+00
    7.195379562022364e+00      0.000000000000000e+00
    7.202873972782875e+00      0.000000000000000e+00
    7.210368383543386e+00      0.000000000000000e+00
    7.217862794303897e+00      0.000000000000000e+00
    7.225357205064408e+00      0.000000000000000e+00
    7.232851615824918e+00      0.000000000000000e+00
    7.240346026585430e+00      0.000000000000000e+00
    7.247840437345941e+00      0.000000000000000e+00
    7.255334848106451e+00      0.000000000000000e+00
    7.262829258866963e+00      0.000000000000000e+00
    7.270323669627473e+00      0.000000000000000e+00
    7.277818080387984e+00      0.000000000000000e+00
    7.285312491148495e+00      0.000000000000000e+00
    7.292806901909006e+00      4.523144803239101e+00
    7.300301312669517e+00      0.000000000000000e+00
    7.307795723430028e+00      0.000000000000000e+00
    7.315290134190539e+00      0.000000000000000e+00
    7.322784544951050e+00      0.000000000000000e+00
    7.330278955711560e+00      0.000000000000000e+00
    7.337773366472072e+00      0.000000000000000e+00
    7.345267777232583e+00      0.000000000000000e+00
    7.352762187993093e+00      0.000000000000000e+00
    7.360256598753605e+00      0.000000000000000e+00
    7.367751009514115e+00      0.000000000000000e+00
    7.375245420274626e+00      0.000000000000000e+00
    7.382739831035138e+00      0.000000000000000e+00
    7.390234241795648e+00      0.000000000000000e+00
    7.397728652556159e+00      0.000000000000000e+00
    7.405223063316670e+00      0.000000000000000e+00
    7.412717474077181e+00      0.000000000000000e+00
    7.420211884837692e+00      0.000000000000000e+00
    7.427706295598203e+00      0.000000000000000e+00
    7.435200706358714e+00      0.000000000000000e+00
    7.442695117119224e+00      2.261572401619551e+00
    7.450189527879735e+00      0.000000000000000e+00
    7.457683938640247e+00      0.000000000000000e+00
    7.465178349400757e+00      0.000000000000000e+00
    7.472672760161268e+00      0.000000000000000e+00
    7.480167170921780e+00      0.000000000000000e+00
    7.487661581682290e+00      0.000000000000000e+00
    7.495155992442801e+00      0.000000000000000e+00
    7.502650403203312e+00      0.000000000000000e+00
    7.510144813963823e+00      0.000000000000000e+00
    7.517639224724334e+00      0.000000000000000e+00
    7.525133635484845e+00      0.000000000000000e+00
    7.532628046245356e+00      0.000000000000000e+00
    7.540122457005866e+00      0.000000000000000e+00
    7.547616867766378e+00      0.000000000000000e+00
    7.555111278526889e+00      0.000000000000000e+00
    7.562605689287399e+00      0.000000000000000e+00
    7.570100100047910e+00      0.000000000000000e+00
    7.577594510808421e+00      0.000000000000000e+00
    7.585088921568932e+00      0.000000000000000e+00
    7.592583332329443e+00      9.046289606479275e+00
    7.600077743089954e+00      0.000000000000000e+00
    7.607572153850465e+00      0.000000000000000e+00
    7.615066564610975e+00      0.000000000000000e+00
    7.622560975371487e+00      0.000000000000000e+00
    7.630055386131998e+00      0.000000000000000e+00
    7.637549796892508e+00      0.000000000000000e+00
    7.645044207653020e+00      0.000000000000000e+00
    7.652538618413530e+00      0.000000000000000e+00
    7.660033029174041e+00      0.000000000000000e+00
    7.667527439934553e+00      0.000000000000000e+00
    7.675021850695063e+00      0.000000000000000e+00
    7.682516261455574e+00      0.000000000000000e+00
    7.690010672216085e+00      0.000000000000000e+00
    7.697505082976596e+00      0.000000000000000e+00
    7.704999493737107e+00      0.000000000000000e+00
    7.712493904497618e+00      0.000000000000000e+00
    7.719988315258129e+00      0.000000000000000e+00
    7.727482726018640e+00      0.000000000000000e+00
    7.734977136779150e+00      0.000000000000000e+00
    7.742471547539662e+00      2.261572401619819e+00
    7.749965958300172e+00      0.000000000000000e+00
    7.757460369060683e+00      0.000000000000000e+00
    7.764954779821195e+00      0.000000000000000e+00
    7.772449190581705e+00      0.000000000000000e+00
    7.779943601342216e+00      0.000000000000000e+00
    7.787438012102727e+00      0.000000000000000e+00
    7.794932422863238e+00      0.000000000000000e+00
    7.802426833623749e+00      0.000000000000000e+00
    7.809921244384260e+00      0.000000000000000e+00
    7.817415655144771e+00      0.000000000000000e+00
    7.824910065905281e+00      0.000000000000000e+00
    7.832404476665793e+00      0.000000000000000e+00
    7.839898887426304e+00      0.000000000000000e+00
    7.847393298186814e+00      0.000000000000000e+00
    7.854887708947325e+00      0.000000000000000e+00
    7.862382119707837e+00      0.000000000000000e+00
    7.869876530468347e+00      0.000000000000000e+00
    7.877370941228858e+00      0.000000000000000e+00
    7.884865351989369e+00      0.000000000000000e+00
    7.892359762749880e+00      4.523144803239101e+00
    7.899854173510391e+00      0.000000000000000e+00
    7.907348584270902e+00      0.000000000000000e+00
    7.914842995031413e+00      0.000000000000000e+00
    7.922337405791923e+00      0.000000000000000e+00
    7.929831816552435e+00      0.000000000000000e+00
    7.937326227312946e+00      0.000000000000000e+00
    7.944820638073456e+00      0.000000000000000e+00
    7.952315048833968e+00      0.000000000000000e+00
    7.959809459594478e+00      0.000000000000000e+00
    7.967303870354989e+00      0.000000000000000e+00
    7.974798281115500e+00      0.000000000000000e+00
    7.982292691876011e+00      0.000000000000000e+00
    7.989787102636522e+00      0.000000000000000e+00
    7.997281513397033e+00      0.000000000000000e+00
    8.004775924157544e+00      0.000000000000000e+00
    8.012270334918055e+00      0.000000000000000e+00
    8.019764745678565e+00      0.000000000000000e+00
    8.027259156439076e+00      0.000000000000000e+00
    8.034753567199587e+00      0.000000000000000e+00
    8.042247977960098e+00      2.261572401619551e+00
    8.049742388720610e+00      0.000000000000000e+00
    8.057236799481121e+00      0.000000000000000e+00
    8.064731210241632e+00      0.000000000000000e+00
    8.072225621002143e+00      0.000000000000000e+00
    8.079720031762653e+00      0.000000000000000e+00
    8.087214442523164e+00      0.000000000000000e+00
    8.094708853283674e+00      0.000000000000000e+00
    8.102203264044185e+00      0.000000000000000e+00
    8.109697674804696e+00      0.000000000000000e+00
    8.117192085565208e+00      0.000000000000000e+00
    8.124686496325719e+00      0.000000000000000e+00
    8.132180907086230e+00      0.000000000000000e+00
    8.139675317846741e+00      0.000000000000000e+00
    8.147169728607253e+00      0.000000000000000e+00
    8.154664139367762e+00      0.000000000000000e+00
    8.162158550128273e+00      0.000000000000000e+00
    8.169652960888783e+00      0.000000000000000e+00
    8.177147371649294e+00      0.000000000000000e+00
    8.184641782409805e+00      0.000000000000000e+00
    8.192136193170317e+00      0.000000000000000e+00
    8.199630603930828e+00      0.000000000000000e+00
    8.207125014691339e+00      0.000000000000000e+00
    8.214619425451851e+00      0.000000000000000e+00
    8.222113836212362e+00      0.000000000000000e+00
    8.229608246972871e+00      0.000000000000000e+00
    8.237102657733383e+00      0.000000000000000e+00
    8.244597068493894e+00      0.000000000000000e+00
    8.252091479254403e+00      0.000000000000000e+00
    8.259585890014915e+00      0.000000000000000e+00
    8.267080300775426e+00      0.000000000000000e+00
    8.274574711535937e+00      0.000000000000000e+00
    8.282069122296448e+00      0.000000000000000e+00
    8.289563533056960e+00      2.261572401619551e+00
    8.297057943817471e+00      0.000000000000000e+00
    8.304552354577980e+00      0.000000000000000e+00
    8.312046765338492e+00      0.000000000000000e+00
    8.319541176099003e+00      0.000000000000000e+00
    8.327035586859513e+00      0.000000000000000e+00
    8.334529997620024e+00      0.000000000000000e+00
    8.342024408380535e+00      0.000000000000000e+00
    8.349518819141046e+00      0.000000000000000e+00
    8.357013229901558e+00      0.000000000000000e+00
    8.364507640662069e+00      0.000000000000000e+00
    8.372002051422580e+00      0.000000000000000e+00
    8.379496462183091e+00      0.000000000000000e+00
    8.386990872943601e+00      0.000000000000000e+00
    8.394485283704112e+00      4.523144803240174e+00
    8.401979694464622e+00      0.000000000000000e+00
    8.409474105225133e+00      0.000000000000000e+00
    8.416968515985644e+00      0.000000000000000e+00
    8.424462926746155e+00      0.000000000000000e+00
    8.431957337506667e+00      0.000000000000000e+00
    8.439451748267178e+00      0.000000000000000e+00
    8.446946159027689e+00      0.000000000000000e+00
    8.454440569788201e+00      0.000000000000000e+00
    8.461934980548710e+00      0.000000000000000e+00
    8.469429391309221e+00      0.000000000000000e+00
    8.476923802069731e+00      0.000000000000000e+00
    8.484418212830242e+00      0.000000000000000e+00
    8.491912623590753e+00      2.261572401619551e+00
    8.499407034351265e+00      0.000000000000000e+00
    8.506901445111776e+00      0.000000000000000e+00
    8.514395855872287e+00      0.000000000000000e+00
    8.521890266632798e+00      0.000000000000000e+00
    8.529384677393310e+00      0.000000000000000e+00
    8.536879088153819e+00      0.000000000000000e+00
    8.544373498914331e+00      0.000000000000000e+00
    8.551867909674842e+00      0.000000000000000e+00
    8.559362320435351e+00      0.000000000000000e+00
    8.566856731195863e+00      0.000000000000000e+00
    8.574351141956374e+00      0.000000000000000e+00
    8.581845552716885e+00      0.000000000000000e+00
    8.589339963477396e+00      0.000000000000000e+00
    8.596834374237908e+00      6.784717204858652e+00
    8.604328784998419e+00      0.000000000000000e+00
    8.611823195758928e+00      0.000000000000000e+00
    8.619317606519440e+00      0.000000000000000e+00
    8.626812017279951e+00      0.000000000000000e+00
    8.634306428040460e+00      0.000000000000000e+00
    8.641800838800972e+00      2.261572401619551e+00
    8.649295249561483e+00      0.000000000000000e+00
    8.656789660321994e+00      0.000000000000000e+00
    8.664284071082506e+00      0.000000000000000e+00
    8.671778481843017e+00      0.000000000000000e+00
    8.679272892603528e+00      0.000000000000000e+00
    8.686767303364038e+00      0.000000000000000e+00
    8.694261714124549e+00      4.523144803239101e+00
    8.701756124885060e+00      0.000000000000000e+00
    8.709250535645570e+00      0.000000000000000e+00
    8.716744946406081e+00      0.000000000000000e+00
    8.724239357166592e+00      0.000000000000000e+00
    8.731733767927103e+00      0.000000000000000e+00
    8.739228178687615e+00      0.000000000000000e+00
    8.746722589448126e+00      2.261572401619551e+00
    8.754217000208637e+00      0.000000000000000e+00
    8.761711410969149e+00      0.000000000000000e+00
    8.769205821729658e+00      0.000000000000000e+00
    8.776700232490169e+00      0.000000000000000e+00
    8.784194643250679e+00      0.000000000000000e+00
    8.791689054011190e+00      6.784717204858652e+00
    8.799183464771701e+00      0.000000000000000e+00
    8.806677875532213e+00      0.000000000000000e+00
    8.814172286292724e+00      0.000000000000000e+00
    8.821666697053235e+00      0.000000000000000e+00
    8.829161107813746e+00      0.000000000000000e+00
    8.836655518574258e+00      0.000000000000000e+00
    8.844149929334767e+00      2.261572401619551e+00
    8.851644340095278e+00      0.000000000000000e+00
    8.859138750855788e+00      0.000000000000000e+00
    8.866633161616299e+00      0.000000000000000e+00
    8.874127572376810e+00      0.000000000000000e+00
    8.881621983137322e+00      0.000000000000000e+00
    8.889116393897833e+00      0.000000000000000e+00
    8.896610804658344e+00      4.523144803239101e+00
    8.904105215418856e+00      0.000000000000000e+00
    8.911599626179367e+00      0.000000000000000e+00
    8.919094036939876e+00      0.000000000000000e+00
    8.926588447700388e+00      0.000000000000000e+00
    8.934082858460899e+00      0.000000000000000e+00
    8.941577269221408e+00      0.000000000000000e+00
    8.949071679981920e+00      2.261572401619551e+00
    8.956566090742431e+00      0.000000000000000e+00
    8.964060501502942e+00      0.000000000000000e+00
    8.971554912263453e+00      0.000000000000000e+00
    8.979049323023965e+00      0.000000000000000e+00
    8.986543733784476e+00      2.261572401620087e+00
