                     bin:                     prob.:
    1.083936758116390e+02      7.023466568174602e-02
    1.086349975631965e+02      0.000000000000000e+00
    1.088763193147539e+02      0.000000000000000e+00
    1.091176410663114e+02      0.000000000000000e+00
    1.093589628178689e+02      0.000000000000000e+00
    1.096002845694264e+02      0.000000000000000e+00
    1.098416063209838e+02      0.000000000000000e+00
    1.100829280725413e+02      0.000000000000000e+00
    1.103242498240988e+02      0.000000000000000e+00
    1.105655715756563e+02      0.000000000000000e+00
    1.108068933272137e+02      0.000000000000000e+00
    1.110482150787712e+02      0.000000000000000e+00
    1.112895368303287e+02      0.000000000000000e+00
    1.115308585818862e+02      0.000000000000000e+00
    1.117721803334436e+02      0.000000000000000e+00
    1.120135020850011e+02      0.000000000000000e+00
    1.122548238365586e+02      0.000000000000000e+00
    1.124961455881161e+02      0.000000000000000e+00
    1.127374673396735e+02      0.000000000000000e+00
    1.129787890912310e+02      0.000000000000000e+00
    1.132201108427885e+02      0.000000000000000e+00
    1.134614325943460e+02      0.000000000000000e+00
    1.137027543459034e+02      0.000000000000000e+00
    1.139440760974609e+02      0.000000000000000e+00
    1.141853978490184e+02      0.000000000000000e+00
    1.144267196005759e+02      0.000000000000000e+00
    1.146680413521333e+02      0.000000000000000e+00
    1.149093631036908e+02      0.000000000000000e+00
    1.151506848552483e+02      0.000000000000000e+00
    1.153920066068058e+02      0.000000000000000e+00
    1.156333283583632e+02      0.000000000000000e+00
    1.158746501099207e+02      0.000000000000000e+00
    1.161159718614782e+02      0.000000000000000e+00
    1.163572936130357e+02      0.000000000000000e+00
    1.165986153645931e+02      0.000000000000000e+00
    1.168399371161506e+02      0.000000000000000e+00
    1.170812588677081e+02      0.000000000000000e+00
    1.173225806192656e+02      0.000000000000000e+00
    1.175639023708230e+02      0.000000000000000e+00
    1.178052241223805e+02      0.000000000000000e+00
    1.180465458739380e+02      0.000000000000000e+00
    1.182878676254955e+02      0.000000000000000e+00
    1.185291893770529e+02      0.000000000000000e+00
    1.187705111286104e+02      0.000000000000000e+00
    1.190118328801679e+02      0.000000000000000e+00
    1.192531546317254e+02      0.000000000000000e+00
    1.194944763832828e+02      0.000000000000000e+00
    1.197357981348403e+02      0.000000000000000e+00
    1.199771198863978e+02      0.000000000000000e+00
    1.202184416379553e+02      0.000000000000000e+00
    1.204597633895127e+02      0.000000000000000e+00
    1.207010851410702e+02      0.000000000000000e+00
    1.209424068926277e+02      0.000000000000000e+00
    1.211837286441852e+02      0.000000000000000e+00
    1.214250503957426e+02      0.000000000000000e+00
    1.216663721473001e+02      0.000000000000000e+00
    1.219076938988576e+02      0.000000000000000e+00
    1.221490156504151e+02      0.000000000000000e+00
    1.223903374019725e+02      0.000000000000000e+00
    1.226316591535300e+02      0.000000000000000e+00
    1.228729809050875e+02      0.000000000000000e+00
    1.231143026566450e+02      0.000000000000000e+00
    1.233556244082024e+02      0.000000000000000e+00
    1.235969461597599e+02      0.000000000000000e+00
    1.238382679113174e+02      0.000000000000000e+00
    1.240795896628749e+02      0.000000000000000e+00
    1.243209114144323e+02      0.000000000000000e+00
    1.245622331659898e+02      0.000000000000000e+00
    1.248035549175473e+02      0.000000000000000e+00
    1.250448766691048e+02      0.000000000000000e+00
    1.252861984206622e+02      0.000000000000000e+00
    1.255275201722197e+02      0.000000000000000e+00
    1.257688419237772e+02      0.000000000000000e+00
    1.260101636753347e+02      0.000000000000000e+00
    1.262514854268921e+02      0.000000000000000e+00
    1.264928071784496e+02      0.000000000000000e+00
    1.267341289300071e+02      0.000000000000000e+00
    1.269754506815646e+02      0.000000000000000e+00
    1.272167724331220e+02      0.000000000000000e+00
    1.274580941846795e+02      0.000000000000000e+00
    1.276994159362370e+02      0.000000000000000e+00
    1.279407376877945e+02      0.000000000000000e+00
    1.281820594393519e+02      0.000000000000000e+00
    1.284233811909094e+02      0.000000000000000e+00
    1.286647029424669e+02      0.000000000000000e+00
    1.289060246940244e+02      0.000000000000000e+00
    1.291473464455818e+02      0.000000000000000e+00
    1.293886681971393e+02      0.000000000000000e+00
    1.296299899486968e+02      0.000000000000000e+00
    1.298713117002542e+02      0.000000000000000e+00
    1.301126334518117e+02      0.000000000000000e+00
    1.303539552033692e+02      0.000000000000000e+00
    1.305952769549267e+02      0.000000000000000e+00
    1.308365987064842e+02      0.000000000000000e+00
    1.310779204580416e+02      0.000000000000000e+00
    1.313192422095991e+02      0.000000000000000e+00
    1.315605639611566e+02      0.000000000000000e+00
    1.318018857127140e+02      0.000000000000000e+00
    1.320432074642715e+02      0.000000000000000e+00
    1.322845292158290e+02      0.000000000000000e+00
    1.325258509673865e+02      0.000000000000000e+00
    1.327671727189440e+02      0.000000000000000e+00
    1.330084944705014e+02      0.000000000000000e+00
    1.332498162220589e+02      0.000000000000000e+00
    1.334911379736164e+02      0.000000000000000e+00
    1.337324597251738e+02      0.000000000000000e+00
    1.339737814767313e+02      0.000000000000000e+00
    1.342151032282888e+02      0.000000000000000e+00
    1.344564249798463e+02      0.000000000000000e+00
    1.346977467314038e+02      0.000000000000000e+00
    1.349390684829612e+02      0.000000000000000e+00
    1.351803902345187e+02      0.000000000000000e+00
    1.354217119860762e+02      0.000000000000000e+00
    1.356630337376336e+02      0.000000000000000e+00
    1.359043554891911e+02      0.000000000000000e+00
    1.361456772407486e+02      0.000000000000000e+00
    1.363869989923061e+02      0.000000000000000e+00
    1.366283207438636e+02      0.000000000000000e+00
    1.368696424954210e+02      0.000000000000000e+00
    1.371109642469785e+02      0.000000000000000e+00
    1.373522859985360e+02      0.000000000000000e+00
    1.375936077500934e+02      0.000000000000000e+00
    1.378349295016509e+02      0.000000000000000e+00
    1.380762512532084e+02      0.000000000000000e+00
    1.383175730047659e+02      0.000000000000000e+00
    1.385588947563234e+02      0.000000000000000e+00
    1.388002165078808e+02      0.000000000000000e+00
    1.390415382594383e+02      0.000000000000000e+00
    1.392828600109958e+02      0.000000000000000e+00
    1.395241817625532e+02      0.000000000000000e+00
    1.397655035141107e+02      0.000000000000000e+00
    1.400068252656682e+02      0.000000000000000e+00
    1.402481470172257e+02      0.000000000000000e+00
    1.404894687687831e+02      0.000000000000000e+00
    1.407307905203406e+02      0.000000000000000e+00
    1.409721122718981e+02      0.000000000000000e+00
    1.412134340234556e+02      0.000000000000000e+00
    1.414547557750130e+02      0.000000000000000e+00
    1.416960775265705e+02      0.000000000000000e+00
    1.419373992781280e+02      0.000000000000000e+00
    1.421787210296854e+02      0.000000000000000e+00
    1.424200427812429e+02      0.000000000000000e+00
    1.426613645328004e+02      0.000000000000000e+00
    1.429026862843579e+02      0.000000000000000e+00
    1.431440080359154e+02      0.000000000000000e+00
    1.433853297874728e+02      0.000000000000000e+00
    1.436266515390303e+02      0.000000000000000e+00
    1.438679732905878e+02      0.000000000000000e+00
    1.441092950421453e+02      0.000000000000000e+00
    1.443506167937027e+02      0.000000000000000e+00
    1.445919385452602e+02      0.000000000000000e+00
    1.448332602968177e+02      0.000000000000000e+00
    1.450745820483752e+02      0.000000000000000e+00
    1.453159037999326e+02      0.000000000000000e+00
    1.455572255514901e+02      0.000000000000000e+00
    1.457985473030476e+02      0.000000000000000e+00
    1.460398690546050e+02      0.000000000000000e+00
    1.462811908061625e+02      0.000000000000000e+00
    1.465225125577200e+02      0.000000000000000e+00
    1.467638343092775e+02      0.000000000000000e+00
    1.470051560608350e+02      0.000000000000000e+00
    1.472464778123924e+02      0.000000000000000e+00
    1.474877995639499e+02      0.000000000000000e+00
    1.477291213155074e+02      0.000000000000000e+00
    1.479704430670648e+02      0.000000000000000e+00
    1.482117648186223e+02      0.000000000000000e+00
    1.484530865701798e+02      0.000000000000000e+00
    1.486944083217373e+02      0.000000000000000e+00
    1.489357300732948e+02      0.000000000000000e+00
    1.491770518248522e+02      0.000000000000000e+00
    1.494183735764097e+02      0.000000000000000e+00
    1.496596953279672e+02      0.000000000000000e+00
    1.499010170795246e+02      0.000000000000000e+00
    1.501423388310821e+02      0.000000000000000e+00
    1.503836605826396e+02      0.000000000000000e+00
    1.506249823341971e+02      0.000000000000000e+00
    1.508663040857546e+02      0.000000000000000e+00
    1.511076258373120e+02      0.000000000000000e+00
    1.513489475888695e+02      0.000000000000000e+00
    1.515902693404270e+02      0.000000000000000e+00
    1.518315910919844e+02      0.000000000000000e+00
    1.520729128435419e+02      0.000000000000000e+00
    1.523142345950994e+02      0.000000000000000e+00
    1.525555563466569e+02      0.000000000000000e+00
    1.527968780982143e+02      0.000000000000000e+00
    1.530381998497718e+02      0.000000000000000e+00
    1.532795216013293e+02      0.000000000000000e+00
    1.535208433528868e+02      0.000000000000000e+00
    1.537621651044443e+02      0.000000000000000e+00
    1.540034868560017e+02      0.000000000000000e+00
    1.542448086075592e+02      0.000000000000000e+00
    1.544861303591167e+02      0.000000000000000e+00
    1.547274521106742e+02      0.000000000000000e+00
    1.549687738622316e+02      0.000000000000000e+00
    1.552100956137891e+02      0.000000000000000e+00
    1.554514173653466e+02      0.000000000000000e+00
    1.556927391169041e+02      0.000000000000000e+00
    1.559340608684615e+02      0.000000000000000e+00
    1.561753826200190e+02      0.000000000000000e+00
    1.564167043715765e+02      0.000000000000000e+00
    1.566580261231339e+02      0.000000000000000e+00
    1.568993478746914e+02      0.000000000000000e+00
    1.571406696262489e+02      0.000000000000000e+00
    1.573819913778064e+02      0.000000000000000e+00
    1.576233131293639e+02      0.000000000000000e+00
    1.578646348809213e+02      0.000000000000000e+00
    1.581059566324788e+02      0.000000000000000e+00
    1.583472783840363e+02      0.000000000000000e+00
    1.585886001355937e+02      0.000000000000000e+00
    1.588299218871512e+02      0.000000000000000e+00
    1.590712436387087e+02      0.000000000000000e+00
    1.593125653902662e+02      0.000000000000000e+00
    1.595538871418237e+02      0.000000000000000e+00
    1.597952088933811e+02      0.000000000000000e+00
    1.600365306449386e+02      0.000000000000000e+00
    1.602778523964961e+02      0.000000000000000e+00
    1.605191741480535e+02      0.000000000000000e+00
    1.607604958996110e+02      0.000000000000000e+00
    1.610018176511685e+02      0.000000000000000e+00
    1.612431394027260e+02      0.000000000000000e+00
    1.614844611542835e+02      0.000000000000000e+00
    1.617257829058409e+02      0.000000000000000e+00
    1.619671046573984e+02      0.000000000000000e+00
    1.622084264089559e+02      0.000000000000000e+00
    1.624497481605133e+02      0.000000000000000e+00
    1.626910699120708e+02      0.000000000000000e+00
    1.629323916636283e+02      0.000000000000000e+00
    1.631737134151858e+02      0.000000000000000e+00
    1.634150351667432e+02      0.000000000000000e+00
    1.636563569183007e+02      0.000000000000000e+00
    1.638976786698582e+02      0.000000000000000e+00
    1.641390004214157e+02      0.000000000000000e+00
    1.643803221729731e+02      0.000000000000000e+00
    1.646216439245306e+02      0.000000000000000e+00
    1.648629656760881e+02      0.000000000000000e+00
    1.651042874276455e+02      0.000000000000000e+00
    1.653456091792031e+02      0.000000000000000e+00
    1.655869309307605e+02      0.000000000000000e+00
    1.658282526823180e+02      0.000000000000000e+00
    1.660695744338755e+02      0.000000000000000e+00
    1.663108961854329e+02      0.000000000000000e+00
    1.665522179369904e+02      0.000000000000000e+00
    1.667935396885479e+02      0.000000000000000e+00
    1.670348614401054e+02      0.000000000000000e+00
    1.672761831916628e+02      0.000000000000000e+00
    1.675175049432203e+02      0.000000000000000e+00
    1.677588266947778e+02      0.000000000000000e+00
    1.680001484463353e+02      0.000000000000000e+00
    1.682414701978927e+02      0.000000000000000e+00
    1.684827919494502e+02      0.000000000000000e+00
    1.687241137010077e+02      0.000000000000000e+00
    1.689654354525651e+02      0.000000000000000e+00
    1.692067572041226e+02      0.000000000000000e+00
    1.694480789556801e+02      0.000000000000000e+00
    1.696894007072376e+02      0.000000000000000e+00
    1.699307224587951e+02      0.000000000000000e+00
    1.701720442103525e+02      0.000000000000000e+00
    1.704133659619100e+02      0.000000000000000e+00
    1.706546877134675e+02      0.000000000000000e+00
    1.708960094650249e+02      0.000000000000000e+00
    1.711373312165824e+02      0.000000000000000e+00
    1.713786529681399e+02      0.000000000000000e+00
    1.716199747196974e+02      0.000000000000000e+00
    1.718612964712549e+02      0.000000000000000e+00
    1.721026182228123e+02      0.000000000000000e+00
    1.723439399743698e+02      0.000000000000000e+00
    1.725852617259273e+02      0.000000000000000e+00
    1.728265834774847e+02      0.000000000000000e+00
    1.730679052290422e+02      0.000000000000000e+00
    1.733092269805997e+02      0.000000000000000e+00
    1.735505487321572e+02      0.000000000000000e+00
    1.737918704837147e+02      0.000000000000000e+00
    1.740331922352721e+02      0.000000000000000e+00
    1.742745139868296e+02      0.000000000000000e+00
    1.745158357383871e+02      0.000000000000000e+00
    1.747571574899445e+02      0.000000000000000e+00
    1.749984792415020e+02      0.000000000000000e+00
    1.752398009930595e+02      0.000000000000000e+00
    1.754811227446170e+02      0.000000000000000e+00
    1.757224444961744e+02      0.000000000000000e+00
    1.759637662477319e+02      0.000000000000000e+00
    1.762050879992894e+02      0.000000000000000e+00
    1.764464097508469e+02      0.000000000000000e+00
    1.766877315024043e+02      1.404693313634920e-01
    1.769290532539618e+02      0.000000000000000e+00
    1.771703750055193e+02      0.000000000000000e+00
    1.774116967570768e+02      0.000000000000000e+00
    1.776530185086343e+02      0.000000000000000e+00
    1.778943402601917e+02      0.000000000000000e+00
    1.781356620117492e+02      0.000000000000000e+00
    1.783769837633067e+02      0.000000000000000e+00
    1.786183055148641e+02      0.000000000000000e+00
    1.788596272664216e+02      0.000000000000000e+00
    1.791009490179791e+02      0.000000000000000e+00
    1.793422707695366e+02      0.000000000000000e+00
    1.795835925210940e+02      0.000000000000000e+00
    1.798249142726515e+02      0.000000000000000e+00
    1.800662360242090e+02      0.000000000000000e+00
    1.803075577757665e+02      0.000000000000000e+00
    1.805488795273239e+02      0.000000000000000e+00
    1.807902012788814e+02      0.000000000000000e+00
    1.810315230304389e+02      0.000000000000000e+00
    1.812728447819964e+02      0.000000000000000e+00
    1.815141665335539e+02      0.000000000000000e+00
    1.817554882851113e+02      0.000000000000000e+00
    1.819968100366688e+02      0.000000000000000e+00
    1.822381317882263e+02      0.000000000000000e+00
    1.824794535397837e+02      0.000000000000000e+00
    1.827207752913412e+02      0.000000000000000e+00
    1.829620970428987e+02      0.000000000000000e+00
    1.832034187944562e+02      0.000000000000000e+00
    1.834447405460136e+02      0.000000000000000e+00
    1.836860622975711e+02      0.000000000000000e+00
    1.839273840491286e+02      0.000000000000000e+00
    1.841687058006861e+02      0.000000000000000e+00
    1.844100275522435e+02      0.000000000000000e+00
    1.846513493038010e+02      0.000000000000000e+00
    1.848926710553585e+02      0.000000000000000e+00
    1.851339928069160e+02      0.000000000000000e+00
    1.853753145584734e+02      0.000000000000000e+00
    1.856166363100309e+02      0.000000000000000e+00
    1.858579580615884e+02      0.000000000000000e+00
    1.860992798131459e+02      0.000000000000000e+00
    1.863406015647033e+02      0.000000000000000e+00
    1.865819233162608e+02      0.000000000000000e+00
    1.868232450678183e+02      0.000000000000000e+00
    1.870645668193758e+02      0.000000000000000e+00
    1.873058885709332e+02      0.000000000000000e+00
    1.875472103224907e+02      0.000000000000000e+00
    1.877885320740482e+02      0.000000000000000e+00
    1.880298538256056e+02      0.000000000000000e+00
    1.882711755771631e+02      0.000000000000000e+00
    1.885124973287206e+02      0.000000000000000e+00
    1.887538190802781e+02      0.000000000000000e+00
    1.889951408318356e+02      0.000000000000000e+00
    1.892364625833930e+02      0.000000000000000e+00
    1.894777843349505e+02      0.000000000000000e+00
    1.897191060865080e+02      0.000000000000000e+00
    1.899604278380655e+02      0.000000000000000e+00
    1.902017495896229e+02      0.000000000000000e+00
    1.904430713411804e+02      0.000000000000000e+00
    1.906843930927379e+02      0.000000000000000e+00
    1.909257148442954e+02      0.000000000000000e+00
    1.911670365958528e+02      0.000000000000000e+00
    1.914083583474103e+02      0.000000000000000e+00
    1.916496800989678e+02      0.000000000000000e+00
    1.918910018505252e+02      0.000000000000000e+00
    1.921323236020827e+02      0.000000000000000e+00
    1.923736453536402e+02      0.000000000000000e+00
    1.926149671051977e+02      0.000000000000000e+00
    1.928562888567552e+02      0.000000000000000e+00
    1.930976106083126e+02      0.000000000000000e+00
    1.933389323598701e+02      0.000000000000000e+00
    1.935802541114276e+02      0.000000000000000e+00
    1.938215758629851e+02      0.000000000000000e+00
    1.940628976145425e+02      0.000000000000000e+00
    1.943042193661000e+02      0.000000000000000e+00
    1.945455411176575e+02      0.000000000000000e+00
    1.947868628692150e+02      0.000000000000000e+00
    1.950281846207724e+02      0.000000000000000e+00
    1.952695063723299e+02      0.000000000000000e+00
    1.955108281238874e+02      0.000000000000000e+00
    1.957521498754448e+02      0.000000000000000e+00
    1.959934716270023e+02      0.000000000000000e+00
    1.962347933785598e+02      0.000000000000000e+00
    1.964761151301173e+02      0.000000000000000e+00
    1.967174368816748e+02      0.000000000000000e+00
    1.969587586332322e+02      0.000000000000000e+00
    1.972000803847897e+02      0.000000000000000e+00
    1.974414021363472e+02      0.000000000000000e+00
    1.976827238879047e+02      0.000000000000000e+00
    1.979240456394621e+02      0.000000000000000e+00
    1.981653673910196e+02      0.000000000000000e+00
    1.984066891425771e+02      0.000000000000000e+00
    1.986480108941345e+02      0.000000000000000e+00
    1.988893326456920e+02      0.000000000000000e+00
    1.991306543972495e+02      0.000000000000000e+00
    1.993719761488070e+02      0.000000000000000e+00
    1.996132979003644e+02      0.000000000000000e+00
    1.998546196519219e+02      0.000000000000000e+00
    2.000959414034794e+02      0.000000000000000e+00
    2.003372631550369e+02      0.000000000000000e+00
    2.005785849065944e+02      0.000000000000000e+00
    2.008199066581518e+02      0.000000000000000e+00
    2.010612284097093e+02      0.000000000000000e+00
    2.013025501612668e+02      0.000000000000000e+00
    2.015438719128242e+02      0.000000000000000e+00
    2.017851936643817e+02      0.000000000000000e+00
    2.020265154159392e+02      0.000000000000000e+00
    2.022678371674967e+02      0.000000000000000e+00
    2.025091589190541e+02      0.000000000000000e+00
    2.027504806706116e+02      0.000000000000000e+00
    2.029918024221691e+02      0.000000000000000e+00
    2.032331241737266e+02      0.000000000000000e+00
    2.034744459252840e+02      0.000000000000000e+00
    2.037157676768415e+02      0.000000000000000e+00
    2.039570894283990e+02      0.000000000000000e+00
    2.041984111799565e+02      0.000000000000000e+00
    2.044397329315140e+02      0.000000000000000e+00
    2.046810546830714e+02      0.000000000000000e+00
    2.049223764346289e+02      0.000000000000000e+00
    2.051636981861864e+02      0.000000000000000e+00
    2.054050199377438e+02      0.000000000000000e+00
    2.056463416893013e+02      0.000000000000000e+00
    2.058876634408588e+02      0.000000000000000e+00
    2.061289851924163e+02      0.000000000000000e+00
    2.063703069439737e+02      0.000000000000000e+00
    2.066116286955312e+02      0.000000000000000e+00
    2.068529504470887e+02      0.000000000000000e+00
    2.070942721986462e+02      0.000000000000000e+00
    2.073355939502036e+02      0.000000000000000e+00
    2.075769157017611e+02      0.000000000000000e+00
    2.078182374533186e+02      0.000000000000000e+00
    2.080595592048761e+02      0.000000000000000e+00
    2.083008809564336e+02      0.000000000000000e+00
    2.085422027079910e+02      0.000000000000000e+00
    2.087835244595485e+02      0.000000000000000e+00
    2.090248462111060e+02      0.000000000000000e+00
    2.092661679626634e+02      0.000000000000000e+00
    2.095074897142209e+02      0.000000000000000e+00
    2.097488114657784e+02      0.000000000000000e+00
    2.099901332173359e+02      0.000000000000000e+00
    2.102314549688933e+02      0.000000000000000e+00
    2.104727767204508e+02      0.000000000000000e+00
    2.107140984720083e+02      0.000000000000000e+00
    2.109554202235658e+02      7.023466568174602e-02
    2.111967419751232e+02      0.000000000000000e+00
    2.114380637266807e+02      0.000000000000000e+00
    2.116793854782382e+02      0.000000000000000e+00
    2.119207072297957e+02      0.000000000000000e+00
    2.121620289813531e+02      0.000000000000000e+00
    2.124033507329106e+02      0.000000000000000e+00
    2.126446724844681e+02      0.000000000000000e+00
    2.128859942360256e+02      0.000000000000000e+00
    2.131273159875830e+02      0.000000000000000e+00
    2.133686377391405e+02      0.000000000000000e+00
    2.136099594906980e+02      0.000000000000000e+00
    2.138512812422555e+02      0.000000000000000e+00
    2.140926029938129e+02      0.000000000000000e+00
    2.143339247453704e+02      0.000000000000000e+00
    2.145752464969279e+02      0.000000000000000e+00
    2.148165682484853e+02      0.000000000000000e+00
    2.150578900000428e+02      0.000000000000000e+00
    2.152992117516003e+02      0.000000000000000e+00
    2.155405335031578e+02      0.000000000000000e+00
    2.157818552547153e+02      0.000000000000000e+00
    2.160231770062727e+02      0.000000000000000e+00
    2.162644987578302e+02      0.000000000000000e+00
    2.165058205093877e+02      0.000000000000000e+00
    2.167471422609452e+02      0.000000000000000e+00
    2.169884640125026e+02      0.000000000000000e+00
    2.172297857640601e+02      0.000000000000000e+00
    2.174711075156176e+02      0.000000000000000e+00
    2.177124292671751e+02      0.000000000000000e+00
    2.179537510187325e+02      0.000000000000000e+00
    2.181950727702900e+02      0.000000000000000e+00
    2.184363945218475e+02      0.000000000000000e+00
    2.186777162734049e+02      0.000000000000000e+00
    2.189190380249624e+02      0.000000000000000e+00
    2.191603597765199e+02      0.000000000000000e+00
    2.194016815280774e+02      0.000000000000000e+00
    2.196430032796349e+02      0.000000000000000e+00
    2.198843250311923e+02      0.000000000000000e+00
    2.201256467827498e+02      0.000000000000000e+00
    2.203669685343073e+02      0.000000000000000e+00
    2.206082902858648e+02      0.000000000000000e+00
    2.208496120374222e+02      0.000000000000000e+00
    2.210909337889797e+02      0.000000000000000e+00
    2.213322555405372e+02      0.000000000000000e+00
    2.215735772920947e+02      0.000000000000000e+00
    2.218148990436521e+02      0.000000000000000e+00
    2.220562207952096e+02      0.000000000000000e+00
    2.222975425467671e+02      0.000000000000000e+00
    2.225388642983245e+02      0.000000000000000e+00
    2.227801860498820e+02      0.000000000000000e+00
    2.230215078014395e+02      0.000000000000000e+00
    2.232628295529970e+02      0.000000000000000e+00
    2.235041513045545e+02      0.000000000000000e+00
    2.237454730561119e+02      0.000000000000000e+00
    2.239867948076694e+02      0.000000000000000e+00
    2.242281165592269e+02      0.000000000000000e+00
    2.244694383107843e+02      0.000000000000000e+00
    2.247107600623418e+02      0.000000000000000e+00
    2.249520818138993e+02      0.000000000000000e+00
    2.251934035654568e+02      0.000000000000000e+00
    2.254347253170142e+02      0.000000000000000e+00
    2.256760470685717e+02      0.000000000000000e+00
    2.259173688201292e+02      0.000000000000000e+00
    2.261586905716867e+02      0.000000000000000e+00
    2.264000123232441e+02      0.000000000000000e+00
    2.266413340748016e+02      0.000000000000000e+00
    2.268826558263591e+02      0.000000000000000e+00
    2.271239775779165e+02      0.000000000000000e+00
    2.273652993294741e+02      0.000000000000000e+00
    2.276066210810315e+02      0.000000000000000e+00
    2.278479428325890e+02      0.000000000000000e+00
    2.280892645841465e+02      0.000000000000000e+00
    2.283305863357039e+02      0.000000000000000e+00
    2.285719080872614e+02      0.000000000000000e+00
    2.288132298388189e+02      0.000000000000000e+00
    2.290545515903764e+02      0.000000000000000e+00
    2.292958733419338e+02      0.000000000000000e+00
    2.295371950934913e+02      0.000000000000000e+00
    2.297785168450488e+02      0.000000000000000e+00
    2.300198385966063e+02      0.000000000000000e+00
    2.302611603481637e+02      0.000000000000000e+00
    2.305024820997212e+02      0.000000000000000e+00
    2.307438038512787e+02      0.000000000000000e+00
    2.309851256028361e+02      0.000000000000000e+00
    2.312264473543937e+02      0.000000000000000e+00
    2.314677691059511e+02      0.000000000000000e+00
    2.317090908575086e+02      0.000000000000000e+00
    2.319504126090661e+02      0.000000000000000e+00
    2.321917343606235e+02      0.000000000000000e+00
    2.324330561121810e+02      0.000000000000000e+00
    2.326743778637385e+02      0.000000000000000e+00
    2.329156996152960e+02      0.000000000000000e+00
    2.331570213668534e+02      0.000000000000000e+00
    2.333983431184109e+02      0.000000000000000e+00
    2.336396648699684e+02      0.000000000000000e+00
    2.338809866215259e+02      0.000000000000000e+00
    2.341223083730833e+02      0.000000000000000e+00
    2.343636301246408e+02      0.000000000000000e+00
    2.346049518761983e+02      0.000000000000000e+00
    2.348462736277557e+02      0.000000000000000e+00
    2.350875953793132e+02      0.000000000000000e+00
    2.353289171308707e+02      0.000000000000000e+00
    2.355702388824282e+02      0.000000000000000e+00
    2.358115606339857e+02      0.000000000000000e+00
    2.360528823855431e+02      0.000000000000000e+00
    2.362942041371006e+02      0.000000000000000e+00
    2.365355258886581e+02      0.000000000000000e+00
    2.367768476402156e+02      0.000000000000000e+00
    2.370181693917730e+02      0.000000000000000e+00
    2.372594911433305e+02      0.000000000000000e+00
    2.375008128948880e+02      0.000000000000000e+00
    2.377421346464454e+02      0.000000000000000e+00
    2.379834563980029e+02      0.000000000000000e+00
    2.382247781495604e+02      0.000000000000000e+00
    2.384660999011179e+02      0.000000000000000e+00
    2.387074216526754e+02      0.000000000000000e+00
    2.389487434042329e+02      0.000000000000000e+00
    2.391900651557903e+02      0.000000000000000e+00
    2.394313869073478e+02      0.000000000000000e+00
    2.396727086589053e+02      0.000000000000000e+00
    2.399140304104627e+02      0.000000000000000e+00
    2.401553521620202e+02      0.000000000000000e+00
    2.403966739135777e+02      0.000000000000000e+00
    2.406379956651352e+02      0.000000000000000e+00
    2.408793174166926e+02      0.000000000000000e+00
    2.411206391682501e+02      0.000000000000000e+00
    2.413619609198076e+02      0.000000000000000e+00
    2.416032826713650e+02      0.000000000000000e+00
    2.418446044229225e+02      0.000000000000000e+00
    2.420859261744800e+02      0.000000000000000e+00
    2.423272479260375e+02      0.000000000000000e+00
    2.425685696775950e+02      0.000000000000000e+00
    2.428098914291524e+02      0.000000000000000e+00
    2.430512131807099e+02      0.000000000000000e+00
    2.432925349322674e+02      0.000000000000000e+00
    2.435338566838249e+02      0.000000000000000e+00
    2.437751784353823e+02      0.000000000000000e+00
    2.440165001869398e+02      0.000000000000000e+00
    2.442578219384973e+02      0.000000000000000e+00
    2.444991436900547e+02      0.000000000000000e+00
    2.447404654416122e+02      0.000000000000000e+00
    2.449817871931697e+02      1.404693313634755e-01
    2.452231089447272e+02      0.000000000000000e+00
    2.454644306962846e+02      0.000000000000000e+00
    2.457057524478421e+02      0.000000000000000e+00
    2.459470741993996e+02      0.000000000000000e+00
    2.461883959509570e+02      0.000000000000000e+00
    2.464297177025146e+02      0.000000000000000e+00
    2.466710394540720e+02      0.000000000000000e+00
    2.469123612056295e+02      0.000000000000000e+00
    2.471536829571870e+02      0.000000000000000e+00
    2.473950047087445e+02      0.000000000000000e+00
    2.476363264603019e+02      0.000000000000000e+00
    2.478776482118594e+02      0.000000000000000e+00
    2.481189699634169e+02      0.000000000000000e+00
    2.483602917149743e+02      0.000000000000000e+00
    2.486016134665318e+02      0.000000000000000e+00
    2.488429352180893e+02      0.000000000000000e+00
    2.490842569696468e+02      0.000000000000000e+00
    2.493255787212042e+02      0.000000000000000e+00
    2.495669004727617e+02      0.000000000000000e+00
    2.498082222243192e+02      0.000000000000000e+00
    2.500495439758766e+02      0.000000000000000e+00
    2.502908657274342e+02      0.000000000000000e+00
    2.505321874789916e+02      0.000000000000000e+00
    2.507735092305491e+02      0.000000000000000e+00
    2.510148309821066e+02      0.000000000000000e+00
    2.512561527336641e+02      0.000000000000000e+00
    2.514974744852215e+02      0.000000000000000e+00
    2.517387962367790e+02      0.000000000000000e+00
    2.519801179883365e+02      0.000000000000000e+00
    2.522214397398939e+02      0.000000000000000e+00
    2.524627614914514e+02      0.000000000000000e+00
    2.527040832430089e+02      0.000000000000000e+00
    2.529454049945664e+02      0.000000000000000e+00
    2.531867267461238e+02      0.000000000000000e+00
    2.534280484976813e+02      0.000000000000000e+00
    2.536693702492388e+02      0.000000000000000e+00
    2.539106920007962e+02      0.000000000000000e+00
    2.541520137523538e+02      0.000000000000000e+00
    2.543933355039112e+02      0.000000000000000e+00
    2.546346572554687e+02      0.000000000000000e+00
    2.548759790070262e+02      0.000000000000000e+00
    2.551173007585836e+02      0.000000000000000e+00
    2.553586225101411e+02      0.000000000000000e+00
    2.555999442616986e+02      0.000000000000000e+00
    2.558412660132561e+02      0.000000000000000e+00
    2.560825877648135e+02      0.000000000000000e+00
    2.563239095163710e+02      0.000000000000000e+00
    2.565652312679285e+02      0.000000000000000e+00
    2.568065530194860e+02      0.000000000000000e+00
    2.570478747710434e+02      0.000000000000000e+00
    2.572891965226009e+02      0.000000000000000e+00
    2.575305182741584e+02      0.000000000000000e+00
    2.577718400257158e+02      0.000000000000000e+00
    2.580131617772734e+02      0.000000000000000e+00
    2.582544835288308e+02      0.000000000000000e+00
    2.584958052803883e+02      0.000000000000000e+00
    2.587371270319458e+02      0.000000000000000e+00
    2.589784487835032e+02      0.000000000000000e+00
    2.592197705350607e+02      0.000000000000000e+00
    2.594610922866182e+02      0.000000000000000e+00
    2.597024140381757e+02      0.000000000000000e+00
    2.599437357897331e+02      0.000000000000000e+00
    2.601850575412906e+02      0.000000000000000e+00
    2.604263792928481e+02      0.000000000000000e+00
    2.606677010444055e+02      0.000000000000000e+00
    2.609090227959630e+02      0.000000000000000e+00
    2.611503445475205e+02      0.000000000000000e+00
    2.613916662990780e+02      0.000000000000000e+00
    2.616329880506354e+02      0.000000000000000e+00
    2.618743098021930e+02      0.000000000000000e+00
    2.621156315537504e+02      0.000000000000000e+00
    2.623569533053079e+02      0.000000000000000e+00
    2.625982750568654e+02      0.000000000000000e+00
    2.628395968084228e+02      0.000000000000000e+00
    2.630809185599803e+02      0.000000000000000e+00
    2.633222403115378e+02      0.000000000000000e+00
    2.635635620630953e+02      0.000000000000000e+00
    2.638048838146527e+02      0.000000000000000e+00
    2.640462055662102e+02      0.000000000000000e+00
    2.642875273177677e+02      0.000000000000000e+00
    2.645288490693251e+02      0.000000000000000e+00
    2.647701708208826e+02      0.000000000000000e+00
    2.650114925724401e+02      0.000000000000000e+00
    2.652528143239976e+02      0.000000000000000e+00
    2.654941360755550e+02      0.000000000000000e+00
    2.657354578271125e+02      0.000000000000000e+00
    2.659767795786700e+02      0.000000000000000e+00
    2.662181013302275e+02      0.000000000000000e+00
    2.664594230817850e+02      0.000000000000000e+00
    2.667007448333424e+02      0.000000000000000e+00
    2.669420665848999e+02      0.000000000000000e+00
    2.671833883364574e+02      0.000000000000000e+00
    2.674247100880149e+02      0.000000000000000e+00
    2.676660318395723e+02      0.000000000000000e+00
    2.679073535911298e+02      0.000000000000000e+00
    2.681486753426873e+02      0.000000000000000e+00
    2.683899970942447e+02      0.000000000000000e+00
    2.686313188458022e+02      0.000000000000000e+00
    2.688726405973597e+02      0.000000000000000e+00
    2.691139623489172e+02      0.000000000000000e+00
    2.693552841004746e+02      0.000000000000000e+00
    2.695966058520321e+02      0.000000000000000e+00
    2.698379276035896e+02      0.000000000000000e+00
    2.700792493551471e+02      0.000000000000000e+00
    2.703205711067046e+02      0.000000000000000e+00
    2.705618928582620e+02      0.000000000000000e+00
    2.708032146098195e+02      0.000000000000000e+00
    2.710445363613770e+02      0.000000000000000e+00
    2.712858581129344e+02      0.000000000000000e+00
    2.715271798644919e+02      0.000000000000000e+00
    2.717685016160494e+02      0.000000000000000e+00
    2.720098233676069e+02      0.000000000000000e+00
    2.722511451191643e+02      0.000000000000000e+00
    2.724924668707218e+02      0.000000000000000e+00
    2.727337886222793e+02      0.000000000000000e+00
    2.729751103738367e+02      0.000000000000000e+00
    2.732164321253942e+02      0.000000000000000e+00
    2.734577538769517e+02      0.000000000000000e+00
    2.736990756285092e+02      0.000000000000000e+00
    2.739403973800667e+02      0.000000000000000e+00
    2.741817191316242e+02      0.000000000000000e+00
    2.744230408831816e+02      0.000000000000000e+00
    2.746643626347391e+02      0.000000000000000e+00
    2.749056843862966e+02      0.000000000000000e+00
    2.751470061378540e+02      0.000000000000000e+00
    2.753883278894115e+02      0.000000000000000e+00
    2.756296496409690e+02      0.000000000000000e+00
    2.758709713925265e+02      0.000000000000000e+00
    2.761122931440839e+02      0.000000000000000e+00
    2.763536148956414e+02      0.000000000000000e+00
    2.765949366471989e+02      0.000000000000000e+00
    2.768362583987563e+02      0.000000000000000e+00
    2.770775801503138e+02      0.000000000000000e+00
    2.773189019018713e+02      0.000000000000000e+00
    2.775602236534288e+02      0.000000000000000e+00
    2.778015454049863e+02      0.000000000000000e+00
    2.780428671565438e+02      0.000000000000000e+00
    2.782841889081012e+02      0.000000000000000e+00
    2.785255106596587e+02      0.000000000000000e+00
    2.787668324112162e+02      0.000000000000000e+00
    2.790081541627736e+02      0.000000000000000e+00
    2.792494759143311e+02      7.023466568175429e-02
    2.794907976658886e+02      0.000000000000000e+00
    2.797321194174461e+02      0.000000000000000e+00
    2.799734411690035e+02      0.000000000000000e+00
    2.802147629205610e+02      0.000000000000000e+00
    2.804560846721185e+02      0.000000000000000e+00
    2.806974064236759e+02      0.000000000000000e+00
    2.809387281752335e+02      0.000000000000000e+00
    2.811800499267909e+02      0.000000000000000e+00
    2.814213716783484e+02      0.000000000000000e+00
    2.816626934299059e+02      0.000000000000000e+00
    2.819040151814633e+02      0.000000000000000e+00
    2.821453369330208e+02      0.000000000000000e+00
    2.823866586845783e+02      0.000000000000000e+00
    2.826279804361358e+02      0.000000000000000e+00
    2.828693021876932e+02      0.000000000000000e+00
    2.831106239392507e+02      0.000000000000000e+00
    2.833519456908082e+02      0.000000000000000e+00
    2.835932674423656e+02      0.000000000000000e+00
    2.838345891939231e+02      0.000000000000000e+00
    2.840759109454806e+02      0.000000000000000e+00
    2.843172326970381e+02      0.000000000000000e+00
    2.845585544485955e+02      0.000000000000000e+00
    2.847998762001531e+02      0.000000000000000e+00
    2.850411979517105e+02      0.000000000000000e+00
    2.852825197032680e+02      0.000000000000000e+00
    2.855238414548255e+02      0.000000000000000e+00
    2.857651632063829e+02      0.000000000000000e+00
    2.860064849579404e+02      0.000000000000000e+00
    2.862478067094979e+02      0.000000000000000e+00
    2.864891284610554e+02      0.000000000000000e+00
    2.867304502126128e+02      0.000000000000000e+00
    2.869717719641703e+02      0.000000000000000e+00
    2.872130937157278e+02      0.000000000000000e+00
    2.874544154672852e+02      0.000000000000000e+00
    2.876957372188427e+02      0.000000000000000e+00
    2.879370589704002e+02      0.000000000000000e+00
    2.881783807219577e+02      0.000000000000000e+00
    2.884197024735151e+02      0.000000000000000e+00
    2.886610242250727e+02      0.000000000000000e+00
    2.889023459766301e+02      0.000000000000000e+00
    2.891436677281876e+02      0.000000000000000e+00
    2.893849894797451e+02      0.000000000000000e+00
    2.896263112313025e+02      0.000000000000000e+00
    2.898676329828600e+02      0.000000000000000e+00
    2.901089547344175e+02      0.000000000000000e+00
    2.903502764859750e+02      0.000000000000000e+00
    2.905915982375324e+02      0.000000000000000e+00
    2.908329199890899e+02      0.000000000000000e+00
    2.910742417406474e+02      0.000000000000000e+00
    2.913155634922048e+02      0.000000000000000e+00
    2.915568852437623e+02      0.000000000000000e+00
    2.917982069953198e+02      0.000000000000000e+00
    2.920395287468773e+02      0.000000000000000e+00
    2.922808504984347e+02      0.000000000000000e+00
    2.925221722499922e+02      0.000000000000000e+00
    2.927634940015497e+02      0.000000000000000e+00
    2.930048157531072e+02      0.000000000000000e+00
    2.932461375046647e+02      0.000000000000000e+00
    2.934874592562221e+02      0.000000000000000e+00
    2.937287810077796e+02      0.000000000000000e+00
    2.939701027593371e+02      0.000000000000000e+00
    2.942114245108945e+02      0.000000000000000e+00
    2.944527462624520e+02      0.000000000000000e+00
    2.946940680140095e+02      0.000000000000000e+00
    2.949353897655670e+02      0.000000000000000e+00
    2.951767115171244e+02      0.000000000000000e+00
    2.954180332686819e+02      0.000000000000000e+00
    2.956593550202394e+02      0.000000000000000e+00
    2.959006767717969e+02      0.000000000000000e+00
    2.961419985233543e+02      0.000000000000000e+00
    2.963833202749118e+02      0.000000000000000e+00
    2.966246420264693e+02      0.000000000000000e+00
    2.968659637780268e+02      0.000000000000000e+00
    2.971072855295843e+02      0.000000000000000e+00
    2.973486072811417e+02      0.000000000000000e+00
    2.975899290326992e+02      0.000000000000000e+00
    2.978312507842567e+02      0.000000000000000e+00
    2.980725725358141e+02      0.000000000000000e+00
    2.983138942873716e+02      0.000000000000000e+00
    2.985552160389291e+02      0.000000000000000e+00
    2.987965377904866e+02      0.000000000000000e+00
    2.990378595420440e+02      0.000000000000000e+00
    2.992791812936015e+02      0.000000000000000e+00
    2.995205030451590e+02      0.000000000000000e+00
    2.997618247967164e+02      0.000000000000000e+00
    3.000031465482739e+02      0.000000000000000e+00
    3.002444682998314e+02      0.000000000000000e+00
    3.004857900513889e+02      0.000000000000000e+00
    3.007271118029464e+02      0.000000000000000e+00
    3.009684335545039e+02      0.000000000000000e+00
    3.012097553060613e+02      0.000000000000000e+00
    3.014510770576188e+02      0.000000000000000e+00
    3.016923988091763e+02      0.000000000000000e+00
    3.019337205607337e+02      0.000000000000000e+00
    3.021750423122912e+02      0.000000000000000e+00
    3.024163640638487e+02      0.000000000000000e+00
    3.026576858154062e+02      0.000000000000000e+00
    3.028990075669636e+02      0.000000000000000e+00
    3.031403293185211e+02      0.000000000000000e+00
    3.033816510700786e+02      0.000000000000000e+00
    3.036229728216360e+02      0.000000000000000e+00
    3.038642945731935e+02      0.000000000000000e+00
    3.041056163247510e+02      0.000000000000000e+00
    3.043469380763085e+02      0.000000000000000e+00
    3.045882598278660e+02      0.000000000000000e+00
    3.048295815794235e+02      0.000000000000000e+00
    3.050709033309809e+02      0.000000000000000e+00
    3.053122250825384e+02      0.000000000000000e+00
    3.055535468340959e+02      0.000000000000000e+00
    3.057948685856533e+02      0.000000000000000e+00
    3.060361903372108e+02      0.000000000000000e+00
    3.062775120887683e+02      0.000000000000000e+00
    3.065188338403258e+02      0.000000000000000e+00
    3.067601555918832e+02      0.000000000000000e+00
    3.070014773434407e+02      0.000000000000000e+00
    3.072427990949982e+02      0.000000000000000e+00
    3.074841208465556e+02      0.000000000000000e+00
    3.077254425981131e+02      0.000000000000000e+00
    3.079667643496706e+02      0.000000000000000e+00
    3.082080861012281e+02      0.000000000000000e+00
    3.084494078527856e+02      0.000000000000000e+00
    3.086907296043430e+02      0.000000000000000e+00
    3.089320513559005e+02      0.000000000000000e+00
    3.091733731074580e+02      0.000000000000000e+00
    3.094146948590155e+02      0.000000000000000e+00
    3.096560166105729e+02      0.000000000000000e+00
    3.098973383621304e+02      0.000000000000000e+00
    3.101386601136879e+02      0.000000000000000e+00
    3.103799818652453e+02      0.000000000000000e+00
    3.106213036168028e+02      0.000000000000000e+00
    3.108626253683603e+02      0.000000000000000e+00
    3.111039471199178e+02      0.000000000000000e+00
    3.113452688714752e+02      0.000000000000000e+00
    3.115865906230327e+02      0.000000000000000e+00
    3.118279123745902e+02      0.000000000000000e+00
    3.120692341261476e+02      0.000000000000000e+00
    3.123105558777052e+02      0.000000000000000e+00
    3.125518776292626e+02      0.000000000000000e+00
    3.127931993808201e+02      0.000000000000000e+00
    3.130345211323776e+02      0.000000000000000e+00
    3.132758428839351e+02      0.000000000000000e+00
    3.135171646354925e+02      0.000000000000000e+00
    3.137584863870500e+02      0.000000000000000e+00
    3.139998081386075e+02      0.000000000000000e+00
    3.142411298901649e+02      0.000000000000000e+00
    3.144824516417224e+02      0.000000000000000e+00
    3.147237733932799e+02      0.000000000000000e+00
    3.149650951448374e+02      0.000000000000000e+00
    3.152064168963948e+02      0.000000000000000e+00
    3.154477386479523e+02      0.000000000000000e+00
    3.156890603995098e+02      7.023466568175429e-02
    3.159303821510672e+02      0.000000000000000e+00
    3.161717039026248e+02      0.000000000000000e+00
    3.164130256541822e+02      0.000000000000000e+00
    3.166543474057397e+02      0.000000000000000e+00
    3.168956691572972e+02      0.000000000000000e+00
    3.171369909088547e+02      0.000000000000000e+00
    3.173783126604121e+02      0.000000000000000e+00
    3.176196344119696e+02      0.000000000000000e+00
    3.178609561635271e+02      0.000000000000000e+00
    3.181022779150845e+02      2.107039970452133e-01
    3.183435996666420e+02      0.000000000000000e+00
    3.185849214181995e+02      0.000000000000000e+00
    3.188262431697570e+02      0.000000000000000e+00
    3.190675649213144e+02      7.023466568175429e-02
    3.193088866728719e+02      0.000000000000000e+00
    3.195502084244294e+02      0.000000000000000e+00
    3.197915301759868e+02      0.000000000000000e+00
    3.200328519275444e+02      0.000000000000000e+00
    3.202741736791018e+02      2.107039970452133e-01
    3.205154954306593e+02      0.000000000000000e+00
    3.207568171822168e+02      7.023466568175429e-02
    3.209981389337742e+02      0.000000000000000e+00
    3.212394606853317e+02      0.000000000000000e+00
    3.214807824368892e+02      2.107039970452133e-01
    3.217221041884467e+02      0.000000000000000e+00
    3.219634259400041e+02      7.023466568173775e-02
    3.222047476915616e+02      0.000000000000000e+00
    3.224460694431191e+02      7.023466568175429e-02
    3.226873911946765e+02      0.000000000000000e+00
    3.229287129462340e+02      0.000000000000000e+00
    3.231700346977915e+02      0.000000000000000e+00
    3.234113564493490e+02      0.000000000000000e+00
    3.236526782009065e+02      0.000000000000000e+00
    3.238939999524640e+02      0.000000000000000e+00
    3.241353217040214e+02      0.000000000000000e+00
    3.243766434555789e+02      0.000000000000000e+00
    3.246179652071364e+02      0.000000000000000e+00
    3.248592869586938e+02      7.023466568173775e-02
    3.251006087102513e+02      0.000000000000000e+00
    3.253419304618088e+02      0.000000000000000e+00
    3.255832522133663e+02      0.000000000000000e+00
    3.258245739649237e+02      0.000000000000000e+00
    3.260658957164812e+02      0.000000000000000e+00
    3.263072174680387e+02      0.000000000000000e+00
    3.265485392195961e+02      0.000000000000000e+00
    3.267898609711536e+02      0.000000000000000e+00
    3.270311827227111e+02      2.107039970452133e-01
    3.272725044742686e+02      0.000000000000000e+00
    3.275138262258261e+02      0.000000000000000e+00
    3.277551479773836e+02      7.023466568175429e-02
    3.279964697289410e+02      0.000000000000000e+00
    3.282377914804985e+02      1.404693313634755e-01
    3.284791132320560e+02      0.000000000000000e+00
    3.287204349836134e+02      7.023466568173775e-02
    3.289617567351709e+02      0.000000000000000e+00
    3.292030784867284e+02      0.000000000000000e+00
    3.294444002382859e+02      1.404693313635086e-01
    3.296857219898433e+02      0.000000000000000e+00
    3.299270437414008e+02      7.023466568173775e-02
    3.301683654929583e+02      0.000000000000000e+00
    3.304096872445157e+02      1.404693313634755e-01
    3.306510089960732e+02      0.000000000000000e+00
    3.308923307476307e+02      0.000000000000000e+00
    3.311336524991882e+02      7.023466568175429e-02
    3.313749742507457e+02      0.000000000000000e+00
    3.316162960023031e+02      0.000000000000000e+00
    3.318576177538606e+02      0.000000000000000e+00
    3.320989395054181e+02      0.000000000000000e+00
    3.323402612569756e+02      0.000000000000000e+00
    3.325815830085330e+02      0.000000000000000e+00
    3.328229047600905e+02      0.000000000000000e+00
    3.330642265116480e+02      0.000000000000000e+00
    3.333055482632054e+02      0.000000000000000e+00
    3.335468700147629e+02      0.000000000000000e+00
    3.337881917663204e+02      0.000000000000000e+00
    3.340295135178779e+02      0.000000000000000e+00
    3.342708352694353e+02      0.000000000000000e+00
    3.345121570209928e+02      0.000000000000000e+00
    3.347534787725503e+02      0.000000000000000e+00
    3.349948005241078e+02      0.000000000000000e+00
    3.352361222756653e+02      0.000000000000000e+00
    3.354774440272227e+02      0.000000000000000e+00
    3.357187657787802e+02      0.000000000000000e+00
    3.359600875303377e+02      0.000000000000000e+00
    3.362014092818952e+02      7.023466568175429e-02
    3.364427310334526e+02      0.000000000000000e+00
    3.366840527850101e+02      0.000000000000000e+00
    3.369253745365676e+02      0.000000000000000e+00
    3.371666962881250e+02      0.000000000000000e+00
    3.374080180396825e+02      0.000000000000000e+00
    3.376493397912400e+02      0.000000000000000e+00
    3.378906615427975e+02      0.000000000000000e+00
    3.381319832943549e+02      0.000000000000000e+00
    3.383733050459124e+02      0.000000000000000e+00
    3.386146267974699e+02      0.000000000000000e+00
    3.388559485490273e+02      0.000000000000000e+00
    3.390972703005849e+02      0.000000000000000e+00
    3.393385920521423e+02      0.000000000000000e+00
    3.395799138036998e+02      0.000000000000000e+00
    3.398212355552573e+02      0.000000000000000e+00
    3.400625573068148e+02      0.000000000000000e+00
    3.403038790583722e+02      0.000000000000000e+00
    3.405452008099297e+02      0.000000000000000e+00
    3.407865225614872e+02      2.107039970452629e-01
    3.410278443130446e+02      0.000000000000000e+00
    3.412691660646021e+02      0.000000000000000e+00
    3.415104878161596e+02      0.000000000000000e+00
    3.417518095677171e+02      0.000000000000000e+00
    3.419931313192745e+02      0.000000000000000e+00
    3.422344530708320e+02      0.000000000000000e+00
    3.424757748223895e+02      0.000000000000000e+00
    3.427170965739469e+02      0.000000000000000e+00
    3.429584183255045e+02      7.023466568175429e-02
    3.431997400770619e+02      0.000000000000000e+00
    3.434410618286194e+02      0.000000000000000e+00
    3.436823835801769e+02      0.000000000000000e+00
    3.439237053317344e+02      0.000000000000000e+00
    3.441650270832918e+02      0.000000000000000e+00
    3.444063488348493e+02      0.000000000000000e+00
    3.446476705864068e+02      0.000000000000000e+00
    3.448889923379642e+02      0.000000000000000e+00
    3.451303140895217e+02      0.000000000000000e+00
    3.453716358410792e+02      2.107039970452133e-01
    3.456129575926367e+02      0.000000000000000e+00
    3.458542793441941e+02      7.023466568175429e-02
    3.460956010957516e+02      0.000000000000000e+00
    3.463369228473091e+02      0.000000000000000e+00
    3.465782445988665e+02      1.404693313634755e-01
    3.468195663504241e+02      0.000000000000000e+00
    3.470608881019815e+02      7.023466568173775e-02
    3.473022098535390e+02      0.000000000000000e+00
    3.475435316050965e+02      1.404693313635086e-01
    3.477848533566539e+02      7.023466568173775e-02
    3.480261751082114e+02      0.000000000000000e+00
    3.482674968597689e+02      1.404693313634755e-01
    3.485088186113264e+02      7.023466568175429e-02
    3.487501403628838e+02      1.404693313634755e-01
    3.489914621144413e+02      7.023466568175429e-02
    3.492327838659988e+02      1.404693313635086e-01
    3.494741056175562e+02      7.023466568173775e-02
