 238850.5 5.305627395757462e-09
 238851.0 3.02583184896843e-09
 238851.5 1.625564960416881e-09
 238852.0 8.420701219646887e-10
 238852.5 4.206056752886767e-10
 238853.0 2.025737771971237e-10
 238853.5 9.407424839125156e-11
 238854.0 4.212463711184e-11
 238854.5 1.818771522277274e-11
 238855.0 7.57170715015576e-12
 238855.5 3.039346552213829e-12
 238856.0 1.176309050165969e-12
 238856.5 4.389405505733635e-13
 238857.0 1.579569808285441e-13
 238857.5 5.476175068963585e-14
 238858.0 1.824929096727601e-14
 238858.5 5.870304242705515e-15
 238859.0 1.901256929670581e-15
 238859.5 6.38378239159465e-16
 238860.0 1.665334536937735e-16
 238860.5 0.0
 238861.0 0.0
 238861.5 0.0
 238862.0 0.0
 238862.5 0.0
 238863.0 0.0
 238863.5 0.0
 238864.0 0.0
 238864.5 0.0
 238865.0 0.0
 238865.5 0.0
 238866.0 0.0
 238866.5 0.0
 238867.0 0.0
 238867.5 0.0
 238868.0 0.0
 238868.5 0.0
 238869.0 0.0
 238869.5 0.0
 238870.0 0.0
 238870.5 0.0
 238871.0 0.0
 238871.5 0.0
 238872.0 0.0
 238872.5 0.0
 238873.0 0.0
 238873.5 0.0
 238874.0 0.0
 238874.5 0.0
 238875.0 0.0
 238875.5 0.0
 238876.0 0.0
 238876.5 0.0
 238877.0 0.0
 238877.5 0.0
 238878.0 0.0
 238878.5 0.0
 238879.0 0.0
 238879.5 0.0
 238880.0 0.0
 238880.5 0.0
 238881.0 0.0
 238881.5 0.0
 238882.0 0.0
 238882.5 0.0
 238883.0 0.0
 238883.5 0.0
 238884.0 0.0
 238884.5 0.0
 238885.0 0.0
 238885.5 0.0
 238886.0 0.0
 238886.5 0.0
 238887.0 0.0
 238887.5 0.0
 238888.0 0.0
 238888.5 0.0
 238889.0 0.0
 238889.5 0.0
 238890.0 0.0
 238890.5 0.0
 238891.0 0.0
 238891.5 0.0
 238892.0 0.0
 238892.5 0.0
 238893.0 0.0
 238893.5 0.0
 238894.0 1.665334536937735e-16
 238894.5 8.881784197001252e-16
 238895.0 3.219646771412954e-15
 238895.5 1.096345236817342e-14
 238896.0 3.536060333431124e-14
 238896.5 1.100092239525452e-13
 238897.0 3.312905505481467e-13
 238897.5 9.628131625305514e-13
 238898.0 2.697356227265857e-12
 238898.5 7.285894110253821e-12
 238899.0 1.897636214831522e-11
 238899.5 4.765698946584962e-11
 238900.0 1.15404796829921e-10
 238900.5 2.694660744539945e-10
 238901.0 6.066933067039315e-10
 238901.5 1.317106132492363e-09
 238902.0 2.757151285059933e-09
 238902.5 5.565323202283423e-09
 238903.0 1.083207726293445e-08
 238903.5 2.032947814256669e-08
 238904.0 3.679046907401062e-08
 238904.5 6.420080339575307e-08
 238905.0 1.080296585520557e-07
 238905.5 1.752847895442056e-07
 238906.0 2.742491930080027e-07
 238906.5 4.137590594449625e-07
 238907.0 6.019379931998525e-07
 238907.5 8.444211319069694e-07
 238908.0 1.142279147978154e-06
 238908.5 1.490172349211116e-06
 238909.0 1.877608245728912e-06
 238909.5 2.3148954930996e-06
 238910.0 2.967246974405757e-06
 238910.5 4.406326400641092e-06
 238911.0 7.270116198096477e-06
 238911.5 1.06342076676702e-05
 238912.0 1.207389726257113e-05
 238912.5 9.446657055933727e-06
 238913.0 6.005024675764803e-06
 238913.5 3.707083954390678e-06
 238914.0 2.665829705400524e-06
 238914.5 2.136835207250387e-06
 238915.0 1.724667968786009e-06
 238915.5 1.351268521729287e-06
 238916.0 1.021514193511042e-06
 238916.5 7.446735794947035e-07
 238917.0 5.234697310618763e-07
 238917.5 3.548296483302238e-07
 238918.0 2.319262550481982e-07
 238918.5 1.461775017835842e-07
 238919.0 8.884041903522988e-08
 238919.5 5.206415987224489e-08
 238920.0 2.942144636253197e-08
 238920.5 1.603188823362522e-08
 238921.0 8.423632014142868e-09
 238921.5 4.26782525986269e-09
 238922.0 2.084994010775887e-09
 238922.5 9.821827656741888e-10
 238923.0 4.461362113072909e-10
 238923.5 1.954018058469842e-10
 238924.0 8.252271088693419e-11
 238924.5 3.360471623192751e-11
 238925.0 1.319490350315533e-11
 238925.5 4.995559521603354e-12
 238926.0 1.823763362551745e-12
 238926.5 6.420836085041515e-13
 238927.0 2.178535130070713e-13
 238927.5 7.123468481751161e-14
 238928.0 2.244038288523598e-14
 238928.5 6.813993813636898e-15
 238929.0 1.984523656517467e-15
 238929.5 5.273559366969494e-16
 238930.0 1.804112415015879e-16
 238930.5 0.0
 238931.0 0.0
 238931.5 0.0
 238932.0 0.0
 238932.5 0.0
 238933.0 0.0
 238933.5 0.0
 238934.0 0.0
 238934.5 0.0
 238935.0 0.0
 238935.5 0.0
 238936.0 0.0
 238936.5 0.0
 238937.0 0.0
 238937.5 0.0
 238938.0 0.0
 238938.5 0.0
 238939.0 0.0
 238939.5 0.0
 238940.0 0.0
 238940.5 0.0
 238941.0 0.0
 238941.5 0.0
 238942.0 0.0
 238942.5 0.0
 238943.0 0.0
 238943.5 0.0
 238944.0 0.0
 238944.5 0.0
 238945.0 0.0
 238945.5 0.0
 238946.0 0.0
 238946.5 0.0
 238947.0 0.0
 238947.5 0.0
 238948.0 0.0
 238948.5 0.0
 238949.0 0.0
 238949.5 0.0
 238950.0 0.0
 238950.5 0.0
 238951.0 0.0
 238951.5 0.0
 238952.0 0.0
 238952.5 0.0
 238953.0 2.220446049250313e-16
 238953.5 9.298117831235686e-16
 238954.0 2.997602166487923e-15
 238954.5 1.058875209736243e-14
 238955.0 3.683164884193957e-14
 238955.5 1.236510893676268e-13
 238956.0 3.999162112577892e-13
 238956.5 1.245809011507504e-12
 238957.0 3.742256504679631e-12
 238957.5 1.083923228950567e-11
 238958.0 3.027264550148345e-11
 238958.5 8.152485631018891e-11
 238959.0 2.116961744791368e-10
 238959.5 5.300576089162234e-10
 238960.0 1.279741951298874e-09
 238960.5 2.979289495663728e-09
 238961.0 6.687993353571287e-09
 238961.5 1.447683251054599e-08
 238962.0 3.02167368626538e-08
 238962.5 6.081623514508916e-08
 238963.0 1.180296336777964e-07
 238963.5 2.208837128758745e-07
 238964.0 3.986014922296999e-07
 238964.5 6.936144880537176e-07
 238965.0 1.163865378267515e-06
 238965.5 1.883189287274489e-06
 238966.0 2.938279003952826e-06
 238966.5 4.420801756610526e-06
 238967.0 6.413853569878225e-06
 238967.5 8.973214562432719e-06
 238968.0 1.210573884527499e-05
 238968.5 1.575086429947414e-05
 238969.0 1.979988838737845e-05
 238969.5 2.440702904393799e-05
 238970.0 3.150418596670201e-05
 238970.5 4.73451208761605e-05
 238971.0 7.806043482380676e-05
 238971.5 0.0001123433605071111
 238972.0 0.0001246788736161131
 238972.5 9.561769244922913e-05
 238973.0 6.018419686187881e-05
 238973.5 3.741467724595327e-05
 238974.0 2.720915785144051e-05
 238974.5 2.187733508152157e-05
 238975.0 1.763261918701076e-05
 238975.5 1.378311630101381e-05
 238976.0 1.039461953987464e-05
 238976.5 7.559508460430742e-06
 238977.0 5.301396298063032e-06
 238977.5 3.585068419104109e-06
 238978.0 2.337836220112077e-06
 238978.5 1.470073644704861e-06
 238979.0 8.913972973506601e-07
 238979.5 5.212061216647301e-07
 238980.0 2.938680444125596e-07
 238980.5 1.597711984102634e-07
 238981.0 8.376188527503547e-08
 238981.5 4.234427464222534e-08
 238982.0 2.064152028469213e-08
 238982.5 9.702547001944062e-09
 238983.0 4.397696234947901e-09
 238983.5 1.922022013767233e-09
 238984.0 8.099969306396559e-10
 238984.5 3.291534683702579e-10
 238985.0 1.289737205922847e-10
 238985.5 4.872936776312287e-11
 238986.0 1.77527298417246e-11
 238986.5 6.236192118258543e-12
 238987.0 2.112268693288399e-12
 238987.5 6.897260540483785e-13
 238988.0 2.170902346776415e-13
 238988.5 6.583622536027178e-14
 238989.0 1.934563620409335e-14
 238989.5 5.523359547510154e-15
 238990.0 1.373900992973631e-15
 238990.5 2.359223927328458e-16
 238991.0 0.0
 238991.5 0.0
 238992.0 0.0
 238992.5 0.0
 238993.0 0.0
 238993.5 0.0
 238994.0 0.0
 238994.5 0.0
 238995.0 0.0
 238995.5 0.0
 238996.0 0.0
 238996.5 0.0
 238997.0 0.0
 238997.5 0.0
 238998.0 0.0
 238998.5 0.0
 238999.0 0.0
 238999.5 0.0
 239000.0 0.0
 239000.5 0.0
 239001.0 0.0
 239001.5 0.0
 239002.0 0.0
 239002.5 0.0
 239003.0 0.0
 239003.5 2.081668171172169e-16
 239004.0 8.465450562766819e-16
 239004.5 3.358424649491099e-15
 239005.0 1.25732757538799e-14
 239005.5 4.422850974350467e-14
 239006.0 1.507405311684806e-13
 239006.5 4.954370247389761e-13
 239007.0 1.569772090093124e-12
 239007.5 4.796107955229445e-12
 239008.0 1.412980843440437e-11
 239008.5 4.013861465423929e-11
 239009.0 1.099449975505706e-10
 239009.5 2.903888240979313e-10
 239010.0 7.395665052589706e-10
 239010.5 1.816224268202937e-09
 239011.0 4.300891753850067e-09
 239011.5 9.820783644642894e-09
 239012.0 2.162390788651436e-08
 239012.5 4.591180552404595e-08
 239013.0 9.399795282416523e-08
 239013.5 1.855743219925099e-07
 239014.0 3.532843558251564e-07
 239014.5 6.485440465636705e-07
 239015.0 1.148059877317809e-06
 239015.5 1.959751337793358e-06
 239016.0 3.225893838249005e-06
 239016.5 5.120508264372381e-06
 239017.0 7.83774484111599e-06
 239017.5 1.156871947001481e-05
 239018.0 1.646632104215784e-05
 239018.5 2.260093146524977e-05
 239019.0 2.991495797294297e-05
 239019.5 3.820471770513145e-05
 239020.0 4.735090594751301e-05
 239020.5 5.900597505129057e-05
 239021.0 8.174119057939577e-05
 239021.5 0.0001320979013623158
 239022.0 0.000208488799205625
 239022.5 0.0002682024972504166
 239023.0 0.0002381533620642029
 239023.5 0.0001637440791824318
 239024.0 9.926954450698022e-05
 239024.5 6.65706138652522e-05
 239025.0 5.18123717190011e-05
 239025.5 4.203251357914883e-05
 239026.0 3.339146981737318e-05
 239026.5 2.562425425546577e-05
 239027.0 1.896427817962842e-05
 239027.5 1.353448895759224e-05
 239028.0 9.314616373351514e-06
 239028.5 6.181653272901988e-06
 239029.0 3.956032330193482e-06
 239029.5 2.441346525813848e-06
 239030.0 1.452821419833938e-06
 239030.5 8.336945850617727e-07
 239031.0 4.613306634759784e-07
 239031.5 2.461653050012114e-07
 239032.0 1.266627928236952e-07
 239032.5 6.284596895667072e-08
 239033.0 3.006840126884569e-08
 239033.5 1.387222528514975e-08
 239034.0 6.171391439546703e-09
 239034.5 2.647399313659982e-09
 239035.0 1.095099122494503e-09
 239035.5 4.36800484671096e-10
 239036.0 1.679990591085812e-10
 239036.5 6.230510551930024e-11
 239037.0 2.228070505871926e-11
 239037.5 7.682882108284161e-12
 239038.0 2.55459542408687e-12
 239038.5 8.189005029635155e-13
 239039.0 2.530475828876888e-13
 239039.5 7.546741009889502e-14
 239040.0 2.17881268582687e-14
 239040.5 6.078471059822732e-15
 239041.0 1.665334536937735e-15
 239041.5 4.163336342344337e-16
 239042.0 0.0
 239042.5 0.0
 239043.0 0.0
 239043.5 0.0
 239044.0 0.0
 239044.5 2.498001805406602e-16
 239045.0 9.992007221626409e-16
 239045.5 3.524958103184872e-15
 239046.0 1.310063169057685e-14
 239046.5 4.787836793695988e-14
 239047.0 1.69114722226027e-13
 239047.5 5.769135169586548e-13
 239048.0 1.897093593328236e-12
 239048.5 6.015146714055675e-12
 239049.0 1.839117746982311e-11
 239049.5 5.421976756458946e-11
 239050.0 1.54134247032367e-10
 239050.5 4.225085836750964e-10
 239051.0 1.116782138987915e-09
 239051.5 2.846425442570855e-09
 239052.0 6.99570570916741e-09
 239052.5 1.657927241327517e-08
 239053.0 3.788815339245133e-08
 239053.5 8.349245558814111e-08
 239054.0 1.774183688574293e-07
 239054.5 3.635458264011904e-07
 239055.0 7.183409174160715e-07
 239055.5 1.368719564617815e-06
 239056.0 2.514851105153704e-06
 239056.5 4.455797507421644e-06
 239057.0 7.612991488006871e-06
 239057.5 1.254305297389291e-05
 239058.0 1.992830626096342e-05
 239058.5 3.053218374718392e-05
 239059.0 4.510936767584961e-05
 239059.5 6.426847365523236e-05
 239060.0 8.829841496237056e-05
 239060.5 0.000116988780951538
 239061.0 0.0001495508639391963
 239061.5 0.0001854608811320962
 239062.0 0.0002308059221761138
 239062.5 0.0003182092720471624
 239063.0 0.0005126820197793591
 239063.5 0.0008125275148470057
 239064.0 0.0010541359813315
 239064.5 0.0009452738805989097
 239065.0 0.0006545136284953762
 239065.5 0.0003969511039943613
 239066.0 0.0002648402437465947
 239066.5 0.0002055059824198208
 239067.0 0.0001667290537851057
 239067.5 0.000132588700216249
 239068.0 0.0001018664230801464
 239068.5 7.548055684189481e-05
 239069.0 5.393431064353027e-05
 239069.5 3.716362314608312e-05
 239070.0 2.46940796540529e-05
 239070.5 1.582298851325603e-05
 239071.0 9.776962849067372e-06
 239071.5 5.825564761363644e-06
 239072.0 3.347260212255287e-06
 239072.5 1.854628640787781e-06
 239073.0 9.909211456105016e-07
 239073.5 5.105454453924185e-07
 239074.0 2.536537900277303e-07
 239074.5 1.215229621098768e-07
 239075.0 5.614146257604258e-08
 239075.5 2.50101200860442e-08
 239076.0 1.07436724239296e-08
 239076.5 4.450336835160051e-09
 239077.0 1.777602731678485e-09
 239077.5 6.846682804040327e-10
 239078.0 2.543127375354004e-10
 239078.5 9.11850872586939e-11
 239079.0 3.188364849915359e-11
 239079.5 1.199200461154959e-11
 239080.0 8.467226919606219e-12
 239080.5 1.7566254006951e-11
 239081.0 5.189101925928696e-11
 239081.5 1.553318307312423e-10
 239082.0 4.505647382968547e-10
 239082.5 1.260828177973572e-09
 239083.0 3.402308684785638e-09
 239083.5 8.853092064997625e-09
 239084.0 2.221365051624513e-08
 239084.5 5.374651443346146e-08
 239085.0 1.253972223558275e-07
 239085.5 2.821204496405993e-07
 239086.0 6.120572009632452e-07
 239086.5 1.280448022555891e-06
 239087.0 2.583128665398227e-06
 239087.5 5.025113180623375e-06
 239088.0 9.426769497028475e-06
 239088.5 1.705291327962211e-05
 239089.0 2.974775987110712e-05
 239089.5 5.004159816343612e-05
 239090.0 8.117651910549695e-05
 239090.5 0.0001269851850587006
 239091.0 0.0001915578738089785
 239091.5 0.0002786584133979975
 239092.0 0.000390904265647779
 239092.5 0.0005288072604877209
 239093.0 0.0006899178324256405
 239093.5 0.0008693766868772268
 239094.0 0.001071688656770584
 239094.5 0.001371986456192395
 239095.0 0.002032664280522761
 239095.5 0.003352193040869755
 239096.0 0.004915752204518328
 239096.5 0.005605113331428352
 239097.0 0.004405335945532912
 239097.5 0.002808103111588411
 239098.0 0.001731730723645422
 239098.5 0.001242267660614013
 239099.0 0.0009951206747177005
 239099.5 0.0008036228016448654
 239100.0 0.0006301804655201027
 239100.5 0.0004768485981060944
 239101.0 0.0003479676216929101
 239101.5 0.0002448636312949865
 239102.0 0.0001661634486332941
 239102.5 0.0001087355621190722
 239103.0 6.861699950892752e-05
 239103.5 4.175562298441848e-05
 239104.0 2.45030822500214e-05
 239104.5 1.386596760774572e-05
 239105.0 7.566843764267306e-06
 239105.5 3.982729545465302e-06
 239106.0 2.023523044625275e-06
 239106.5 9.96814202361418e-07
 239107.0 4.871337607875725e-07
 239107.5 2.624364929537659e-07
 239108.0 2.107343032159426e-07
 239108.5 3.051828691702507e-07
 239109.0 5.952851914459156e-07
 239109.5 1.223531416419399e-06
 239110.0 2.469064969090606e-06
 239110.5 4.821185030576269e-06
 239111.0 9.083935345266525e-06
 239111.5 1.650699437749648e-05
 239112.0 2.892641350331349e-05
 239112.5 4.888178851090996e-05
 239113.0 7.965721995406572e-05
 239113.5 0.0001251784357847729
 239114.0 0.0001896972812197584
 239114.5 0.0002772175844766578
 239115.0 0.0003906694046086623
 239115.5 0.000530919886976608
 239116.0 0.0006958411584871149
 239116.5 0.0008804783779119973
 239117.0 0.001086404439974653
 239117.5 0.001375800898257645
 239118.0 0.001993728029294206
 239118.5 0.003279536717100545
 239119.0 0.00494051280666967
 239119.5 0.005866275841296453
 239120.0 0.004790451198976448
 239120.5 0.00312001089851216
 239121.0 0.00190589865022317
 239121.5 0.001338153339511566
 239122.0 0.001064350939229769
 239122.5 0.0008619075870498621
 239123.0 0.0006797908287903276
 239123.5 0.000518688081518115
 239124.0 0.0003840610211491013
 239124.5 0.0002788337943317315
 239125.0 0.0002036987883232977
 239125.5 0.0001583423068363538
 239126.0 0.0001426982108214125
 239126.5 0.0001579569331322667
 239127.0 0.0002071437768037393
 239127.5 0.0002951393081998821
 239128.0 0.0004280785333683063
 239128.5 0.0006121502776030574
 239129.0 0.0008519357702671815
 239129.5 0.001148576680898614
 239130.0 0.001498417036879238
 239130.5 0.001896066979292843
 239131.0 0.002369528313864999
 239131.5 0.003134565115505333
 239132.0 0.004804744694004409
 239132.5 0.007848826725479152
 239133.0 0.01101078038012798
 239133.5 0.0119919555612451
 239134.0 0.009492969859059688
 239134.5 0.006760209601813116
 239135.0 0.005297226935814539
 239135.5 0.004941834463592337
 239136.0 0.005191229637895783
 239136.5 0.006364856019452039
 239137.0 0.009147832223760352
 239137.5 0.0126217590208758
 239138.0 0.01413015137131596
 239138.5 0.01114151576198759
 239139.0 0.007150893324465751
 239139.5 0.00441062445132584
 239140.0 0.003131776555977295
 239140.5 0.002480592213013472
 239141.0 0.001987360618034811
 239141.5 0.001550230141001641
 239142.0 0.001168998147423828
 239142.5 0.0008512161371369426
 239143.0 0.0005982747386418519
 239143.5 0.0004057714301263365
 239144.0 0.0002655215000991612
 239144.5 0.0001676083916157256
 239145.0 0.0001020531926665402
 239145.5 5.993230487530421e-05
 239146.0 3.394502604056604e-05
 239146.5 1.854194804312703e-05
 239147.0 9.767562080903458e-06
 239147.5 4.962028116825556e-06
 239148.0 2.430900964953131e-06
 239148.5 1.148430298386627e-06
 239149.0 5.231988329246207e-07
 239149.5 2.298528176403192e-07
 239150.0 9.184261549888273e-08
