                     bin:                     prob.:
    3.394042037455327e-01      1.952189166917557e+01
    3.402724163567693e-01      0.000000000000000e+00
    3.411406289680059e-01      0.000000000000000e+00
    3.420088415792425e-01      0.000000000000000e+00
    3.428770541904791e-01      0.000000000000000e+00
    3.437452668017157e-01      0.000000000000000e+00
    3.446134794129523e-01      0.000000000000000e+00
    3.454816920241889e-01      0.000000000000000e+00
    3.463499046354255e-01      0.000000000000000e+00
    3.472181172466621e-01      0.000000000000000e+00
    3.480863298578987e-01      0.000000000000000e+00
    3.489545424691353e-01      0.000000000000000e+00
    3.498227550803719e-01      0.000000000000000e+00
    3.506909676916085e-01      0.000000000000000e+00
    3.515591803028451e-01      0.000000000000000e+00
    3.524273929140817e-01      0.000000000000000e+00
    3.532956055253183e-01      0.000000000000000e+00
    3.541638181365549e-01      0.000000000000000e+00
    3.550320307477915e-01      0.000000000000000e+00
    3.559002433590281e-01      0.000000000000000e+00
    3.567684559702647e-01      0.000000000000000e+00
    3.576366685815013e-01      0.000000000000000e+00
    3.585048811927379e-01      0.000000000000000e+00
    3.593730938039745e-01      0.000000000000000e+00
    3.602413064152111e-01      0.000000000000000e+00
    3.611095190264477e-01      0.000000000000000e+00
    3.619777316376843e-01      0.000000000000000e+00
    3.628459442489209e-01      0.000000000000000e+00
    3.637141568601575e-01      0.000000000000000e+00
    3.645823694713941e-01      0.000000000000000e+00
    3.654505820826306e-01      0.000000000000000e+00
    3.663187946938672e-01      0.000000000000000e+00
    3.671870073051038e-01      0.000000000000000e+00
    3.680552199163404e-01      0.000000000000000e+00
    3.689234325275770e-01      0.000000000000000e+00
    3.697916451388136e-01      0.000000000000000e+00
    3.706598577500502e-01      0.000000000000000e+00
    3.715280703612869e-01      0.000000000000000e+00
    3.723962829725235e-01      0.000000000000000e+00
    3.732644955837601e-01      0.000000000000000e+00
    3.741327081949967e-01      0.000000000000000e+00
    3.750009208062333e-01      0.000000000000000e+00
    3.758691334174699e-01      0.000000000000000e+00
    3.767373460287065e-01      0.000000000000000e+00
    3.776055586399431e-01      0.000000000000000e+00
    3.784737712511796e-01      3.904378333835115e+01
    3.793419838624162e-01      0.000000000000000e+00
    3.802101964736528e-01      0.000000000000000e+00
    3.810784090848894e-01      0.000000000000000e+00
    3.819466216961260e-01      0.000000000000000e+00
    3.828148343073626e-01      0.000000000000000e+00
    3.836830469185992e-01      0.000000000000000e+00
    3.845512595298358e-01      0.000000000000000e+00
    3.854194721410724e-01      0.000000000000000e+00
    3.862876847523090e-01      0.000000000000000e+00
    3.871558973635456e-01      0.000000000000000e+00
    3.880241099747822e-01      0.000000000000000e+00
    3.888923225860188e-01      0.000000000000000e+00
    3.897605351972554e-01      0.000000000000000e+00
    3.906287478084920e-01      0.000000000000000e+00
    3.914969604197286e-01      0.000000000000000e+00
    3.923651730309652e-01      0.000000000000000e+00
    3.932333856422018e-01      0.000000000000000e+00
    3.941015982534384e-01      0.000000000000000e+00
    3.949698108646750e-01      0.000000000000000e+00
    3.958380234759116e-01      0.000000000000000e+00
    3.967062360871482e-01      0.000000000000000e+00
    3.975744486983848e-01      0.000000000000000e+00
    3.984426613096214e-01      0.000000000000000e+00
    3.993108739208580e-01      0.000000000000000e+00
    4.001790865320946e-01      0.000000000000000e+00
    4.010472991433312e-01      0.000000000000000e+00
    4.019155117545678e-01      0.000000000000000e+00
    4.027837243658044e-01      0.000000000000000e+00
    4.036519369770410e-01      0.000000000000000e+00
    4.045201495882776e-01      0.000000000000000e+00
    4.053883621995142e-01      0.000000000000000e+00
    4.062565748107508e-01      0.000000000000000e+00
    4.071247874219874e-01      0.000000000000000e+00
    4.079930000332240e-01      0.000000000000000e+00
    4.088612126444606e-01      0.000000000000000e+00
    4.097294252556972e-01      0.000000000000000e+00
    4.105976378669338e-01      0.000000000000000e+00
    4.114658504781704e-01      0.000000000000000e+00
    4.123340630894070e-01      0.000000000000000e+00
    4.132022757006436e-01      0.000000000000000e+00
    4.140704883118801e-01      0.000000000000000e+00
    4.149387009231168e-01      0.000000000000000e+00
    4.158069135343534e-01      0.000000000000000e+00
    4.166751261455900e-01      0.000000000000000e+00
    4.175433387568266e-01      1.952189166917557e+01
    4.184115513680632e-01      0.000000000000000e+00
    4.192797639792998e-01      0.000000000000000e+00
    4.201479765905364e-01      0.000000000000000e+00
    4.210161892017730e-01      0.000000000000000e+00
    4.218844018130096e-01      0.000000000000000e+00
    4.227526144242462e-01      0.000000000000000e+00
    4.236208270354828e-01      0.000000000000000e+00
    4.244890396467194e-01      0.000000000000000e+00
    4.253572522579560e-01      0.000000000000000e+00
    4.262254648691925e-01      0.000000000000000e+00
    4.270936774804291e-01      0.000000000000000e+00
    4.279618900916657e-01      0.000000000000000e+00
    4.288301027029023e-01      0.000000000000000e+00
    4.296983153141389e-01      0.000000000000000e+00
    4.305665279253755e-01      0.000000000000000e+00
    4.314347405366121e-01      0.000000000000000e+00
    4.323029531478487e-01      0.000000000000000e+00
    4.331711657590853e-01      0.000000000000000e+00
    4.340393783703219e-01      0.000000000000000e+00
    4.349075909815585e-01      0.000000000000000e+00
    4.357758035927951e-01      0.000000000000000e+00
    4.366440162040317e-01      0.000000000000000e+00
    4.375122288152683e-01      0.000000000000000e+00
    4.383804414265049e-01      0.000000000000000e+00
    4.392486540377415e-01      0.000000000000000e+00
    4.401168666489781e-01      0.000000000000000e+00
    4.409850792602147e-01      0.000000000000000e+00
    4.418532918714513e-01      0.000000000000000e+00
    4.427215044826879e-01      0.000000000000000e+00
    4.435897170939245e-01      0.000000000000000e+00
    4.444579297051611e-01      0.000000000000000e+00
    4.453261423163977e-01      0.000000000000000e+00
    4.461943549276343e-01      0.000000000000000e+00
    4.470625675388709e-01      0.000000000000000e+00
    4.479307801501075e-01      0.000000000000000e+00
    4.487989927613441e-01      0.000000000000000e+00
    4.496672053725807e-01      0.000000000000000e+00
    4.505354179838173e-01      0.000000000000000e+00
    4.514036305950539e-01      0.000000000000000e+00
    4.522718432062905e-01      0.000000000000000e+00
    4.531400558175271e-01      0.000000000000000e+00
    4.540082684287637e-01      0.000000000000000e+00
    4.548764810400003e-01      0.000000000000000e+00
    4.557446936512369e-01      0.000000000000000e+00
    4.566129062624735e-01      0.000000000000000e+00
    4.574811188737101e-01      3.904378333835115e+01
    4.583493314849467e-01      0.000000000000000e+00
    4.592175440961833e-01      0.000000000000000e+00
    4.600857567074199e-01      0.000000000000000e+00
    4.609539693186565e-01      0.000000000000000e+00
    4.618221819298931e-01      0.000000000000000e+00
    4.626903945411297e-01      0.000000000000000e+00
    4.635586071523663e-01      0.000000000000000e+00
    4.644268197636029e-01      0.000000000000000e+00
    4.652950323748395e-01      0.000000000000000e+00
    4.661632449860761e-01      0.000000000000000e+00
    4.670314575973127e-01      0.000000000000000e+00
    4.678996702085493e-01      0.000000000000000e+00
    4.687678828197859e-01      0.000000000000000e+00
    4.696360954310225e-01      0.000000000000000e+00
    4.705043080422591e-01      0.000000000000000e+00
    4.713725206534957e-01      0.000000000000000e+00
    4.722407332647323e-01      0.000000000000000e+00
    4.731089458759689e-01      0.000000000000000e+00
    4.739771584872055e-01      0.000000000000000e+00
    4.748453710984420e-01      0.000000000000000e+00
    4.757135837096786e-01      0.000000000000000e+00
    4.765817963209152e-01      0.000000000000000e+00
    4.774500089321518e-01      0.000000000000000e+00
    4.783182215433884e-01      0.000000000000000e+00
    4.791864341546250e-01      0.000000000000000e+00
    4.800546467658616e-01      0.000000000000000e+00
    4.809228593770982e-01      0.000000000000000e+00
    4.817910719883348e-01      0.000000000000000e+00
    4.826592845995714e-01      0.000000000000000e+00
    4.835274972108080e-01      0.000000000000000e+00
    4.843957098220446e-01      0.000000000000000e+00
    4.852639224332812e-01      0.000000000000000e+00
    4.861321350445178e-01      0.000000000000000e+00
    4.870003476557544e-01      0.000000000000000e+00
    4.878685602669910e-01      0.000000000000000e+00
    4.887367728782276e-01      0.000000000000000e+00
    4.896049854894642e-01      0.000000000000000e+00
    4.904731981007008e-01      0.000000000000000e+00
    4.913414107119374e-01      0.000000000000000e+00
    4.922096233231740e-01      0.000000000000000e+00
    4.930778359344106e-01      0.000000000000000e+00
    4.939460485456472e-01      0.000000000000000e+00
    4.948142611568838e-01      0.000000000000000e+00
    4.956824737681204e-01      0.000000000000000e+00
    4.965506863793570e-01      1.952189166917557e+01
    4.974188989905936e-01      0.000000000000000e+00
    4.982871116018302e-01      0.000000000000000e+00
    4.991553242130668e-01      0.000000000000000e+00
    5.000235368243033e-01      0.000000000000000e+00
    5.008917494355400e-01      0.000000000000000e+00
    5.017599620467766e-01      0.000000000000000e+00
    5.026281746580132e-01      0.000000000000000e+00
    5.034963872692498e-01      0.000000000000000e+00
    5.043645998804864e-01      0.000000000000000e+00
    5.052328124917230e-01      0.000000000000000e+00
    5.061010251029596e-01      0.000000000000000e+00
    5.069692377141962e-01      0.000000000000000e+00
    5.078374503254328e-01      0.000000000000000e+00
    5.087056629366694e-01      0.000000000000000e+00
    5.095738755479060e-01      0.000000000000000e+00
    5.104420881591426e-01      0.000000000000000e+00
    5.113103007703792e-01      0.000000000000000e+00
    5.121785133816158e-01      0.000000000000000e+00
    5.130467259928524e-01      0.000000000000000e+00
    5.139149386040890e-01      0.000000000000000e+00
    5.147831512153256e-01      0.000000000000000e+00
    5.156513638265622e-01      0.000000000000000e+00
    5.165195764377988e-01      0.000000000000000e+00
    5.173877890490354e-01      0.000000000000000e+00
    5.182560016602720e-01      0.000000000000000e+00
    5.191242142715086e-01      0.000000000000000e+00
    5.199924268827452e-01      0.000000000000000e+00
    5.208606394939818e-01      0.000000000000000e+00
    5.217288521052184e-01      0.000000000000000e+00
    5.225970647164550e-01      0.000000000000000e+00
    5.234652773276915e-01      0.000000000000000e+00
    5.243334899389281e-01      0.000000000000000e+00
    5.252017025501647e-01      0.000000000000000e+00
    5.260699151614013e-01      0.000000000000000e+00
    5.269381277726379e-01      0.000000000000000e+00
    5.278063403838745e-01      0.000000000000000e+00
    5.286745529951111e-01      0.000000000000000e+00
    5.295427656063477e-01      0.000000000000000e+00
    5.304109782175843e-01      0.000000000000000e+00
    5.312791908288209e-01      0.000000000000000e+00
    5.321474034400575e-01      0.000000000000000e+00
    5.330156160512941e-01      0.000000000000000e+00
    5.338838286625307e-01      0.000000000000000e+00
    5.347520412737674e-01      0.000000000000000e+00
    5.356202538850039e-01      3.904378333834617e+01
    5.364884664962406e-01      0.000000000000000e+00
    5.373566791074771e-01      0.000000000000000e+00
    5.382248917187138e-01      0.000000000000000e+00
    5.390931043299503e-01      0.000000000000000e+00
    5.399613169411870e-01      0.000000000000000e+00
    5.408295295524235e-01      0.000000000000000e+00
    5.416977421636602e-01      0.000000000000000e+00
    5.425659547748967e-01      0.000000000000000e+00
    5.434341673861334e-01      0.000000000000000e+00
    5.443023799973699e-01      0.000000000000000e+00
    5.451705926086066e-01      0.000000000000000e+00
    5.460388052198432e-01      0.000000000000000e+00
    5.469070178310798e-01      0.000000000000000e+00
    5.477752304423164e-01      0.000000000000000e+00
    5.486434430535529e-01      0.000000000000000e+00
    5.495116556647895e-01      0.000000000000000e+00
    5.503798682760261e-01      0.000000000000000e+00
    5.512480808872627e-01      0.000000000000000e+00
    5.521162934984993e-01      0.000000000000000e+00
    5.529845061097359e-01      0.000000000000000e+00
    5.538527187209725e-01      0.000000000000000e+00
    5.547209313322091e-01      0.000000000000000e+00
    5.555891439434457e-01      0.000000000000000e+00
    5.564573565546823e-01      0.000000000000000e+00
    5.573255691659189e-01      0.000000000000000e+00
    5.581937817771555e-01      0.000000000000000e+00
    5.590619943883921e-01      0.000000000000000e+00
    5.599302069996287e-01      0.000000000000000e+00
    5.607984196108653e-01      0.000000000000000e+00
    5.616666322221019e-01      0.000000000000000e+00
    5.625348448333385e-01      0.000000000000000e+00
    5.634030574445751e-01      0.000000000000000e+00
    5.642712700558117e-01      0.000000000000000e+00
    5.651394826670483e-01      0.000000000000000e+00
    5.660076952782849e-01      0.000000000000000e+00
    5.668759078895215e-01      0.000000000000000e+00
    5.677441205007581e-01      0.000000000000000e+00
    5.686123331119947e-01      0.000000000000000e+00
    5.694805457232313e-01      0.000000000000000e+00
    5.703487583344679e-01      0.000000000000000e+00
    5.712169709457044e-01      0.000000000000000e+00
    5.720851835569410e-01      0.000000000000000e+00
    5.729533961681776e-01      0.000000000000000e+00
    5.738216087794142e-01      0.000000000000000e+00
    5.746898213906508e-01      0.000000000000000e+00
    5.755580340018874e-01      1.952189166917557e+01
    5.764262466131240e-01      0.000000000000000e+00
    5.772944592243606e-01      0.000000000000000e+00
    5.781626718355972e-01      0.000000000000000e+00
    5.790308844468339e-01      0.000000000000000e+00
    5.798990970580704e-01      0.000000000000000e+00
    5.807673096693071e-01      0.000000000000000e+00
    5.816355222805436e-01      0.000000000000000e+00
    5.825037348917803e-01      0.000000000000000e+00
    5.833719475030168e-01      0.000000000000000e+00
    5.842401601142535e-01      0.000000000000000e+00
    5.851083727254900e-01      0.000000000000000e+00
    5.859765853367267e-01      0.000000000000000e+00
    5.868447979479632e-01      0.000000000000000e+00
    5.877130105591999e-01      0.000000000000000e+00
    5.885812231704364e-01      0.000000000000000e+00
    5.894494357816731e-01      0.000000000000000e+00
    5.903176483929096e-01      0.000000000000000e+00
    5.911858610041463e-01      0.000000000000000e+00
    5.920540736153828e-01      0.000000000000000e+00
    5.929222862266195e-01      0.000000000000000e+00
    5.937904988378560e-01      0.000000000000000e+00
    5.946587114490927e-01      0.000000000000000e+00
    5.955269240603293e-01      0.000000000000000e+00
    5.963951366715659e-01      0.000000000000000e+00
    5.972633492828024e-01      0.000000000000000e+00
    5.981315618940390e-01      0.000000000000000e+00
    5.989997745052756e-01      0.000000000000000e+00
    5.998679871165122e-01      0.000000000000000e+00
    6.007361997277488e-01      0.000000000000000e+00
    6.016044123389854e-01      0.000000000000000e+00
    6.024726249502220e-01      0.000000000000000e+00
    6.033408375614586e-01      0.000000000000000e+00
    6.042090501726952e-01      0.000000000000000e+00
    6.050772627839318e-01      0.000000000000000e+00
    6.059454753951684e-01      0.000000000000000e+00
    6.068136880064050e-01      0.000000000000000e+00
    6.076819006176416e-01      0.000000000000000e+00
    6.085501132288782e-01      0.000000000000000e+00
    6.094183258401148e-01      0.000000000000000e+00
    6.102865384513514e-01      0.000000000000000e+00
    6.111547510625880e-01      0.000000000000000e+00
    6.120229636738246e-01      0.000000000000000e+00
    6.128911762850612e-01      0.000000000000000e+00
    6.137593888962978e-01      0.000000000000000e+00
    6.146276015075344e-01      0.000000000000000e+00
    6.154958141187710e-01      0.000000000000000e+00
    6.163640267300076e-01      0.000000000000000e+00
    6.172322393412442e-01      0.000000000000000e+00
    6.181004519524809e-01      0.000000000000000e+00
    6.189686645637174e-01      0.000000000000000e+00
    6.198368771749541e-01      0.000000000000000e+00
    6.207050897861905e-01      0.000000000000000e+00
    6.215733023974273e-01      0.000000000000000e+00
    6.224415150086637e-01      0.000000000000000e+00
    6.233097276199004e-01      0.000000000000000e+00
    6.241779402311369e-01      0.000000000000000e+00
    6.250461528423736e-01      1.952189166917807e+01
    6.259143654536101e-01      0.000000000000000e+00
    6.267825780648468e-01      0.000000000000000e+00
    6.276507906760833e-01      0.000000000000000e+00
    6.285190032873200e-01      0.000000000000000e+00
    6.293872158985565e-01      0.000000000000000e+00
    6.302554285097932e-01      0.000000000000000e+00
    6.311236411210297e-01      0.000000000000000e+00
    6.319918537322664e-01      0.000000000000000e+00
    6.328600663435029e-01      0.000000000000000e+00
    6.337282789547396e-01      0.000000000000000e+00
    6.345964915659761e-01      3.904378333834617e+01
    6.354647041772128e-01      0.000000000000000e+00
    6.363329167884493e-01      0.000000000000000e+00
    6.372011293996860e-01      0.000000000000000e+00
    6.380693420109225e-01      0.000000000000000e+00
    6.389375546221592e-01      0.000000000000000e+00
    6.398057672333958e-01      0.000000000000000e+00
    6.406739798446324e-01      0.000000000000000e+00
    6.415421924558690e-01      0.000000000000000e+00
    6.424104050671056e-01      0.000000000000000e+00
    6.432786176783422e-01      0.000000000000000e+00
    6.441468302895788e-01      1.952189166917557e+01
    6.450150429008153e-01      0.000000000000000e+00
    6.458832555120519e-01      0.000000000000000e+00
    6.467514681232885e-01      0.000000000000000e+00
    6.476196807345251e-01      0.000000000000000e+00
    6.484878933457617e-01      0.000000000000000e+00
    6.493561059569983e-01      0.000000000000000e+00
    6.502243185682349e-01      0.000000000000000e+00
    6.510925311794715e-01      0.000000000000000e+00
    6.519607437907081e-01      0.000000000000000e+00
    6.528289564019447e-01      0.000000000000000e+00
    6.536971690131813e-01      0.000000000000000e+00
    6.545653816244179e-01      3.904378333835115e+01
    6.554335942356545e-01      0.000000000000000e+00
    6.563018068468911e-01      0.000000000000000e+00
    6.571700194581277e-01      0.000000000000000e+00
    6.580382320693643e-01      0.000000000000000e+00
    6.589064446806009e-01      0.000000000000000e+00
    6.597746572918375e-01      0.000000000000000e+00
    6.606428699030741e-01      0.000000000000000e+00
    6.615110825143107e-01      0.000000000000000e+00
    6.623792951255474e-01      0.000000000000000e+00
    6.632475077367839e-01      0.000000000000000e+00
    6.641157203480206e-01      1.952189166917807e+01
    6.649839329592571e-01      0.000000000000000e+00
    6.658521455704938e-01      0.000000000000000e+00
    6.667203581817303e-01      0.000000000000000e+00
    6.675885707929670e-01      0.000000000000000e+00
    6.684567834042034e-01      0.000000000000000e+00
    6.693249960154402e-01      0.000000000000000e+00
    6.701932086266766e-01      0.000000000000000e+00
    6.710614212379133e-01      0.000000000000000e+00
    6.719296338491498e-01      0.000000000000000e+00
    6.727978464603865e-01      0.000000000000000e+00
    6.736660590716230e-01      3.904378333834617e+01
    6.745342716828597e-01      0.000000000000000e+00
    6.754024842940962e-01      0.000000000000000e+00
    6.762706969053329e-01      0.000000000000000e+00
    6.771389095165694e-01      0.000000000000000e+00
    6.780071221278061e-01      0.000000000000000e+00
    6.788753347390426e-01      0.000000000000000e+00
    6.797435473502793e-01      0.000000000000000e+00
    6.806117599615158e-01      0.000000000000000e+00
    6.814799725727525e-01      0.000000000000000e+00
    6.823481851839890e-01      0.000000000000000e+00
    6.832163977952257e-01      0.000000000000000e+00
    6.840846104064623e-01      1.952189166917557e+01
    6.849528230176989e-01      0.000000000000000e+00
    6.858210356289355e-01      0.000000000000000e+00
    6.866892482401721e-01      0.000000000000000e+00
    6.875574608514087e-01      0.000000000000000e+00
    6.884256734626453e-01      0.000000000000000e+00
    6.892938860738819e-01      0.000000000000000e+00
    6.901620986851185e-01      0.000000000000000e+00
    6.910303112963551e-01      0.000000000000000e+00
    6.918985239075917e-01      0.000000000000000e+00
    6.927667365188283e-01      0.000000000000000e+00
    6.936349491300648e-01      5.856567500752673e+01
    6.945031617413014e-01      0.000000000000000e+00
    6.953713743525380e-01      0.000000000000000e+00
    6.962395869637746e-01      0.000000000000000e+00
    6.971077995750112e-01      0.000000000000000e+00
    6.979760121862478e-01      0.000000000000000e+00
    6.988442247974844e-01      0.000000000000000e+00
    6.997124374087210e-01      0.000000000000000e+00
    7.005806500199576e-01      0.000000000000000e+00
    7.014488626311942e-01      0.000000000000000e+00
    7.023170752424308e-01      0.000000000000000e+00
    7.031852878536674e-01      1.952189166917557e+01
    7.040535004649040e-01      0.000000000000000e+00
    7.049217130761406e-01      0.000000000000000e+00
    7.057899256873772e-01      0.000000000000000e+00
    7.066581382986139e-01      0.000000000000000e+00
    7.075263509098504e-01      0.000000000000000e+00
    7.083945635210871e-01      0.000000000000000e+00
    7.092627761323236e-01      0.000000000000000e+00
    7.101309887435603e-01      0.000000000000000e+00
    7.109992013547968e-01      0.000000000000000e+00
    7.118674139660335e-01      0.000000000000000e+00
    7.127356265772700e-01      0.000000000000000e+00
    7.136038391885067e-01      3.904378333835614e+01
    7.144720517997432e-01      0.000000000000000e+00
    7.153402644109799e-01      0.000000000000000e+00
    7.162084770222163e-01      0.000000000000000e+00
    7.170766896334531e-01      0.000000000000000e+00
    7.179449022446895e-01      0.000000000000000e+00
    7.188131148559262e-01      0.000000000000000e+00
    7.196813274671627e-01      0.000000000000000e+00
    7.205495400783994e-01      0.000000000000000e+00
    7.214177526896359e-01      0.000000000000000e+00
    7.222859653008726e-01      0.000000000000000e+00
    7.231541779121091e-01      1.952189166917308e+01
    7.240223905233458e-01      0.000000000000000e+00
    7.248906031345823e-01      0.000000000000000e+00
    7.257588157458190e-01      0.000000000000000e+00
    7.266270283570555e-01      0.000000000000000e+00
    7.274952409682922e-01      0.000000000000000e+00
    7.283634535795288e-01      0.000000000000000e+00
    7.292316661907654e-01      0.000000000000000e+00
    7.300998788020020e-01      0.000000000000000e+00
    7.309680914132386e-01      0.000000000000000e+00
    7.318363040244752e-01      0.000000000000000e+00
    7.327045166357118e-01      5.856567500752673e+01
    7.335727292469484e-01      0.000000000000000e+00
    7.344409418581850e-01      0.000000000000000e+00
    7.353091544694216e-01      0.000000000000000e+00
    7.361773670806582e-01      0.000000000000000e+00
    7.370455796918948e-01      0.000000000000000e+00
    7.379137923031314e-01      0.000000000000000e+00
    7.387820049143680e-01      0.000000000000000e+00
    7.396502175256046e-01      0.000000000000000e+00
    7.405184301368412e-01      0.000000000000000e+00
    7.413866427480778e-01      0.000000000000000e+00
    7.422548553593143e-01      0.000000000000000e+00
    7.431230679705509e-01      1.952189166917557e+01
    7.439912805817875e-01      0.000000000000000e+00
    7.448594931930241e-01      0.000000000000000e+00
    7.457277058042607e-01      0.000000000000000e+00
    7.465959184154973e-01      0.000000000000000e+00
    7.474641310267339e-01      0.000000000000000e+00
    7.483323436379705e-01      0.000000000000000e+00
    7.492005562492071e-01      0.000000000000000e+00
    7.500687688604437e-01      0.000000000000000e+00
    7.509369814716804e-01      0.000000000000000e+00
    7.518051940829169e-01      0.000000000000000e+00
    7.526734066941536e-01      3.904378333835614e+01
    7.535416193053901e-01      0.000000000000000e+00
    7.544098319166268e-01      0.000000000000000e+00
    7.552780445278633e-01      0.000000000000000e+00
    7.561462571391000e-01      0.000000000000000e+00
    7.570144697503365e-01      0.000000000000000e+00
    7.578826823615732e-01      1.952189166917807e+01
    7.587508949728097e-01      0.000000000000000e+00
    7.596191075840464e-01      0.000000000000000e+00
    7.604873201952829e-01      0.000000000000000e+00
    7.613555328065196e-01      0.000000000000000e+00
    7.622237454177561e-01      3.904378333834617e+01
    7.630919580289928e-01      0.000000000000000e+00
    7.639601706402293e-01      0.000000000000000e+00
    7.648283832514660e-01      0.000000000000000e+00
    7.656965958627024e-01      0.000000000000000e+00
    7.665648084739392e-01      0.000000000000000e+00
    7.674330210851756e-01      1.952189166917308e+01
    7.683012336964123e-01      0.000000000000000e+00
    7.691694463076488e-01      0.000000000000000e+00
    7.700376589188855e-01      0.000000000000000e+00
    7.709058715301220e-01      0.000000000000000e+00
    7.717740841413587e-01      0.000000000000000e+00
    7.726422967525952e-01      1.952189166917308e+01
    7.735105093638319e-01      0.000000000000000e+00
    7.743787219750685e-01      0.000000000000000e+00
    7.752469345863051e-01      0.000000000000000e+00
    7.761151471975417e-01      0.000000000000000e+00
    7.769833598087783e-01      0.000000000000000e+00
    7.778515724200149e-01      0.000000000000000e+00
    7.787197850312515e-01      0.000000000000000e+00
    7.795879976424881e-01      0.000000000000000e+00
    7.804562102537247e-01      0.000000000000000e+00
    7.813244228649613e-01      0.000000000000000e+00
    7.821926354761979e-01      1.952189166917557e+01
    7.830608480874345e-01      0.000000000000000e+00
    7.839290606986711e-01      0.000000000000000e+00
    7.847972733099077e-01      0.000000000000000e+00
    7.856654859211443e-01      0.000000000000000e+00
    7.865336985323809e-01      0.000000000000000e+00
    7.874019111436175e-01      0.000000000000000e+00
    7.882701237548541e-01      0.000000000000000e+00
    7.891383363660907e-01      0.000000000000000e+00
    7.900065489773272e-01      0.000000000000000e+00
    7.908747615885638e-01      0.000000000000000e+00
    7.917429741998004e-01      3.904378333835115e+01
    7.926111868110370e-01      0.000000000000000e+00
    7.934793994222736e-01      0.000000000000000e+00
    7.943476120335102e-01      0.000000000000000e+00
    7.952158246447469e-01      0.000000000000000e+00
    7.960840372559834e-01      0.000000000000000e+00
    7.969522498672201e-01      0.000000000000000e+00
    7.978204624784566e-01      0.000000000000000e+00
    7.986886750896933e-01      0.000000000000000e+00
    7.995568877009298e-01      0.000000000000000e+00
    8.004251003121665e-01      0.000000000000000e+00
    8.012933129234030e-01      0.000000000000000e+00
    8.021615255346397e-01      1.952189166917807e+01
    8.030297381458762e-01      0.000000000000000e+00
    8.038979507571129e-01      0.000000000000000e+00
    8.047661633683494e-01      0.000000000000000e+00
    8.056343759795861e-01      0.000000000000000e+00
    8.065025885908226e-01      0.000000000000000e+00
    8.073708012020593e-01      0.000000000000000e+00
    8.082390138132958e-01      0.000000000000000e+00
    8.091072264245325e-01      0.000000000000000e+00
    8.099754390357690e-01      0.000000000000000e+00
    8.108436516470057e-01      0.000000000000000e+00
    8.117118642582422e-01      7.808756667669233e+01
    8.125800768694789e-01      0.000000000000000e+00
    8.134482894807153e-01      0.000000000000000e+00
    8.143165020919521e-01      0.000000000000000e+00
    8.151847147031885e-01      0.000000000000000e+00
    8.160529273144252e-01      0.000000000000000e+00
    8.169211399256617e-01      0.000000000000000e+00
    8.177893525368984e-01      0.000000000000000e+00
    8.186575651481350e-01      0.000000000000000e+00
    8.195257777593716e-01      0.000000000000000e+00
    8.203939903706082e-01      0.000000000000000e+00
    8.212622029818448e-01      0.000000000000000e+00
    8.221304155930814e-01      0.000000000000000e+00
    8.229986282043180e-01      0.000000000000000e+00
    8.238668408155546e-01      0.000000000000000e+00
    8.247350534267912e-01      0.000000000000000e+00
    8.256032660380278e-01      0.000000000000000e+00
    8.264714786492644e-01      0.000000000000000e+00
    8.273396912605010e-01      0.000000000000000e+00
    8.282079038717376e-01      0.000000000000000e+00
    8.290761164829742e-01      0.000000000000000e+00
    8.299443290942108e-01      0.000000000000000e+00
    8.308125417054474e-01      0.000000000000000e+00
    8.316807543166840e-01      1.952189166917557e+01
    8.325489669279206e-01      0.000000000000000e+00
    8.334171795391572e-01      0.000000000000000e+00
    8.342853921503938e-01      0.000000000000000e+00
    8.351536047616304e-01      0.000000000000000e+00
    8.360218173728670e-01      0.000000000000000e+00
    8.368900299841036e-01      0.000000000000000e+00
    8.377582425953402e-01      0.000000000000000e+00
    8.386264552065767e-01      0.000000000000000e+00
    8.394946678178133e-01      0.000000000000000e+00
    8.403628804290499e-01      0.000000000000000e+00
    8.412310930402865e-01      0.000000000000000e+00
    8.420993056515231e-01      0.000000000000000e+00
    8.429675182627597e-01      0.000000000000000e+00
    8.438357308739963e-01      0.000000000000000e+00
    8.447039434852329e-01      0.000000000000000e+00
    8.455721560964695e-01      0.000000000000000e+00
    8.464403687077061e-01      0.000000000000000e+00
    8.473085813189427e-01      0.000000000000000e+00
    8.481767939301793e-01      0.000000000000000e+00
    8.490450065414159e-01      0.000000000000000e+00
    8.499132191526525e-01      0.000000000000000e+00
    8.507814317638892e-01      0.000000000000000e+00
    8.516496443751258e-01      5.856567500752673e+01
    8.525178569863624e-01      0.000000000000000e+00
    8.533860695975990e-01      0.000000000000000e+00
    8.542542822088356e-01      0.000000000000000e+00
    8.551224948200722e-01      0.000000000000000e+00
    8.559907074313088e-01      0.000000000000000e+00
    8.568589200425454e-01      0.000000000000000e+00
    8.577271326537820e-01      0.000000000000000e+00
    8.585953452650186e-01      0.000000000000000e+00
    8.594635578762552e-01      0.000000000000000e+00
    8.603317704874918e-01      0.000000000000000e+00
    8.611999830987284e-01      0.000000000000000e+00
    8.620681957099650e-01      0.000000000000000e+00
    8.629364083212016e-01      0.000000000000000e+00
    8.638046209324381e-01      0.000000000000000e+00
    8.646728335436747e-01      0.000000000000000e+00
    8.655410461549113e-01      0.000000000000000e+00
    8.664092587661479e-01      0.000000000000000e+00
    8.672774713773845e-01      0.000000000000000e+00
    8.681456839886211e-01      0.000000000000000e+00
    8.690138965998577e-01      0.000000000000000e+00
    8.698821092110943e-01      0.000000000000000e+00
    8.707503218223309e-01      1.952189166917557e+01
    8.716185344335675e-01      0.000000000000000e+00
    8.724867470448041e-01      0.000000000000000e+00
    8.733549596560407e-01      0.000000000000000e+00
    8.742231722672773e-01      0.000000000000000e+00
    8.750913848785139e-01      0.000000000000000e+00
    8.759595974897505e-01      0.000000000000000e+00
    8.768278101009871e-01      0.000000000000000e+00
    8.776960227122237e-01      0.000000000000000e+00
    8.785642353234603e-01      0.000000000000000e+00
    8.794324479346969e-01      0.000000000000000e+00
    8.803006605459335e-01      0.000000000000000e+00
    8.811688731571701e-01      0.000000000000000e+00
    8.820370857684067e-01      0.000000000000000e+00
    8.829052983796433e-01      0.000000000000000e+00
    8.837735109908799e-01      0.000000000000000e+00
    8.846417236021165e-01      0.000000000000000e+00
    8.855099362133531e-01      0.000000000000000e+00
    8.863781488245897e-01      0.000000000000000e+00
    8.872463614358262e-01      0.000000000000000e+00
    8.881145740470628e-01      0.000000000000000e+00
    8.889827866582994e-01      0.000000000000000e+00
    8.898509992695360e-01      0.000000000000000e+00
    8.907192118807726e-01      3.904378333835115e+01
    8.915874244920092e-01      0.000000000000000e+00
    8.924556371032458e-01      0.000000000000000e+00
    8.933238497144824e-01      0.000000000000000e+00
    8.941920623257190e-01      0.000000000000000e+00
    8.950602749369556e-01      0.000000000000000e+00
    8.959284875481923e-01      0.000000000000000e+00
    8.967967001594289e-01      0.000000000000000e+00
    8.976649127706655e-01      0.000000000000000e+00
    8.985331253819021e-01      0.000000000000000e+00
    8.994013379931387e-01      0.000000000000000e+00
    9.002695506043753e-01      0.000000000000000e+00
    9.011377632156119e-01      0.000000000000000e+00
    9.020059758268485e-01      0.000000000000000e+00
    9.028741884380851e-01      0.000000000000000e+00
    9.037424010493217e-01      0.000000000000000e+00
    9.046106136605583e-01      0.000000000000000e+00
    9.054788262717949e-01      0.000000000000000e+00
    9.063470388830315e-01      0.000000000000000e+00
    9.072152514942681e-01      0.000000000000000e+00
    9.080834641055047e-01      0.000000000000000e+00
    9.089516767167413e-01      0.000000000000000e+00
    9.098198893279779e-01      0.000000000000000e+00
    9.106881019392145e-01      1.952189166917557e+01
    9.115563145504511e-01      0.000000000000000e+00
    9.124245271616876e-01      0.000000000000000e+00
    9.132927397729242e-01      0.000000000000000e+00
    9.141609523841608e-01      0.000000000000000e+00
    9.150291649953974e-01      0.000000000000000e+00
    9.158973776066340e-01      0.000000000000000e+00
    9.167655902178706e-01      0.000000000000000e+00
    9.176338028291072e-01      0.000000000000000e+00
    9.185020154403438e-01      0.000000000000000e+00
    9.193702280515804e-01      0.000000000000000e+00
    9.202384406628170e-01      0.000000000000000e+00
    9.211066532740536e-01      0.000000000000000e+00
    9.219748658852902e-01      0.000000000000000e+00
    9.228430784965268e-01      0.000000000000000e+00
    9.237112911077634e-01      0.000000000000000e+00
    9.245795037190000e-01      0.000000000000000e+00
    9.254477163302366e-01      0.000000000000000e+00
    9.263159289414732e-01      0.000000000000000e+00
    9.271841415527098e-01      0.000000000000000e+00
    9.280523541639464e-01      0.000000000000000e+00
    9.289205667751830e-01      0.000000000000000e+00
    9.297887793864196e-01      0.000000000000000e+00
    9.306569919976562e-01      0.000000000000000e+00
    9.315252046088928e-01      0.000000000000000e+00
    9.323934172201294e-01      0.000000000000000e+00
    9.332616298313660e-01      0.000000000000000e+00
    9.341298424426026e-01      0.000000000000000e+00
    9.349980550538391e-01      0.000000000000000e+00
    9.358662676650757e-01      0.000000000000000e+00
    9.367344802763123e-01      0.000000000000000e+00
    9.376026928875489e-01      0.000000000000000e+00
    9.384709054987855e-01      0.000000000000000e+00
    9.393391181100221e-01      0.000000000000000e+00
    9.402073307212588e-01      0.000000000000000e+00
    9.410755433324954e-01      0.000000000000000e+00
    9.419437559437320e-01      0.000000000000000e+00
    9.428119685549686e-01      0.000000000000000e+00
    9.436801811662052e-01      0.000000000000000e+00
    9.445483937774418e-01      0.000000000000000e+00
    9.454166063886784e-01      0.000000000000000e+00
    9.462848189999150e-01      0.000000000000000e+00
    9.471530316111516e-01      0.000000000000000e+00
    9.480212442223882e-01      0.000000000000000e+00
    9.488894568336248e-01      0.000000000000000e+00
    9.497576694448614e-01      0.000000000000000e+00
    9.506258820560980e-01      0.000000000000000e+00
    9.514940946673346e-01      0.000000000000000e+00
    9.523623072785712e-01      0.000000000000000e+00
    9.532305198898078e-01      0.000000000000000e+00
    9.540987325010444e-01      0.000000000000000e+00
    9.549669451122810e-01      0.000000000000000e+00
    9.558351577235176e-01      0.000000000000000e+00
    9.567033703347542e-01      0.000000000000000e+00
    9.575715829459908e-01      0.000000000000000e+00
    9.584397955572274e-01      0.000000000000000e+00
    9.593080081684640e-01      0.000000000000000e+00
    9.601762207797006e-01      0.000000000000000e+00
    9.610444333909371e-01      0.000000000000000e+00
    9.619126460021737e-01      0.000000000000000e+00
    9.627808586134103e-01      0.000000000000000e+00
    9.636490712246469e-01      0.000000000000000e+00
    9.645172838358835e-01      0.000000000000000e+00
    9.653854964471201e-01      0.000000000000000e+00
    9.662537090583567e-01      0.000000000000000e+00
    9.671219216695933e-01      0.000000000000000e+00
    9.679901342808299e-01      0.000000000000000e+00
    9.688583468920665e-01      0.000000000000000e+00
    9.697265595033031e-01      0.000000000000000e+00
    9.705947721145397e-01      0.000000000000000e+00
    9.714629847257763e-01      0.000000000000000e+00
    9.723311973370129e-01      0.000000000000000e+00
    9.731994099482495e-01      0.000000000000000e+00
    9.740676225594861e-01      0.000000000000000e+00
    9.749358351707227e-01      0.000000000000000e+00
    9.758040477819593e-01      0.000000000000000e+00
    9.766722603931959e-01      0.000000000000000e+00
    9.775404730044325e-01      0.000000000000000e+00
    9.784086856156691e-01      0.000000000000000e+00
    9.792768982269057e-01      0.000000000000000e+00
    9.801451108381423e-01      0.000000000000000e+00
    9.810133234493789e-01      0.000000000000000e+00
    9.818815360606155e-01      0.000000000000000e+00
    9.827497486718521e-01      0.000000000000000e+00
    9.836179612830886e-01      0.000000000000000e+00
    9.844861738943254e-01      0.000000000000000e+00
    9.853543865055620e-01      0.000000000000000e+00
    9.862225991167985e-01      0.000000000000000e+00
    9.870908117280351e-01      0.000000000000000e+00
    9.879590243392717e-01      0.000000000000000e+00
    9.888272369505083e-01      0.000000000000000e+00
    9.896954495617449e-01      0.000000000000000e+00
    9.905636621729815e-01      0.000000000000000e+00
    9.914318747842181e-01      0.000000000000000e+00
    9.923000873954547e-01      0.000000000000000e+00
    9.931683000066913e-01      0.000000000000000e+00
    9.940365126179279e-01      0.000000000000000e+00
    9.949047252291645e-01      0.000000000000000e+00
    9.957729378404011e-01      0.000000000000000e+00
    9.966411504516377e-01      0.000000000000000e+00
    9.975093630628743e-01      0.000000000000000e+00
    9.983775756741109e-01      0.000000000000000e+00
    9.992457882853475e-01      0.000000000000000e+00
    1.000114000896584e+00      0.000000000000000e+00
    1.000982213507821e+00      0.000000000000000e+00
    1.001850426119057e+00      0.000000000000000e+00
    1.002718638730294e+00      0.000000000000000e+00
    1.003586851341530e+00      0.000000000000000e+00
    1.004455063952767e+00      0.000000000000000e+00
    1.005323276564004e+00      0.000000000000000e+00
    1.006191489175240e+00      0.000000000000000e+00
    1.007059701786477e+00      0.000000000000000e+00
    1.007927914397714e+00      0.000000000000000e+00
    1.008796127008950e+00      0.000000000000000e+00
    1.009664339620187e+00      0.000000000000000e+00
    1.010532552231423e+00      0.000000000000000e+00
    1.011400764842660e+00      0.000000000000000e+00
    1.012268977453896e+00      0.000000000000000e+00
    1.013137190065133e+00      0.000000000000000e+00
    1.014005402676370e+00      0.000000000000000e+00
    1.014873615287606e+00      0.000000000000000e+00
    1.015741827898843e+00      0.000000000000000e+00
    1.016610040510079e+00      0.000000000000000e+00
    1.017478253121316e+00      0.000000000000000e+00
    1.018346465732553e+00      0.000000000000000e+00
    1.019214678343789e+00      0.000000000000000e+00
    1.020082890955026e+00      0.000000000000000e+00
    1.020951103566262e+00      0.000000000000000e+00
    1.021819316177499e+00      0.000000000000000e+00
    1.022687528788736e+00      1.952189166917807e+01
    1.023555741399972e+00      0.000000000000000e+00
    1.024423954011209e+00      0.000000000000000e+00
    1.025292166622445e+00      0.000000000000000e+00
    1.026160379233682e+00      0.000000000000000e+00
    1.027028591844918e+00      0.000000000000000e+00
    1.027896804456155e+00      0.000000000000000e+00
    1.028765017067392e+00      0.000000000000000e+00
    1.029633229678629e+00      0.000000000000000e+00
    1.030501442289865e+00      0.000000000000000e+00
    1.031369654901102e+00      0.000000000000000e+00
    1.032237867512338e+00      0.000000000000000e+00
    1.033106080123575e+00      0.000000000000000e+00
    1.033974292734811e+00      0.000000000000000e+00
    1.034842505346048e+00      0.000000000000000e+00
    1.035710717957285e+00      0.000000000000000e+00
    1.036578930568521e+00      0.000000000000000e+00
    1.037447143179758e+00      0.000000000000000e+00
    1.038315355790994e+00      0.000000000000000e+00
    1.039183568402231e+00      0.000000000000000e+00
    1.040051781013468e+00      0.000000000000000e+00
    1.040919993624704e+00      0.000000000000000e+00
    1.041788206235941e+00      0.000000000000000e+00
    1.042656418847177e+00      0.000000000000000e+00
    1.043524631458414e+00      0.000000000000000e+00
    1.044392844069651e+00      0.000000000000000e+00
    1.045261056680887e+00      0.000000000000000e+00
    1.046129269292124e+00      0.000000000000000e+00
    1.046997481903361e+00      0.000000000000000e+00
    1.047865694514597e+00      0.000000000000000e+00
    1.048733907125833e+00      0.000000000000000e+00
    1.049602119737070e+00      0.000000000000000e+00
    1.050470332348307e+00      0.000000000000000e+00
    1.051338544959543e+00      0.000000000000000e+00
    1.052206757570780e+00      0.000000000000000e+00
    1.053074970182017e+00      0.000000000000000e+00
    1.053943182793253e+00      0.000000000000000e+00
    1.054811395404490e+00      0.000000000000000e+00
    1.055679608015726e+00      0.000000000000000e+00
    1.056547820626963e+00      0.000000000000000e+00
    1.057416033238200e+00      0.000000000000000e+00
    1.058284245849436e+00      0.000000000000000e+00
    1.059152458460673e+00      0.000000000000000e+00
    1.060020671071909e+00      0.000000000000000e+00
    1.060888883683146e+00      0.000000000000000e+00
    1.061757096294383e+00      0.000000000000000e+00
    1.062625308905619e+00      0.000000000000000e+00
    1.063493521516856e+00      0.000000000000000e+00
    1.064361734128092e+00      0.000000000000000e+00
    1.065229946739329e+00      0.000000000000000e+00
    1.066098159350565e+00      0.000000000000000e+00
    1.066966371961802e+00      0.000000000000000e+00
    1.067834584573039e+00      0.000000000000000e+00
    1.068702797184275e+00      0.000000000000000e+00
    1.069571009795512e+00      0.000000000000000e+00
    1.070439222406748e+00      0.000000000000000e+00
    1.071307435017985e+00      0.000000000000000e+00
    1.072175647629222e+00      0.000000000000000e+00
    1.073043860240458e+00      0.000000000000000e+00
    1.073912072851695e+00      0.000000000000000e+00
    1.074780285462932e+00      0.000000000000000e+00
    1.075648498074168e+00      0.000000000000000e+00
    1.076516710685405e+00      0.000000000000000e+00
    1.077384923296641e+00      0.000000000000000e+00
    1.078253135907878e+00      0.000000000000000e+00
    1.079121348519115e+00      0.000000000000000e+00
    1.079989561130351e+00      0.000000000000000e+00
    1.080857773741588e+00      0.000000000000000e+00
    1.081725986352824e+00      0.000000000000000e+00
    1.082594198964061e+00      0.000000000000000e+00
    1.083462411575298e+00      0.000000000000000e+00
    1.084330624186534e+00      0.000000000000000e+00
    1.085198836797771e+00      0.000000000000000e+00
    1.086067049409007e+00      0.000000000000000e+00
    1.086935262020244e+00      0.000000000000000e+00
    1.087803474631480e+00      0.000000000000000e+00
    1.088671687242717e+00      0.000000000000000e+00
    1.089539899853954e+00      0.000000000000000e+00
    1.090408112465190e+00      0.000000000000000e+00
    1.091276325076427e+00      0.000000000000000e+00
    1.092144537687664e+00      0.000000000000000e+00
    1.093012750298900e+00      0.000000000000000e+00
    1.093880962910137e+00      0.000000000000000e+00
    1.094749175521373e+00      0.000000000000000e+00
    1.095617388132610e+00      0.000000000000000e+00
    1.096485600743847e+00      0.000000000000000e+00
    1.097353813355083e+00      0.000000000000000e+00
    1.098222025966320e+00      0.000000000000000e+00
    1.099090238577556e+00      0.000000000000000e+00
    1.099958451188793e+00      0.000000000000000e+00
    1.100826663800029e+00      0.000000000000000e+00
    1.101694876411266e+00      0.000000000000000e+00
    1.102563089022503e+00      0.000000000000000e+00
    1.103431301633739e+00      0.000000000000000e+00
    1.104299514244976e+00      0.000000000000000e+00
    1.105167726856212e+00      0.000000000000000e+00
    1.106035939467449e+00      0.000000000000000e+00
    1.106904152078686e+00      0.000000000000000e+00
    1.107772364689922e+00      0.000000000000000e+00
    1.108640577301159e+00      0.000000000000000e+00
    1.109508789912395e+00      0.000000000000000e+00
    1.110377002523632e+00      0.000000000000000e+00
    1.111245215134869e+00      0.000000000000000e+00
    1.112113427746105e+00      0.000000000000000e+00
    1.112981640357342e+00      0.000000000000000e+00
    1.113849852968579e+00      0.000000000000000e+00
    1.114718065579815e+00      5.856567500753422e+01
    1.115586278191051e+00      0.000000000000000e+00
    1.116454490802288e+00      0.000000000000000e+00
    1.117322703413525e+00      0.000000000000000e+00
    1.118190916024762e+00      0.000000000000000e+00
    1.119059128635998e+00      0.000000000000000e+00
    1.119927341247235e+00      0.000000000000000e+00
    1.120795553858471e+00      0.000000000000000e+00
    1.121663766469708e+00      0.000000000000000e+00
    1.122531979080944e+00      0.000000000000000e+00
    1.123400191692181e+00      0.000000000000000e+00
    1.124268404303418e+00      0.000000000000000e+00
    1.125136616914654e+00      0.000000000000000e+00
    1.126004829525891e+00      0.000000000000000e+00
    1.126873042137127e+00      0.000000000000000e+00
    1.127741254748364e+00      0.000000000000000e+00
    1.128609467359601e+00      0.000000000000000e+00
    1.129477679970837e+00      0.000000000000000e+00
    1.130345892582074e+00      0.000000000000000e+00
    1.131214105193310e+00      0.000000000000000e+00
    1.132082317804547e+00      0.000000000000000e+00
    1.132950530415784e+00      0.000000000000000e+00
    1.133818743027020e+00      0.000000000000000e+00
    1.134686955638257e+00      0.000000000000000e+00
    1.135555168249494e+00      0.000000000000000e+00
    1.136423380860730e+00      0.000000000000000e+00
    1.137291593471967e+00      0.000000000000000e+00
    1.138159806083203e+00      0.000000000000000e+00
    1.139028018694440e+00      0.000000000000000e+00
    1.139896231305676e+00      0.000000000000000e+00
    1.140764443916913e+00      0.000000000000000e+00
    1.141632656528150e+00      0.000000000000000e+00
    1.142500869139386e+00      0.000000000000000e+00
    1.143369081750623e+00      0.000000000000000e+00
    1.144237294361859e+00      0.000000000000000e+00
    1.145105506973096e+00      0.000000000000000e+00
    1.145973719584333e+00      0.000000000000000e+00
    1.146841932195569e+00      0.000000000000000e+00
    1.147710144806806e+00      0.000000000000000e+00
    1.148578357418042e+00      0.000000000000000e+00
    1.149446570029279e+00      0.000000000000000e+00
    1.150314782640516e+00      0.000000000000000e+00
    1.151182995251752e+00      0.000000000000000e+00
    1.152051207862989e+00      0.000000000000000e+00
    1.152919420474225e+00      0.000000000000000e+00
    1.153787633085462e+00      0.000000000000000e+00
    1.154655845696698e+00      0.000000000000000e+00
    1.155524058307935e+00      0.000000000000000e+00
    1.156392270919172e+00      0.000000000000000e+00
    1.157260483530408e+00      0.000000000000000e+00
    1.158128696141645e+00      0.000000000000000e+00
    1.158996908752882e+00      0.000000000000000e+00
    1.159865121364118e+00      0.000000000000000e+00
    1.160733333975355e+00      0.000000000000000e+00
    1.161601546586591e+00      0.000000000000000e+00
    1.162469759197828e+00      0.000000000000000e+00
    1.163337971809065e+00      0.000000000000000e+00
    1.164206184420301e+00      0.000000000000000e+00
    1.165074397031538e+00      0.000000000000000e+00
    1.165942609642774e+00      0.000000000000000e+00
    1.166810822254011e+00      0.000000000000000e+00
    1.167679034865248e+00      0.000000000000000e+00
    1.168547247476484e+00      0.000000000000000e+00
    1.169415460087721e+00      0.000000000000000e+00
    1.170283672698957e+00      0.000000000000000e+00
    1.171151885310194e+00      0.000000000000000e+00
    1.172020097921431e+00      0.000000000000000e+00
    1.172888310532667e+00      0.000000000000000e+00
    1.173756523143904e+00      0.000000000000000e+00
    1.174624735755140e+00      0.000000000000000e+00
    1.175492948366377e+00      0.000000000000000e+00
    1.176361160977613e+00      0.000000000000000e+00
    1.177229373588850e+00      0.000000000000000e+00
    1.178097586200087e+00      0.000000000000000e+00
    1.178965798811323e+00      0.000000000000000e+00
    1.179834011422560e+00      0.000000000000000e+00
    1.180702224033797e+00      0.000000000000000e+00
    1.181570436645033e+00      0.000000000000000e+00
    1.182438649256270e+00      0.000000000000000e+00
    1.183306861867506e+00      0.000000000000000e+00
    1.184175074478743e+00      0.000000000000000e+00
    1.185043287089980e+00      0.000000000000000e+00
    1.185911499701216e+00      0.000000000000000e+00
    1.186779712312453e+00      0.000000000000000e+00
    1.187647924923689e+00      0.000000000000000e+00
    1.188516137534926e+00      0.000000000000000e+00
    1.189384350146163e+00      0.000000000000000e+00
    1.190252562757399e+00      0.000000000000000e+00
    1.191120775368636e+00      0.000000000000000e+00
    1.191988987979872e+00      0.000000000000000e+00
    1.192857200591109e+00      0.000000000000000e+00
    1.193725413202345e+00      0.000000000000000e+00
    1.194593625813582e+00      0.000000000000000e+00
    1.195461838424819e+00      0.000000000000000e+00
    1.196330051036055e+00      0.000000000000000e+00
    1.197198263647292e+00      0.000000000000000e+00
    1.198066476258528e+00      0.000000000000000e+00
    1.198934688869765e+00      0.000000000000000e+00
    1.199802901481002e+00      0.000000000000000e+00
    1.200671114092238e+00      0.000000000000000e+00
    1.201539326703475e+00      0.000000000000000e+00
    1.202407539314712e+00      0.000000000000000e+00
    1.203275751925948e+00      0.000000000000000e+00
    1.204143964537185e+00      0.000000000000000e+00
    1.205012177148421e+00      0.000000000000000e+00
    1.205880389759658e+00      0.000000000000000e+00
    1.206748602370895e+00      1.952189166917807e+01
