                     bin:                     prob.:
    4.141813454036452e-01      1.937046004842583e+01
    4.150563454036452e-01      0.000000000000000e+00
    4.159313454036451e-01      0.000000000000000e+00
    4.168063454036451e-01      0.000000000000000e+00
    4.176813454036452e-01      0.000000000000000e+00
    4.185563454036452e-01      0.000000000000000e+00
    4.194313454036451e-01      0.000000000000000e+00
    4.203063454036451e-01      0.000000000000000e+00
    4.211813454036452e-01      0.000000000000000e+00
    4.220563454036452e-01      0.000000000000000e+00
    4.229313454036451e-01      0.000000000000000e+00
    4.238063454036451e-01      0.000000000000000e+00
    4.246813454036452e-01      0.000000000000000e+00
    4.255563454036452e-01      0.000000000000000e+00
    4.264313454036451e-01      0.000000000000000e+00
    4.273063454036451e-01      0.000000000000000e+00
    4.281813454036452e-01      0.000000000000000e+00
    4.290563454036452e-01      0.000000000000000e+00
    4.299313454036451e-01      0.000000000000000e+00
    4.308063454036452e-01      0.000000000000000e+00
    4.316813454036452e-01      0.000000000000000e+00
    4.325563454036452e-01      0.000000000000000e+00
    4.334313454036451e-01      0.000000000000000e+00
    4.343063454036452e-01      0.000000000000000e+00
    4.351813454036452e-01      0.000000000000000e+00
    4.360563454036451e-01      0.000000000000000e+00
    4.369313454036451e-01      0.000000000000000e+00
    4.378063454036452e-01      0.000000000000000e+00
    4.386813454036452e-01      0.000000000000000e+00
    4.395563454036451e-01      0.000000000000000e+00
    4.404313454036451e-01      0.000000000000000e+00
    4.413063454036452e-01      0.000000000000000e+00
    4.421813454036452e-01      0.000000000000000e+00
    4.430563454036451e-01      0.000000000000000e+00
    4.439313454036452e-01      0.000000000000000e+00
    4.448063454036452e-01      0.000000000000000e+00
    4.456813454036452e-01      0.000000000000000e+00
    4.465563454036451e-01      0.000000000000000e+00
    4.474313454036452e-01      0.000000000000000e+00
    4.483063454036452e-01      0.000000000000000e+00
    4.491813454036452e-01      0.000000000000000e+00
    4.500563454036451e-01      0.000000000000000e+00
    4.509313454036452e-01      0.000000000000000e+00
    4.518063454036452e-01      0.000000000000000e+00
    4.526813454036452e-01      0.000000000000000e+00
    4.535563454036451e-01      0.000000000000000e+00
    4.544313454036452e-01      0.000000000000000e+00
    4.553063454036452e-01      0.000000000000000e+00
    4.561813454036452e-01      0.000000000000000e+00
    4.570563454036451e-01      0.000000000000000e+00
    4.579313454036452e-01      0.000000000000000e+00
    4.588063454036452e-01      0.000000000000000e+00
    4.596813454036451e-01      0.000000000000000e+00
    4.605563454036452e-01      0.000000000000000e+00
    4.614313454036452e-01      0.000000000000000e+00
    4.623063454036452e-01      0.000000000000000e+00
    4.631813454036452e-01      0.000000000000000e+00
    4.640563454036452e-01      0.000000000000000e+00
    4.649313454036452e-01      0.000000000000000e+00
    4.658063454036452e-01      0.000000000000000e+00
    4.666813454036451e-01      0.000000000000000e+00
    4.675563454036452e-01      0.000000000000000e+00
    4.684313454036452e-01      0.000000000000000e+00
    4.693063454036452e-01      0.000000000000000e+00
    4.701813454036451e-01      0.000000000000000e+00
    4.710563454036452e-01      0.000000000000000e+00
    4.719313454036452e-01      0.000000000000000e+00
    4.728063454036452e-01      0.000000000000000e+00
    4.736813454036451e-01      0.000000000000000e+00
    4.745563454036452e-01      0.000000000000000e+00
    4.754313454036452e-01      0.000000000000000e+00
    4.763063454036451e-01      0.000000000000000e+00
    4.771813454036452e-01      0.000000000000000e+00
    4.780563454036452e-01      0.000000000000000e+00
    4.789313454036452e-01      0.000000000000000e+00
    4.798063454036452e-01      0.000000000000000e+00
    4.806813454036452e-01      0.000000000000000e+00
    4.815563454036452e-01      0.000000000000000e+00
    4.824313454036452e-01      0.000000000000000e+00
    4.833063454036451e-01      0.000000000000000e+00
    4.841813454036452e-01      0.000000000000000e+00
    4.850563454036452e-01      0.000000000000000e+00
    4.859313454036452e-01      0.000000000000000e+00
    4.868063454036452e-01      0.000000000000000e+00
    4.876813454036452e-01      0.000000000000000e+00
    4.885563454036452e-01      0.000000000000000e+00
    4.894313454036452e-01      0.000000000000000e+00
    4.903063454036451e-01      0.000000000000000e+00
    4.911813454036452e-01      0.000000000000000e+00
    4.920563454036452e-01      0.000000000000000e+00
    4.929313454036451e-01      0.000000000000000e+00
    4.938063454036452e-01      0.000000000000000e+00
    4.946813454036452e-01      0.000000000000000e+00
    4.955563454036452e-01      0.000000000000000e+00
    4.964313454036452e-01      0.000000000000000e+00
    4.973063454036452e-01      0.000000000000000e+00
    4.981813454036452e-01      0.000000000000000e+00
    4.990563454036452e-01      0.000000000000000e+00
    4.999313454036451e-01      0.000000000000000e+00
    5.008063454036452e-01      0.000000000000000e+00
    5.016813454036452e-01      0.000000000000000e+00
    5.025563454036451e-01      0.000000000000000e+00
    5.034313454036452e-01      0.000000000000000e+00
    5.043063454036452e-01      0.000000000000000e+00
    5.051813454036451e-01      0.000000000000000e+00
    5.060563454036452e-01      0.000000000000000e+00
    5.069313454036452e-01      0.000000000000000e+00
    5.078063454036452e-01      0.000000000000000e+00
    5.086813454036452e-01      0.000000000000000e+00
    5.095563454036451e-01      0.000000000000000e+00
    5.104313454036452e-01      0.000000000000000e+00
    5.113063454036452e-01      0.000000000000000e+00
    5.121813454036452e-01      0.000000000000000e+00
    5.130563454036452e-01      0.000000000000000e+00
    5.139313454036452e-01      0.000000000000000e+00
    5.148063454036452e-01      0.000000000000000e+00
    5.156813454036452e-01      0.000000000000000e+00
    5.165563454036451e-01      0.000000000000000e+00
    5.174313454036452e-01      0.000000000000000e+00
    5.183063454036452e-01      0.000000000000000e+00
    5.191813454036451e-01      0.000000000000000e+00
    5.200563454036452e-01      0.000000000000000e+00
    5.209313454036452e-01      0.000000000000000e+00
    5.218063454036452e-01      0.000000000000000e+00
    5.226813454036452e-01      0.000000000000000e+00
    5.235563454036452e-01      0.000000000000000e+00
    5.244313454036452e-01      0.000000000000000e+00
    5.253063454036452e-01      0.000000000000000e+00
    5.261813454036451e-01      0.000000000000000e+00
    5.270563454036452e-01      0.000000000000000e+00
    5.279313454036452e-01      3.874092009685411e+01
    5.288063454036451e-01      0.000000000000000e+00
    5.296813454036452e-01      0.000000000000000e+00
    5.305563454036452e-01      0.000000000000000e+00
    5.314313454036452e-01      0.000000000000000e+00
    5.323063454036452e-01      0.000000000000000e+00
    5.331813454036451e-01      0.000000000000000e+00
    5.340563454036452e-01      0.000000000000000e+00
    5.349313454036452e-01      0.000000000000000e+00
    5.358063454036452e-01      0.000000000000000e+00
    5.366813454036452e-01      0.000000000000000e+00
    5.375563454036452e-01      0.000000000000000e+00
    5.384313454036451e-01      0.000000000000000e+00
    5.393063454036452e-01      0.000000000000000e+00
    5.401813454036452e-01      0.000000000000000e+00
    5.410563454036452e-01      0.000000000000000e+00
    5.419313454036452e-01      0.000000000000000e+00
    5.428063454036451e-01      0.000000000000000e+00
    5.436813454036452e-01      0.000000000000000e+00
    5.445563454036452e-01      0.000000000000000e+00
    5.454313454036452e-01      0.000000000000000e+00
    5.463063454036452e-01      0.000000000000000e+00
    5.471813454036452e-01      0.000000000000000e+00
    5.480563454036452e-01      0.000000000000000e+00
    5.489313454036452e-01      0.000000000000000e+00
    5.498063454036451e-01      0.000000000000000e+00
    5.506813454036452e-01      0.000000000000000e+00
    5.515563454036452e-01      0.000000000000000e+00
    5.524313454036451e-01      0.000000000000000e+00
    5.533063454036452e-01      0.000000000000000e+00
    5.541813454036452e-01      0.000000000000000e+00
    5.550563454036452e-01      0.000000000000000e+00
    5.559313454036452e-01      0.000000000000000e+00
    5.568063454036452e-01      0.000000000000000e+00
    5.576813454036452e-01      0.000000000000000e+00
    5.585563454036452e-01      0.000000000000000e+00
    5.594313454036453e-01      0.000000000000000e+00
    5.603063454036452e-01      0.000000000000000e+00
    5.611813454036452e-01      0.000000000000000e+00
    5.620563454036451e-01      0.000000000000000e+00
    5.629313454036452e-01      0.000000000000000e+00
    5.638063454036452e-01      0.000000000000000e+00
    5.646813454036452e-01      0.000000000000000e+00
    5.655563454036452e-01      0.000000000000000e+00
    5.664313454036451e-01      0.000000000000000e+00
    5.673063454036452e-01      0.000000000000000e+00
    5.681813454036452e-01      0.000000000000000e+00
    5.690563454036452e-01      0.000000000000000e+00
    5.699313454036452e-01      0.000000000000000e+00
    5.708063454036452e-01      0.000000000000000e+00
    5.716813454036451e-01      0.000000000000000e+00
    5.725563454036452e-01      0.000000000000000e+00
    5.734313454036452e-01      0.000000000000000e+00
    5.743063454036452e-01      0.000000000000000e+00
    5.751813454036452e-01      0.000000000000000e+00
    5.760563454036451e-01      0.000000000000000e+00
    5.769313454036452e-01      0.000000000000000e+00
    5.778063454036452e-01      0.000000000000000e+00
    5.786813454036452e-01      0.000000000000000e+00
    5.795563454036452e-01      0.000000000000000e+00
    5.804313454036452e-01      0.000000000000000e+00
    5.813063454036452e-01      0.000000000000000e+00
    5.821813454036452e-01      0.000000000000000e+00
    5.830563454036453e-01      0.000000000000000e+00
    5.839313454036452e-01      0.000000000000000e+00
    5.848063454036452e-01      0.000000000000000e+00
    5.856813454036451e-01      0.000000000000000e+00
    5.865563454036452e-01      0.000000000000000e+00
    5.874313454036452e-01      0.000000000000000e+00
    5.883063454036452e-01      0.000000000000000e+00
    5.891813454036452e-01      0.000000000000000e+00
    5.900563454036452e-01      0.000000000000000e+00
    5.909313454036452e-01      0.000000000000000e+00
    5.918063454036452e-01      0.000000000000000e+00
    5.926813454036453e-01      0.000000000000000e+00
    5.935563454036452e-01      0.000000000000000e+00
    5.944313454036452e-01      0.000000000000000e+00
    5.953063454036451e-01      0.000000000000000e+00
    5.961813454036452e-01      0.000000000000000e+00
    5.970563454036452e-01      0.000000000000000e+00
    5.979313454036452e-01      0.000000000000000e+00
    5.988063454036452e-01      0.000000000000000e+00
    5.996813454036451e-01      0.000000000000000e+00
    6.005563454036452e-01      0.000000000000000e+00
    6.014313454036452e-01      0.000000000000000e+00
    6.023063454036452e-01      0.000000000000000e+00
    6.031813454036452e-01      0.000000000000000e+00
    6.040563454036452e-01      0.000000000000000e+00
    6.049313454036452e-01      0.000000000000000e+00
    6.058063454036452e-01      0.000000000000000e+00
    6.066813454036453e-01      0.000000000000000e+00
    6.075563454036452e-01      0.000000000000000e+00
    6.084313454036452e-01      0.000000000000000e+00
    6.093063454036451e-01      0.000000000000000e+00
    6.101813454036452e-01      0.000000000000000e+00
    6.110563454036452e-01      0.000000000000000e+00
    6.119313454036452e-01      0.000000000000000e+00
    6.128063454036452e-01      0.000000000000000e+00
    6.136813454036452e-01      0.000000000000000e+00
    6.145563454036452e-01      0.000000000000000e+00
    6.154313454036452e-01      0.000000000000000e+00
    6.163063454036453e-01      0.000000000000000e+00
    6.171813454036452e-01      0.000000000000000e+00
    6.180563454036452e-01      0.000000000000000e+00
    6.189313454036451e-01      0.000000000000000e+00
    6.198063454036452e-01      0.000000000000000e+00
    6.206813454036452e-01      0.000000000000000e+00
    6.215563454036452e-01      0.000000000000000e+00
    6.224313454036452e-01      0.000000000000000e+00
    6.233063454036452e-01      0.000000000000000e+00
    6.241813454036452e-01      0.000000000000000e+00
    6.250563454036452e-01      0.000000000000000e+00
    6.259313454036453e-01      0.000000000000000e+00
    6.268063454036452e-01      0.000000000000000e+00
    6.276813454036452e-01      0.000000000000000e+00
    6.285563454036452e-01      0.000000000000000e+00
    6.294313454036452e-01      0.000000000000000e+00
    6.303063454036453e-01      0.000000000000000e+00
    6.311813454036452e-01      0.000000000000000e+00
    6.320563454036452e-01      0.000000000000000e+00
    6.329313454036452e-01      0.000000000000000e+00
    6.338063454036452e-01      0.000000000000000e+00
    6.346813454036452e-01      0.000000000000000e+00
    6.355563454036453e-01      0.000000000000000e+00
    6.364313454036452e-01      0.000000000000000e+00
    6.373063454036452e-01      0.000000000000000e+00
    6.381813454036452e-01      0.000000000000000e+00
    6.390563454036452e-01      0.000000000000000e+00
    6.399313454036453e-01      0.000000000000000e+00
    6.408063454036452e-01      0.000000000000000e+00
    6.416813454036452e-01      1.937046004842706e+01
    6.425563454036451e-01      0.000000000000000e+00
    6.434313454036452e-01      0.000000000000000e+00
    6.443063454036452e-01      0.000000000000000e+00
    6.451813454036452e-01      0.000000000000000e+00
    6.460563454036452e-01      0.000000000000000e+00
    6.469313454036452e-01      0.000000000000000e+00
    6.478063454036452e-01      0.000000000000000e+00
    6.486813454036452e-01      0.000000000000000e+00
    6.495563454036453e-01      0.000000000000000e+00
    6.504313454036452e-01      0.000000000000000e+00
    6.513063454036452e-01      0.000000000000000e+00
    6.521813454036453e-01      0.000000000000000e+00
    6.530563454036452e-01      0.000000000000000e+00
    6.539313454036453e-01      0.000000000000000e+00
    6.548063454036452e-01      0.000000000000000e+00
    6.556813454036452e-01      0.000000000000000e+00
    6.565563454036452e-01      0.000000000000000e+00
    6.574313454036452e-01      0.000000000000000e+00
    6.583063454036452e-01      0.000000000000000e+00
    6.591813454036453e-01      0.000000000000000e+00
    6.600563454036452e-01      0.000000000000000e+00
    6.609313454036452e-01      0.000000000000000e+00
    6.618063454036452e-01      0.000000000000000e+00
    6.626813454036452e-01      0.000000000000000e+00
    6.635563454036453e-01      0.000000000000000e+00
    6.644313454036452e-01      0.000000000000000e+00
    6.653063454036452e-01      0.000000000000000e+00
    6.661813454036452e-01      0.000000000000000e+00
    6.670563454036452e-01      0.000000000000000e+00
    6.679313454036453e-01      0.000000000000000e+00
    6.688063454036453e-01      0.000000000000000e+00
    6.696813454036452e-01      0.000000000000000e+00
    6.705563454036452e-01      0.000000000000000e+00
    6.714313454036452e-01      0.000000000000000e+00
    6.723063454036452e-01      0.000000000000000e+00
    6.731813454036453e-01      0.000000000000000e+00
    6.740563454036452e-01      0.000000000000000e+00
    6.749313454036452e-01      0.000000000000000e+00
    6.758063454036451e-01      0.000000000000000e+00
    6.766813454036452e-01      0.000000000000000e+00
    6.775563454036453e-01      0.000000000000000e+00
    6.784313454036452e-01      0.000000000000000e+00
    6.793063454036452e-01      0.000000000000000e+00
    6.801813454036452e-01      0.000000000000000e+00
    6.810563454036452e-01      0.000000000000000e+00
    6.819313454036453e-01      0.000000000000000e+00
    6.828063454036453e-01      0.000000000000000e+00
    6.836813454036452e-01      0.000000000000000e+00
    6.845563454036452e-01      0.000000000000000e+00
    6.854313454036451e-01      0.000000000000000e+00
    6.863063454036452e-01      0.000000000000000e+00
    6.871813454036453e-01      0.000000000000000e+00
    6.880563454036452e-01      0.000000000000000e+00
    6.889313454036452e-01      0.000000000000000e+00
    6.898063454036452e-01      0.000000000000000e+00
    6.906813454036452e-01      0.000000000000000e+00
    6.915563454036453e-01      0.000000000000000e+00
    6.924313454036453e-01      0.000000000000000e+00
    6.933063454036452e-01      0.000000000000000e+00
    6.941813454036452e-01      0.000000000000000e+00
    6.950563454036452e-01      0.000000000000000e+00
    6.959313454036452e-01      0.000000000000000e+00
    6.968063454036453e-01      0.000000000000000e+00
    6.976813454036452e-01      0.000000000000000e+00
    6.985563454036452e-01      0.000000000000000e+00
    6.994313454036452e-01      0.000000000000000e+00
    7.003063454036452e-01      0.000000000000000e+00
    7.011813454036453e-01      0.000000000000000e+00
    7.020563454036453e-01      0.000000000000000e+00
    7.029313454036452e-01      0.000000000000000e+00
    7.038063454036452e-01      0.000000000000000e+00
    7.046813454036452e-01      0.000000000000000e+00
    7.055563454036452e-01      0.000000000000000e+00
    7.064313454036453e-01      0.000000000000000e+00
    7.073063454036452e-01      0.000000000000000e+00
    7.081813454036452e-01      0.000000000000000e+00
    7.090563454036451e-01      0.000000000000000e+00
    7.099313454036452e-01      0.000000000000000e+00
    7.108063454036453e-01      0.000000000000000e+00
    7.116813454036452e-01      0.000000000000000e+00
    7.125563454036452e-01      0.000000000000000e+00
    7.134313454036452e-01      0.000000000000000e+00
    7.143063454036452e-01      0.000000000000000e+00
    7.151813454036453e-01      0.000000000000000e+00
    7.160563454036453e-01      0.000000000000000e+00
    7.169313454036452e-01      0.000000000000000e+00
    7.178063454036452e-01      0.000000000000000e+00
    7.186813454036453e-01      0.000000000000000e+00
    7.195563454036452e-01      0.000000000000000e+00
    7.204313454036453e-01      0.000000000000000e+00
    7.213063454036452e-01      0.000000000000000e+00
    7.221813454036452e-01      0.000000000000000e+00
    7.230563454036452e-01      0.000000000000000e+00
    7.239313454036452e-01      0.000000000000000e+00
    7.248063454036453e-01      0.000000000000000e+00
    7.256813454036453e-01      0.000000000000000e+00
    7.265563454036452e-01      0.000000000000000e+00
    7.274313454036452e-01      0.000000000000000e+00
    7.283063454036452e-01      0.000000000000000e+00
    7.291813454036452e-01      0.000000000000000e+00
    7.300563454036453e-01      0.000000000000000e+00
    7.309313454036452e-01      0.000000000000000e+00
    7.318063454036452e-01      0.000000000000000e+00
    7.326813454036452e-01      0.000000000000000e+00
    7.335563454036452e-01      0.000000000000000e+00
    7.344313454036453e-01      0.000000000000000e+00
    7.353063454036453e-01      0.000000000000000e+00
    7.361813454036452e-01      0.000000000000000e+00
    7.370563454036452e-01      0.000000000000000e+00
    7.379313454036452e-01      0.000000000000000e+00
    7.388063454036453e-01      0.000000000000000e+00
    7.396813454036453e-01      0.000000000000000e+00
    7.405563454036452e-01      0.000000000000000e+00
    7.414313454036452e-01      0.000000000000000e+00
    7.423063454036453e-01      0.000000000000000e+00
    7.431813454036452e-01      0.000000000000000e+00
    7.440563454036453e-01      0.000000000000000e+00
    7.449313454036453e-01      0.000000000000000e+00
    7.458063454036452e-01      0.000000000000000e+00
    7.466813454036452e-01      0.000000000000000e+00
    7.475563454036452e-01      0.000000000000000e+00
    7.484313454036453e-01      0.000000000000000e+00
    7.493063454036453e-01      0.000000000000000e+00
    7.501813454036452e-01      0.000000000000000e+00
    7.510563454036452e-01      0.000000000000000e+00
    7.519313454036453e-01      0.000000000000000e+00
    7.528063454036452e-01      0.000000000000000e+00
    7.536813454036453e-01      0.000000000000000e+00
    7.545563454036452e-01      0.000000000000000e+00
    7.554313454036452e-01      0.000000000000000e+00
    7.563063454036452e-01      3.874092009684919e+01
    7.571813454036452e-01      0.000000000000000e+00
    7.580563454036453e-01      0.000000000000000e+00
    7.589313454036453e-01      0.000000000000000e+00
    7.598063454036452e-01      0.000000000000000e+00
    7.606813454036452e-01      0.000000000000000e+00
    7.615563454036453e-01      0.000000000000000e+00
    7.624313454036453e-01      0.000000000000000e+00
    7.633063454036453e-01      0.000000000000000e+00
    7.641813454036452e-01      0.000000000000000e+00
    7.650563454036452e-01      0.000000000000000e+00
    7.659313454036453e-01      0.000000000000000e+00
    7.668063454036452e-01      0.000000000000000e+00
    7.676813454036453e-01      0.000000000000000e+00
    7.685563454036453e-01      0.000000000000000e+00
    7.694313454036452e-01      0.000000000000000e+00
    7.703063454036452e-01      0.000000000000000e+00
    7.711813454036452e-01      0.000000000000000e+00
    7.720563454036453e-01      0.000000000000000e+00
    7.729313454036453e-01      0.000000000000000e+00
    7.738063454036452e-01      0.000000000000000e+00
    7.746813454036452e-01      0.000000000000000e+00
    7.755563454036453e-01      0.000000000000000e+00
    7.764313454036452e-01      0.000000000000000e+00
    7.773063454036453e-01      0.000000000000000e+00
    7.781813454036453e-01      0.000000000000000e+00
    7.790563454036452e-01      0.000000000000000e+00
    7.799313454036452e-01      0.000000000000000e+00
    7.808063454036452e-01      0.000000000000000e+00
    7.816813454036453e-01      0.000000000000000e+00
    7.825563454036453e-01      0.000000000000000e+00
    7.834313454036452e-01      0.000000000000000e+00
    7.843063454036452e-01      0.000000000000000e+00
    7.851813454036453e-01      0.000000000000000e+00
    7.860563454036453e-01      0.000000000000000e+00
    7.869313454036453e-01      0.000000000000000e+00
    7.878063454036452e-01      0.000000000000000e+00
    7.886813454036452e-01      0.000000000000000e+00
    7.895563454036453e-01      0.000000000000000e+00
    7.904313454036452e-01      0.000000000000000e+00
    7.913063454036453e-01      0.000000000000000e+00
    7.921813454036453e-01      0.000000000000000e+00
    7.930563454036452e-01      0.000000000000000e+00
    7.939313454036452e-01      0.000000000000000e+00
    7.948063454036453e-01      0.000000000000000e+00
    7.956813454036453e-01      0.000000000000000e+00
    7.965563454036453e-01      0.000000000000000e+00
    7.974313454036452e-01      0.000000000000000e+00
    7.983063454036452e-01      0.000000000000000e+00
    7.991813454036453e-01      0.000000000000000e+00
    8.000563454036452e-01      0.000000000000000e+00
    8.009313454036453e-01      0.000000000000000e+00
    8.018063454036453e-01      0.000000000000000e+00
    8.026813454036452e-01      0.000000000000000e+00
    8.035563454036452e-01      0.000000000000000e+00
    8.044313454036452e-01      0.000000000000000e+00
    8.053063454036453e-01      0.000000000000000e+00
    8.061813454036453e-01      0.000000000000000e+00
    8.070563454036452e-01      0.000000000000000e+00
    8.079313454036452e-01      0.000000000000000e+00
    8.088063454036453e-01      0.000000000000000e+00
    8.096813454036453e-01      0.000000000000000e+00
    8.105563454036453e-01      0.000000000000000e+00
    8.114313454036453e-01      0.000000000000000e+00
    8.123063454036452e-01      0.000000000000000e+00
    8.131813454036453e-01      0.000000000000000e+00
    8.140563454036452e-01      0.000000000000000e+00
    8.149313454036453e-01      0.000000000000000e+00
    8.158063454036453e-01      0.000000000000000e+00
    8.166813454036452e-01      0.000000000000000e+00
    8.175563454036452e-01      0.000000000000000e+00
    8.184313454036453e-01      0.000000000000000e+00
    8.193063454036453e-01      0.000000000000000e+00
    8.201813454036453e-01      0.000000000000000e+00
    8.210563454036452e-01      0.000000000000000e+00
    8.219313454036452e-01      0.000000000000000e+00
    8.228063454036453e-01      0.000000000000000e+00
    8.236813454036452e-01      0.000000000000000e+00
    8.245563454036453e-01      0.000000000000000e+00
    8.254313454036453e-01      0.000000000000000e+00
    8.263063454036452e-01      0.000000000000000e+00
    8.271813454036452e-01      0.000000000000000e+00
    8.280563454036453e-01      0.000000000000000e+00
    8.289313454036453e-01      0.000000000000000e+00
    8.298063454036453e-01      0.000000000000000e+00
    8.306813454036452e-01      0.000000000000000e+00
    8.315563454036452e-01      0.000000000000000e+00
    8.324313454036453e-01      0.000000000000000e+00
    8.333063454036453e-01      0.000000000000000e+00
    8.341813454036453e-01      0.000000000000000e+00
    8.350563454036453e-01      0.000000000000000e+00
    8.359313454036452e-01      0.000000000000000e+00
    8.368063454036453e-01      0.000000000000000e+00
    8.376813454036452e-01      0.000000000000000e+00
    8.385563454036453e-01      0.000000000000000e+00
    8.394313454036453e-01      0.000000000000000e+00
    8.403063454036452e-01      0.000000000000000e+00
    8.411813454036452e-01      0.000000000000000e+00
    8.420563454036453e-01      0.000000000000000e+00
    8.429313454036453e-01      0.000000000000000e+00
    8.438063454036453e-01      0.000000000000000e+00
    8.446813454036453e-01      0.000000000000000e+00
    8.455563454036452e-01      0.000000000000000e+00
    8.464313454036453e-01      0.000000000000000e+00
    8.473063454036452e-01      0.000000000000000e+00
    8.481813454036453e-01      0.000000000000000e+00
    8.490563454036453e-01      0.000000000000000e+00
    8.499313454036452e-01      0.000000000000000e+00
    8.508063454036452e-01      0.000000000000000e+00
    8.516813454036453e-01      0.000000000000000e+00
    8.525563454036453e-01      0.000000000000000e+00
    8.534313454036453e-01      0.000000000000000e+00
    8.543063454036453e-01      0.000000000000000e+00
    8.551813454036452e-01      0.000000000000000e+00
    8.560563454036453e-01      0.000000000000000e+00
    8.569313454036454e-01      0.000000000000000e+00
    8.578063454036453e-01      0.000000000000000e+00
    8.586813454036453e-01      0.000000000000000e+00
    8.595563454036452e-01      0.000000000000000e+00
    8.604313454036453e-01      0.000000000000000e+00
    8.613063454036453e-01      0.000000000000000e+00
    8.621813454036453e-01      0.000000000000000e+00
    8.630563454036453e-01      0.000000000000000e+00
    8.639313454036452e-01      0.000000000000000e+00
    8.648063454036452e-01      0.000000000000000e+00
    8.656813454036453e-01      0.000000000000000e+00
    8.665563454036453e-01      0.000000000000000e+00
    8.674313454036453e-01      0.000000000000000e+00
    8.683063454036453e-01      0.000000000000000e+00
    8.691813454036452e-01      0.000000000000000e+00
    8.700563454036453e-01      1.937046004842706e+01
    8.709313454036453e-01      0.000000000000000e+00
    8.718063454036453e-01      0.000000000000000e+00
    8.726813454036453e-01      0.000000000000000e+00
    8.735563454036452e-01      0.000000000000000e+00
    8.744313454036452e-01      0.000000000000000e+00
    8.753063454036453e-01      0.000000000000000e+00
    8.761813454036453e-01      0.000000000000000e+00
    8.770563454036453e-01      0.000000000000000e+00
    8.779313454036453e-01      0.000000000000000e+00
    8.788063454036452e-01      0.000000000000000e+00
    8.796813454036453e-01      0.000000000000000e+00
    8.805563454036454e-01      0.000000000000000e+00
    8.814313454036453e-01      0.000000000000000e+00
    8.823063454036453e-01      0.000000000000000e+00
    8.831813454036452e-01      0.000000000000000e+00
    8.840563454036453e-01      0.000000000000000e+00
    8.849313454036453e-01      0.000000000000000e+00
    8.858063454036453e-01      0.000000000000000e+00
    8.866813454036453e-01      0.000000000000000e+00
    8.875563454036453e-01      0.000000000000000e+00
    8.884313454036452e-01      0.000000000000000e+00
    8.893063454036453e-01      0.000000000000000e+00
    8.901813454036454e-01      0.000000000000000e+00
    8.910563454036453e-01      0.000000000000000e+00
    8.919313454036453e-01      0.000000000000000e+00
    8.928063454036452e-01      0.000000000000000e+00
    8.936813454036453e-01      0.000000000000000e+00
    8.945563454036453e-01      0.000000000000000e+00
    8.954313454036453e-01      0.000000000000000e+00
    8.963063454036453e-01      0.000000000000000e+00
    8.971813454036452e-01      0.000000000000000e+00
    8.980563454036452e-01      0.000000000000000e+00
    8.989313454036453e-01      0.000000000000000e+00
    8.998063454036453e-01      0.000000000000000e+00
    9.006813454036453e-01      0.000000000000000e+00
    9.015563454036453e-01      0.000000000000000e+00
    9.024313454036452e-01      0.000000000000000e+00
    9.033063454036453e-01      0.000000000000000e+00
    9.041813454036454e-01      0.000000000000000e+00
    9.050563454036453e-01      0.000000000000000e+00
    9.059313454036453e-01      0.000000000000000e+00
    9.068063454036452e-01      0.000000000000000e+00
    9.076813454036452e-01      0.000000000000000e+00
    9.085563454036453e-01      0.000000000000000e+00
    9.094313454036453e-01      0.000000000000000e+00
    9.103063454036453e-01      0.000000000000000e+00
    9.111813454036453e-01      0.000000000000000e+00
    9.120563454036452e-01      0.000000000000000e+00
    9.129313454036453e-01      0.000000000000000e+00
    9.138063454036454e-01      0.000000000000000e+00
    9.146813454036453e-01      0.000000000000000e+00
    9.155563454036453e-01      0.000000000000000e+00
    9.164313454036452e-01      0.000000000000000e+00
    9.173063454036453e-01      0.000000000000000e+00
    9.181813454036453e-01      0.000000000000000e+00
    9.190563454036453e-01      0.000000000000000e+00
    9.199313454036453e-01      0.000000000000000e+00
    9.208063454036453e-01      0.000000000000000e+00
    9.216813454036453e-01      0.000000000000000e+00
    9.225563454036453e-01      0.000000000000000e+00
    9.234313454036452e-01      0.000000000000000e+00
    9.243063454036453e-01      0.000000000000000e+00
    9.251813454036453e-01      0.000000000000000e+00
    9.260563454036453e-01      0.000000000000000e+00
    9.269313454036453e-01      0.000000000000000e+00
    9.278063454036453e-01      0.000000000000000e+00
    9.286813454036453e-01      0.000000000000000e+00
    9.295563454036453e-01      0.000000000000000e+00
    9.304313454036452e-01      0.000000000000000e+00
    9.313063454036453e-01      0.000000000000000e+00
    9.321813454036453e-01      0.000000000000000e+00
    9.330563454036452e-01      0.000000000000000e+00
    9.339313454036453e-01      0.000000000000000e+00
    9.348063454036453e-01      0.000000000000000e+00
    9.356813454036453e-01      0.000000000000000e+00
    9.365563454036453e-01      0.000000000000000e+00
    9.374313454036453e-01      0.000000000000000e+00
    9.383063454036453e-01      0.000000000000000e+00
    9.391813454036453e-01      0.000000000000000e+00
    9.400563454036452e-01      0.000000000000000e+00
    9.409313454036453e-01      0.000000000000000e+00
    9.418063454036453e-01      0.000000000000000e+00
    9.426813454036453e-01      0.000000000000000e+00
    9.435563454036453e-01      0.000000000000000e+00
    9.444313454036453e-01      0.000000000000000e+00
    9.453063454036453e-01      0.000000000000000e+00
    9.461813454036453e-01      0.000000000000000e+00
    9.470563454036452e-01      0.000000000000000e+00
    9.479313454036453e-01      0.000000000000000e+00
    9.488063454036453e-01      0.000000000000000e+00
    9.496813454036453e-01      0.000000000000000e+00
    9.505563454036453e-01      0.000000000000000e+00
    9.514313454036453e-01      0.000000000000000e+00
    9.523063454036453e-01      0.000000000000000e+00
    9.531813454036453e-01      0.000000000000000e+00
    9.540563454036453e-01      0.000000000000000e+00
    9.549313454036453e-01      0.000000000000000e+00
    9.558063454036453e-01      0.000000000000000e+00
    9.566813454036452e-01      0.000000000000000e+00
    9.575563454036453e-01      0.000000000000000e+00
    9.584313454036453e-01      0.000000000000000e+00
    9.593063454036453e-01      0.000000000000000e+00
    9.601813454036453e-01      0.000000000000000e+00
    9.610563454036453e-01      0.000000000000000e+00
    9.619313454036453e-01      0.000000000000000e+00
    9.628063454036453e-01      0.000000000000000e+00
    9.636813454036453e-01      0.000000000000000e+00
    9.645563454036453e-01      0.000000000000000e+00
    9.654313454036453e-01      0.000000000000000e+00
    9.663063454036454e-01      0.000000000000000e+00
    9.671813454036453e-01      0.000000000000000e+00
    9.680563454036453e-01      0.000000000000000e+00
    9.689313454036453e-01      0.000000000000000e+00
    9.698063454036453e-01      0.000000000000000e+00
    9.706813454036453e-01      0.000000000000000e+00
    9.715563454036453e-01      0.000000000000000e+00
    9.724313454036453e-01      0.000000000000000e+00
    9.733063454036454e-01      0.000000000000000e+00
    9.741813454036453e-01      0.000000000000000e+00
    9.750563454036453e-01      0.000000000000000e+00
    9.759313454036453e-01      0.000000000000000e+00
    9.768063454036453e-01      0.000000000000000e+00
    9.776813454036453e-01      0.000000000000000e+00
    9.785563454036453e-01      0.000000000000000e+00
    9.794313454036453e-01      0.000000000000000e+00
    9.803063454036453e-01      0.000000000000000e+00
    9.811813454036453e-01      0.000000000000000e+00
    9.820563454036453e-01      0.000000000000000e+00
    9.829313454036454e-01      0.000000000000000e+00
    9.838063454036453e-01      0.000000000000000e+00
    9.846813454036453e-01      3.874092009684919e+01
    9.855563454036453e-01      0.000000000000000e+00
    9.864313454036453e-01      0.000000000000000e+00
    9.873063454036453e-01      0.000000000000000e+00
    9.881813454036453e-01      0.000000000000000e+00
    9.890563454036453e-01      0.000000000000000e+00
    9.899313454036454e-01      0.000000000000000e+00
    9.908063454036453e-01      0.000000000000000e+00
    9.916813454036453e-01      0.000000000000000e+00
    9.925563454036453e-01      0.000000000000000e+00
    9.934313454036453e-01      0.000000000000000e+00
    9.943063454036453e-01      0.000000000000000e+00
    9.951813454036453e-01      0.000000000000000e+00
    9.960563454036453e-01      0.000000000000000e+00
    9.969313454036453e-01      0.000000000000000e+00
    9.978063454036453e-01      0.000000000000000e+00
    9.986813454036453e-01      0.000000000000000e+00
    9.995563454036454e-01      0.000000000000000e+00
    1.000431345403645e+00      0.000000000000000e+00
    1.001306345403645e+00      0.000000000000000e+00
    1.002181345403645e+00      0.000000000000000e+00
    1.003056345403645e+00      0.000000000000000e+00
    1.003931345403645e+00      0.000000000000000e+00
    1.004806345403645e+00      0.000000000000000e+00
    1.005681345403645e+00      0.000000000000000e+00
    1.006556345403645e+00      0.000000000000000e+00
    1.007431345403645e+00      0.000000000000000e+00
    1.008306345403645e+00      0.000000000000000e+00
    1.009181345403645e+00      0.000000000000000e+00
    1.010056345403645e+00      0.000000000000000e+00
    1.010931345403645e+00      0.000000000000000e+00
    1.011806345403645e+00      0.000000000000000e+00
    1.012681345403645e+00      0.000000000000000e+00
    1.013556345403645e+00      0.000000000000000e+00
    1.014431345403645e+00      0.000000000000000e+00
    1.015306345403645e+00      0.000000000000000e+00
    1.016181345403645e+00      0.000000000000000e+00
    1.017056345403645e+00      0.000000000000000e+00
    1.017931345403645e+00      0.000000000000000e+00
    1.018806345403645e+00      0.000000000000000e+00
    1.019681345403645e+00      0.000000000000000e+00
    1.020556345403645e+00      0.000000000000000e+00
    1.021431345403645e+00      0.000000000000000e+00
    1.022306345403645e+00      0.000000000000000e+00
    1.023181345403645e+00      0.000000000000000e+00
    1.024056345403645e+00      0.000000000000000e+00
    1.024931345403645e+00      0.000000000000000e+00
    1.025806345403645e+00      0.000000000000000e+00
    1.026681345403645e+00      0.000000000000000e+00
    1.027556345403645e+00      0.000000000000000e+00
    1.028431345403645e+00      0.000000000000000e+00
    1.029306345403645e+00      0.000000000000000e+00
    1.030181345403645e+00      0.000000000000000e+00
    1.031056345403645e+00      0.000000000000000e+00
    1.031931345403645e+00      0.000000000000000e+00
    1.032806345403645e+00      0.000000000000000e+00
    1.033681345403645e+00      0.000000000000000e+00
    1.034556345403645e+00      0.000000000000000e+00
    1.035431345403645e+00      0.000000000000000e+00
    1.036306345403645e+00      0.000000000000000e+00
    1.037181345403645e+00      0.000000000000000e+00
    1.038056345403645e+00      0.000000000000000e+00
    1.038931345403645e+00      0.000000000000000e+00
    1.039806345403645e+00      0.000000000000000e+00
    1.040681345403645e+00      0.000000000000000e+00
    1.041556345403645e+00      0.000000000000000e+00
    1.042431345403645e+00      0.000000000000000e+00
    1.043306345403645e+00      0.000000000000000e+00
    1.044181345403645e+00      0.000000000000000e+00
    1.045056345403645e+00      0.000000000000000e+00
    1.045931345403645e+00      0.000000000000000e+00
    1.046806345403645e+00      0.000000000000000e+00
    1.047681345403645e+00      0.000000000000000e+00
    1.048556345403645e+00      0.000000000000000e+00
    1.049431345403645e+00      0.000000000000000e+00
    1.050306345403645e+00      0.000000000000000e+00
    1.051181345403645e+00      0.000000000000000e+00
    1.052056345403645e+00      0.000000000000000e+00
    1.052931345403645e+00      0.000000000000000e+00
    1.053806345403645e+00      0.000000000000000e+00
    1.054681345403645e+00      0.000000000000000e+00
    1.055556345403645e+00      0.000000000000000e+00
    1.056431345403645e+00      0.000000000000000e+00
    1.057306345403645e+00      0.000000000000000e+00
    1.058181345403645e+00      0.000000000000000e+00
    1.059056345403645e+00      0.000000000000000e+00
    1.059931345403645e+00      0.000000000000000e+00
    1.060806345403645e+00      0.000000000000000e+00
    1.061681345403645e+00      0.000000000000000e+00
    1.062556345403645e+00      0.000000000000000e+00
    1.063431345403645e+00      0.000000000000000e+00
    1.064306345403645e+00      0.000000000000000e+00
    1.065181345403645e+00      0.000000000000000e+00
    1.066056345403645e+00      0.000000000000000e+00
    1.066931345403645e+00      0.000000000000000e+00
    1.067806345403645e+00      0.000000000000000e+00
    1.068681345403645e+00      0.000000000000000e+00
    1.069556345403645e+00      0.000000000000000e+00
    1.070431345403645e+00      0.000000000000000e+00
    1.071306345403645e+00      0.000000000000000e+00
    1.072181345403645e+00      0.000000000000000e+00
    1.073056345403645e+00      0.000000000000000e+00
    1.073931345403645e+00      0.000000000000000e+00
    1.074806345403645e+00      0.000000000000000e+00
    1.075681345403645e+00      0.000000000000000e+00
    1.076556345403645e+00      0.000000000000000e+00
    1.077431345403645e+00      0.000000000000000e+00
    1.078306345403645e+00      0.000000000000000e+00
    1.079181345403645e+00      0.000000000000000e+00
    1.080056345403645e+00      0.000000000000000e+00
    1.080931345403645e+00      0.000000000000000e+00
    1.081806345403645e+00      0.000000000000000e+00
    1.082681345403645e+00      0.000000000000000e+00
    1.083556345403645e+00      0.000000000000000e+00
    1.084431345403645e+00      0.000000000000000e+00
    1.085306345403645e+00      0.000000000000000e+00
    1.086181345403645e+00      0.000000000000000e+00
    1.087056345403645e+00      0.000000000000000e+00
    1.087931345403645e+00      0.000000000000000e+00
    1.088806345403645e+00      0.000000000000000e+00
    1.089681345403645e+00      0.000000000000000e+00
    1.090556345403645e+00      0.000000000000000e+00
    1.091431345403645e+00      0.000000000000000e+00
    1.092306345403645e+00      0.000000000000000e+00
    1.093181345403645e+00      0.000000000000000e+00
    1.094056345403645e+00      0.000000000000000e+00
    1.094931345403645e+00      0.000000000000000e+00
    1.095806345403645e+00      0.000000000000000e+00
    1.096681345403645e+00      0.000000000000000e+00
    1.097556345403645e+00      0.000000000000000e+00
    1.098431345403645e+00      1.937046004842706e+01
    1.099306345403645e+00      0.000000000000000e+00
    1.100181345403645e+00      0.000000000000000e+00
    1.101056345403645e+00      0.000000000000000e+00
    1.101931345403645e+00      0.000000000000000e+00
    1.102806345403645e+00      0.000000000000000e+00
    1.103681345403645e+00      0.000000000000000e+00
    1.104556345403645e+00      0.000000000000000e+00
    1.105431345403645e+00      0.000000000000000e+00
    1.106306345403645e+00      0.000000000000000e+00
    1.107181345403645e+00      0.000000000000000e+00
    1.108056345403645e+00      0.000000000000000e+00
    1.108931345403645e+00      0.000000000000000e+00
    1.109806345403645e+00      0.000000000000000e+00
    1.110681345403645e+00      0.000000000000000e+00
    1.111556345403645e+00      0.000000000000000e+00
    1.112431345403645e+00      0.000000000000000e+00
    1.113306345403645e+00      0.000000000000000e+00
    1.114181345403645e+00      0.000000000000000e+00
    1.115056345403645e+00      0.000000000000000e+00
    1.115931345403645e+00      0.000000000000000e+00
    1.116806345403645e+00      0.000000000000000e+00
    1.117681345403645e+00      0.000000000000000e+00
    1.118556345403645e+00      0.000000000000000e+00
    1.119431345403645e+00      0.000000000000000e+00
    1.120306345403645e+00      0.000000000000000e+00
    1.121181345403645e+00      0.000000000000000e+00
    1.122056345403645e+00      0.000000000000000e+00
    1.122931345403645e+00      0.000000000000000e+00
    1.123806345403645e+00      0.000000000000000e+00
    1.124681345403646e+00      0.000000000000000e+00
    1.125556345403645e+00      0.000000000000000e+00
    1.126431345403645e+00      0.000000000000000e+00
    1.127306345403645e+00      0.000000000000000e+00
    1.128181345403645e+00      0.000000000000000e+00
    1.129056345403645e+00      0.000000000000000e+00
    1.129931345403645e+00      0.000000000000000e+00
    1.130806345403645e+00      0.000000000000000e+00
    1.131681345403645e+00      0.000000000000000e+00
    1.132556345403645e+00      0.000000000000000e+00
    1.133431345403645e+00      0.000000000000000e+00
    1.134306345403645e+00      0.000000000000000e+00
    1.135181345403645e+00      0.000000000000000e+00
    1.136056345403645e+00      0.000000000000000e+00
    1.136931345403645e+00      0.000000000000000e+00
    1.137806345403645e+00      0.000000000000000e+00
    1.138681345403645e+00      0.000000000000000e+00
    1.139556345403645e+00      0.000000000000000e+00
    1.140431345403645e+00      0.000000000000000e+00
    1.141306345403645e+00      0.000000000000000e+00
    1.142181345403645e+00      0.000000000000000e+00
    1.143056345403645e+00      0.000000000000000e+00
    1.143931345403645e+00      0.000000000000000e+00
    1.144806345403645e+00      0.000000000000000e+00
    1.145681345403645e+00      0.000000000000000e+00
    1.146556345403645e+00      0.000000000000000e+00
    1.147431345403645e+00      0.000000000000000e+00
    1.148306345403646e+00      0.000000000000000e+00
    1.149181345403645e+00      0.000000000000000e+00
    1.150056345403645e+00      0.000000000000000e+00
    1.150931345403645e+00      0.000000000000000e+00
    1.151806345403645e+00      0.000000000000000e+00
    1.152681345403645e+00      0.000000000000000e+00
    1.153556345403645e+00      0.000000000000000e+00
    1.154431345403645e+00      0.000000000000000e+00
    1.155306345403645e+00      0.000000000000000e+00
    1.156181345403645e+00      0.000000000000000e+00
    1.157056345403645e+00      0.000000000000000e+00
    1.157931345403645e+00      0.000000000000000e+00
    1.158806345403645e+00      0.000000000000000e+00
    1.159681345403645e+00      0.000000000000000e+00
    1.160556345403645e+00      0.000000000000000e+00
    1.161431345403645e+00      0.000000000000000e+00
    1.162306345403645e+00      0.000000000000000e+00
    1.163181345403645e+00      0.000000000000000e+00
    1.164056345403645e+00      0.000000000000000e+00
    1.164931345403645e+00      0.000000000000000e+00
    1.165806345403645e+00      0.000000000000000e+00
    1.166681345403645e+00      0.000000000000000e+00
    1.167556345403646e+00      0.000000000000000e+00
    1.168431345403645e+00      0.000000000000000e+00
    1.169306345403645e+00      0.000000000000000e+00
    1.170181345403645e+00      0.000000000000000e+00
    1.171056345403645e+00      0.000000000000000e+00
    1.171931345403646e+00      0.000000000000000e+00
    1.172806345403645e+00      0.000000000000000e+00
    1.173681345403645e+00      0.000000000000000e+00
    1.174556345403645e+00      0.000000000000000e+00
    1.175431345403645e+00      0.000000000000000e+00
    1.176306345403645e+00      0.000000000000000e+00
    1.177181345403645e+00      0.000000000000000e+00
    1.178056345403645e+00      0.000000000000000e+00
    1.178931345403645e+00      0.000000000000000e+00
    1.179806345403645e+00      0.000000000000000e+00
    1.180681345403645e+00      0.000000000000000e+00
    1.181556345403645e+00      0.000000000000000e+00
    1.182431345403645e+00      0.000000000000000e+00
    1.183306345403645e+00      0.000000000000000e+00
    1.184181345403645e+00      0.000000000000000e+00
    1.185056345403645e+00      0.000000000000000e+00
    1.185931345403645e+00      0.000000000000000e+00
    1.186806345403645e+00      0.000000000000000e+00
    1.187681345403645e+00      0.000000000000000e+00
    1.188556345403645e+00      0.000000000000000e+00
    1.189431345403645e+00      0.000000000000000e+00
    1.190306345403645e+00      0.000000000000000e+00
    1.191181345403646e+00      0.000000000000000e+00
    1.192056345403645e+00      0.000000000000000e+00
    1.192931345403645e+00      0.000000000000000e+00
    1.193806345403645e+00      0.000000000000000e+00
    1.194681345403645e+00      0.000000000000000e+00
    1.195556345403646e+00      0.000000000000000e+00
    1.196431345403645e+00      0.000000000000000e+00
    1.197306345403645e+00      0.000000000000000e+00
    1.198181345403645e+00      0.000000000000000e+00
    1.199056345403645e+00      0.000000000000000e+00
    1.199931345403645e+00      0.000000000000000e+00
    1.200806345403645e+00      0.000000000000000e+00
    1.201681345403645e+00      0.000000000000000e+00
    1.202556345403645e+00      0.000000000000000e+00
    1.203431345403645e+00      0.000000000000000e+00
    1.204306345403645e+00      0.000000000000000e+00
    1.205181345403645e+00      0.000000000000000e+00
    1.206056345403645e+00      0.000000000000000e+00
    1.206931345403645e+00      0.000000000000000e+00
    1.207806345403645e+00      0.000000000000000e+00
    1.208681345403645e+00      0.000000000000000e+00
    1.209556345403645e+00      0.000000000000000e+00
    1.210431345403645e+00      0.000000000000000e+00
    1.211306345403645e+00      0.000000000000000e+00
    1.212181345403645e+00      0.000000000000000e+00
    1.213056345403645e+00      0.000000000000000e+00
    1.213931345403645e+00      1.937046004842214e+01
    1.214806345403646e+00      0.000000000000000e+00
    1.215681345403645e+00      3.874092009684428e+01
    1.216556345403645e+00      0.000000000000000e+00
    1.217431345403645e+00      1.937046004842706e+01
    1.218306345403645e+00      3.874092009684428e+01
    1.219181345403646e+00      0.000000000000000e+00
    1.220056345403645e+00      1.937046004842214e+01
    1.220931345403645e+00      3.874092009685411e+01
    1.221806345403645e+00      0.000000000000000e+00
    1.222681345403645e+00      1.937046004842706e+01
    1.223556345403645e+00      5.811138014528116e+01
    1.224431345403645e+00      0.000000000000000e+00
    1.225306345403645e+00      1.937046004843197e+01
    1.226181345403645e+00      3.874092009684428e+01
    1.227056345403645e+00      0.000000000000000e+00
    1.227931345403645e+00      1.937046004842706e+01
    1.228806345403645e+00      3.874092009684428e+01
    1.229681345403645e+00      1.937046004843197e+01
    1.230556345403645e+00      3.874092009684428e+01
    1.231431345403645e+00      1.937046004842706e+01
    1.232306345403645e+00      5.811138014528116e+01
    1.233181345403645e+00      3.874092009684428e+01
    1.234056345403646e+00      1.937046004843197e+01
    1.234931345403645e+00      1.937046004842214e+01
    1.235806345403645e+00      0.000000000000000e+00
    1.236681345403645e+00      0.000000000000000e+00
    1.237556345403645e+00      3.874092009684428e+01
    1.238431345403646e+00      0.000000000000000e+00
    1.239306345403645e+00      0.000000000000000e+00
    1.240181345403645e+00      7.748184019370822e+01
    1.241056345403645e+00      0.000000000000000e+00
    1.241931345403645e+00      0.000000000000000e+00
    1.242806345403646e+00      1.937046004843197e+01
    1.243681345403645e+00      0.000000000000000e+00
    1.244556345403645e+00      0.000000000000000e+00
    1.245431345403645e+00      5.811138014528116e+01
    1.246306345403645e+00      0.000000000000000e+00
    1.247181345403645e+00      0.000000000000000e+00
    1.248056345403645e+00      1.937046004842214e+01
    1.248931345403645e+00      0.000000000000000e+00
    1.249806345403645e+00      0.000000000000000e+00
    1.250681345403645e+00      3.874092009685411e+01
    1.251556345403645e+00      0.000000000000000e+00
    1.252431345403645e+00      0.000000000000000e+00
    1.253306345403645e+00      1.937046004843197e+01
    1.254181345403645e+00      0.000000000000000e+00
    1.255056345403645e+00      0.000000000000000e+00
    1.255931345403645e+00      0.000000000000000e+00
    1.256806345403645e+00      0.000000000000000e+00
    1.257681345403646e+00      0.000000000000000e+00
    1.258556345403645e+00      0.000000000000000e+00
    1.259431345403645e+00      0.000000000000000e+00
    1.260306345403645e+00      0.000000000000000e+00
    1.261181345403645e+00      0.000000000000000e+00
    1.262056345403646e+00      0.000000000000000e+00
    1.262931345403645e+00      0.000000000000000e+00
    1.263806345403645e+00      0.000000000000000e+00
    1.264681345403645e+00      0.000000000000000e+00
    1.265556345403645e+00      0.000000000000000e+00
    1.266431345403645e+00      0.000000000000000e+00
    1.267306345403645e+00      1.937046004842214e+01
    1.268181345403645e+00      0.000000000000000e+00
    1.269056345403645e+00      0.000000000000000e+00
    1.269931345403645e+00      0.000000000000000e+00
    1.270806345403645e+00      0.000000000000000e+00
    1.271681345403645e+00      0.000000000000000e+00
    1.272556345403645e+00      0.000000000000000e+00
    1.273431345403645e+00      0.000000000000000e+00
    1.274306345403645e+00      0.000000000000000e+00
    1.275181345403645e+00      0.000000000000000e+00
    1.276056345403645e+00      0.000000000000000e+00
    1.276931345403646e+00      0.000000000000000e+00
    1.277806345403645e+00      5.811138014526642e+01
    1.278681345403645e+00      0.000000000000000e+00
    1.279556345403645e+00      0.000000000000000e+00
    1.280431345403645e+00      0.000000000000000e+00
    1.281306345403646e+00      0.000000000000000e+00
    1.282181345403645e+00      0.000000000000000e+00
    1.283056345403645e+00      0.000000000000000e+00
    1.283931345403645e+00      0.000000000000000e+00
    1.284806345403645e+00      0.000000000000000e+00
    1.285681345403646e+00      0.000000000000000e+00
    1.286556345403645e+00      0.000000000000000e+00
    1.287431345403645e+00      0.000000000000000e+00
    1.288306345403645e+00      1.937046004842706e+01
