                     bin:                     prob.:
    4.114461948867672e+01      6.170421748487698e-02
    4.141930334714274e+01      0.000000000000000e+00
    4.169398720560878e+01      0.000000000000000e+00
    4.196867106407480e+01      0.000000000000000e+00
    4.224335492254084e+01      1.234084349697540e-01
    4.251803878100687e+01      0.000000000000000e+00
    4.279272263947290e+01      0.000000000000000e+00
    4.306740649793893e+01      0.000000000000000e+00
    4.334209035640496e+01      6.170421748487698e-02
    4.361677421487099e+01      0.000000000000000e+00
    4.389145807333702e+01      0.000000000000000e+00
    4.416614193180305e+01      0.000000000000000e+00
    4.444082579026908e+01      1.234084349697540e-01
    4.471550964873511e+01      0.000000000000000e+00
    4.499019350720114e+01      0.000000000000000e+00
    4.526487736566717e+01      0.000000000000000e+00
    4.553956122413320e+01      6.170421748487698e-02
    4.581424508259923e+01      0.000000000000000e+00
    4.608892894106526e+01      0.000000000000000e+00
    4.636361279953129e+01      0.000000000000000e+00
    4.663829665799732e+01      1.234084349697508e-01
    4.691298051646335e+01      0.000000000000000e+00
    4.718766437492938e+01      0.000000000000000e+00
    4.746234823339541e+01      0.000000000000000e+00
    4.773703209186144e+01      0.000000000000000e+00
    4.801171595032747e+01      6.170421748487698e-02
    4.828639980879350e+01      0.000000000000000e+00
    4.856108366725953e+01      0.000000000000000e+00
    4.883576752572556e+01      0.000000000000000e+00
    4.911045138419159e+01      1.234084349697540e-01
    4.938513524265762e+01      0.000000000000000e+00
    4.965981910112365e+01      0.000000000000000e+00
    4.993450295958968e+01      0.000000000000000e+00
    5.020918681805571e+01      6.170421748487698e-02
    5.048387067652174e+01      0.000000000000000e+00
    5.075855453498777e+01      0.000000000000000e+00
    5.103323839345380e+01      0.000000000000000e+00
    5.130792225191983e+01      1.234084349697540e-01
    5.158260611038586e+01      0.000000000000000e+00
    5.185728996885189e+01      0.000000000000000e+00
    5.213197382731792e+01      0.000000000000000e+00
    5.240665768578396e+01      6.170421748487698e-02
    5.268134154424998e+01      0.000000000000000e+00
    5.295602540271601e+01      0.000000000000000e+00
    5.323070926118204e+01      0.000000000000000e+00
    5.350539311964808e+01      1.234084349697540e-01
    5.378007697811410e+01      0.000000000000000e+00
    5.405476083658013e+01      0.000000000000000e+00
    5.432944469504616e+01      0.000000000000000e+00
    5.460412855351219e+01      0.000000000000000e+00
    5.487881241197822e+01      0.000000000000000e+00
    5.515349627044425e+01      0.000000000000000e+00
    5.542818012891028e+01      0.000000000000000e+00
    5.570286398737631e+01      0.000000000000000e+00
    5.597754784584234e+01      6.170421748487698e-02
    5.625223170430837e+01      0.000000000000000e+00
    5.652691556277441e+01      0.000000000000000e+00
    5.680159942124043e+01      0.000000000000000e+00
    5.707628327970647e+01      0.000000000000000e+00
    5.735096713817249e+01      0.000000000000000e+00
    5.762565099663853e+01      0.000000000000000e+00
    5.790033485510455e+01      0.000000000000000e+00
    5.817501871357058e+01      0.000000000000000e+00
    5.844970257203661e+01      0.000000000000000e+00
    5.872438643050265e+01      0.000000000000000e+00
    5.899907028896867e+01      0.000000000000000e+00
    5.927375414743470e+01      6.170421748487539e-02
    5.954843800590073e+01      0.000000000000000e+00
    5.982312186436677e+01      0.000000000000000e+00
    6.009780572283280e+01      0.000000000000000e+00
    6.037248958129882e+01      1.234084349697508e-01
    6.064717343976486e+01      0.000000000000000e+00
    6.092185729823089e+01      0.000000000000000e+00
    6.119654115669692e+01      0.000000000000000e+00
    6.147122501516294e+01      0.000000000000000e+00
    6.174590887362898e+01      6.170421748487698e-02
    6.202059273209500e+01      0.000000000000000e+00
    6.229527659056103e+01      0.000000000000000e+00
    6.256996044902706e+01      0.000000000000000e+00
    6.284464430749310e+01      1.851126524546310e-01
    6.311932816595912e+01      0.000000000000000e+00
    6.339401202442515e+01      0.000000000000000e+00
    6.366869588289119e+01      0.000000000000000e+00
    6.394337974135722e+01      6.170421748487858e-02
    6.421806359982324e+01      0.000000000000000e+00
    6.449274745828927e+01      0.000000000000000e+00
    6.476743131675531e+01      0.000000000000000e+00
    6.504211517522134e+01      1.234084349697508e-01
    6.531679903368737e+01      0.000000000000000e+00
    6.559148289215339e+01      0.000000000000000e+00
    6.586616675061943e+01      0.000000000000000e+00
    6.614085060908546e+01      6.170421748487858e-02
    6.641553446755148e+01      0.000000000000000e+00
    6.669021832601751e+01      0.000000000000000e+00
    6.696490218448355e+01      0.000000000000000e+00
    6.723958604294958e+01      6.170421748487539e-02
    6.751426990141562e+01      0.000000000000000e+00
    6.778895375988164e+01      6.170421748487539e-02
    6.806363761834767e+01      0.000000000000000e+00
    6.833832147681369e+01      0.000000000000000e+00
    6.861300533527972e+01      1.234084349697508e-01
    6.888768919374576e+01      0.000000000000000e+00
    6.916237305221179e+01      6.170421748487539e-02
    6.943705691067782e+01      0.000000000000000e+00
    6.971174076914384e+01      1.234084349697508e-01
    6.998642462760988e+01      0.000000000000000e+00
    7.026110848607591e+01      0.000000000000000e+00
    7.053579234454193e+01      0.000000000000000e+00
    7.081047620300797e+01      6.170421748487539e-02
    7.108516006147400e+01      0.000000000000000e+00
    7.135984391994003e+01      0.000000000000000e+00
    7.163452777840607e+01      0.000000000000000e+00
    7.190921163687209e+01      3.702253049092524e-01
    7.218389549533812e+01      0.000000000000000e+00
    7.245857935380415e+01      0.000000000000000e+00
    7.273326321227017e+01      0.000000000000000e+00
    7.300794707073621e+01      6.170421748487539e-02
    7.328263092920224e+01      0.000000000000000e+00
    7.355731478766828e+01      0.000000000000000e+00
    7.383199864613431e+01      0.000000000000000e+00
    7.410668250460033e+01      1.234084349697508e-01
    7.438136636306636e+01      0.000000000000000e+00
    7.465605022153238e+01      0.000000000000000e+00
    7.493073407999842e+01      0.000000000000000e+00
    7.520541793846445e+01      0.000000000000000e+00
    7.548010179693048e+01      6.170421748487539e-02
    7.575478565539652e+01      0.000000000000000e+00
    7.602946951386255e+01      0.000000000000000e+00
    7.630415337232857e+01      0.000000000000000e+00
    7.657883723079459e+01      0.000000000000000e+00
    7.685352108926062e+01      0.000000000000000e+00
    7.712820494772666e+01      0.000000000000000e+00
    7.740288880619269e+01      0.000000000000000e+00
    7.767757266465873e+01      0.000000000000000e+00
    7.795225652312476e+01      0.000000000000000e+00
    7.822694038159078e+01      0.000000000000000e+00
    7.850162424005681e+01      0.000000000000000e+00
    7.877630809852283e+01      0.000000000000000e+00
    7.905099195698887e+01      0.000000000000000e+00
    7.932567581545490e+01      0.000000000000000e+00
    7.960035967392093e+01      0.000000000000000e+00
    7.987504353238697e+01      0.000000000000000e+00
    8.014972739085300e+01      0.000000000000000e+00
    8.042441124931902e+01      0.000000000000000e+00
    8.069909510778506e+01      0.000000000000000e+00
    8.097377896625107e+01      0.000000000000000e+00
    8.124846282471711e+01      0.000000000000000e+00
    8.152314668318314e+01      0.000000000000000e+00
    8.179783054164918e+01      0.000000000000000e+00
    8.207251440011521e+01      0.000000000000000e+00
    8.234719825858123e+01      0.000000000000000e+00
    8.262188211704726e+01      0.000000000000000e+00
    8.289656597551328e+01      0.000000000000000e+00
    8.317124983397932e+01      0.000000000000000e+00
    8.344593369244535e+01      0.000000000000000e+00
    8.372061755091138e+01      0.000000000000000e+00
    8.399530140937742e+01      0.000000000000000e+00
    8.426998526784345e+01      0.000000000000000e+00
    8.454466912630947e+01      0.000000000000000e+00
    8.481935298477551e+01      0.000000000000000e+00
    8.509403684324153e+01      0.000000000000000e+00
    8.536872070170756e+01      0.000000000000000e+00
    8.564340456017359e+01      0.000000000000000e+00
    8.591808841863963e+01      0.000000000000000e+00
    8.619277227710566e+01      0.000000000000000e+00
    8.646745613557169e+01      0.000000000000000e+00
    8.674213999403771e+01      0.000000000000000e+00
    8.701682385250375e+01      0.000000000000000e+00
    8.729150771096977e+01      0.000000000000000e+00
    8.756619156943580e+01      0.000000000000000e+00
    8.784087542790184e+01      0.000000000000000e+00
    8.811555928636787e+01      0.000000000000000e+00
    8.839024314483390e+01      0.000000000000000e+00
    8.866492700329992e+01      0.000000000000000e+00
    8.893961086176596e+01      0.000000000000000e+00
    8.921429472023198e+01      0.000000000000000e+00
    8.948897857869801e+01      0.000000000000000e+00
    8.976366243716404e+01      0.000000000000000e+00
    9.003834629563008e+01      0.000000000000000e+00
    9.031303015409611e+01      0.000000000000000e+00
    9.058771401256215e+01      0.000000000000000e+00
    9.086239787102816e+01      0.000000000000000e+00
    9.113708172949420e+01      0.000000000000000e+00
    9.141176558796022e+01      0.000000000000000e+00
    9.168644944642625e+01      0.000000000000000e+00
    9.196113330489229e+01      0.000000000000000e+00
    9.223581716335832e+01      0.000000000000000e+00
    9.251050102182435e+01      0.000000000000000e+00
    9.278518488029039e+01      0.000000000000000e+00
    9.305986873875641e+01      0.000000000000000e+00
    9.333455259722244e+01      0.000000000000000e+00
    9.360923645568846e+01      0.000000000000000e+00
    9.388392031415449e+01      0.000000000000000e+00
    9.415860417262053e+01      0.000000000000000e+00
    9.443328803108656e+01      0.000000000000000e+00
    9.470797188955260e+01      0.000000000000000e+00
    9.498265574801862e+01      0.000000000000000e+00
    9.525733960648465e+01      0.000000000000000e+00
    9.553202346495067e+01      0.000000000000000e+00
    9.580670732341670e+01      0.000000000000000e+00
    9.608139118188274e+01      0.000000000000000e+00
    9.635607504034877e+01      0.000000000000000e+00
    9.663075889881480e+01      0.000000000000000e+00
    9.690544275728084e+01      0.000000000000000e+00
    9.718012661574686e+01      0.000000000000000e+00
    9.745481047421289e+01      0.000000000000000e+00
    9.772949433267891e+01      0.000000000000000e+00
    9.800417819114494e+01      0.000000000000000e+00
    9.827886204961098e+01      0.000000000000000e+00
    9.855354590807701e+01      0.000000000000000e+00
    9.882822976654305e+01      0.000000000000000e+00
    9.910291362500908e+01      0.000000000000000e+00
    9.937759748347510e+01      0.000000000000000e+00
    9.965228134194113e+01      0.000000000000000e+00
    9.992696520040715e+01      0.000000000000000e+00
    1.002016490588732e+02      0.000000000000000e+00
    1.004763329173392e+02      0.000000000000000e+00
    1.007510167758053e+02      0.000000000000000e+00
    1.010257006342713e+02      0.000000000000000e+00
    1.013003844927373e+02      0.000000000000000e+00
    1.015750683512033e+02      0.000000000000000e+00
    1.018497522096694e+02      0.000000000000000e+00
    1.021244360681354e+02      0.000000000000000e+00
    1.023991199266014e+02      0.000000000000000e+00
    1.026738037850675e+02      0.000000000000000e+00
    1.029484876435335e+02      0.000000000000000e+00
    1.032231715019995e+02      0.000000000000000e+00
    1.034978553604656e+02      0.000000000000000e+00
    1.037725392189316e+02      0.000000000000000e+00
    1.040472230773976e+02      0.000000000000000e+00
    1.043219069358636e+02      0.000000000000000e+00
    1.045965907943297e+02      0.000000000000000e+00
    1.048712746527957e+02      0.000000000000000e+00
    1.051459585112617e+02      0.000000000000000e+00
    1.054206423697278e+02      0.000000000000000e+00
    1.056953262281938e+02      0.000000000000000e+00
    1.059700100866598e+02      0.000000000000000e+00
    1.062446939451258e+02      0.000000000000000e+00
    1.065193778035919e+02      0.000000000000000e+00
    1.067940616620579e+02      0.000000000000000e+00
    1.070687455205239e+02      0.000000000000000e+00
    1.073434293789900e+02      0.000000000000000e+00
    1.076181132374560e+02      0.000000000000000e+00
    1.078927970959220e+02      0.000000000000000e+00
    1.081674809543881e+02      0.000000000000000e+00
    1.084421648128541e+02      0.000000000000000e+00
    1.087168486713201e+02      0.000000000000000e+00
    1.089915325297862e+02      0.000000000000000e+00
    1.092662163882522e+02      0.000000000000000e+00
    1.095409002467182e+02      0.000000000000000e+00
    1.098155841051843e+02      0.000000000000000e+00
    1.100902679636503e+02      0.000000000000000e+00
    1.103649518221163e+02      0.000000000000000e+00
    1.106396356805823e+02      6.170421748487539e-02
    1.109143195390484e+02      0.000000000000000e+00
    1.111890033975144e+02      0.000000000000000e+00
    1.114636872559804e+02      0.000000000000000e+00
    1.117383711144465e+02      0.000000000000000e+00
    1.120130549729125e+02      0.000000000000000e+00
    1.122877388313785e+02      0.000000000000000e+00
    1.125624226898445e+02      0.000000000000000e+00
    1.128371065483106e+02      0.000000000000000e+00
    1.131117904067766e+02      0.000000000000000e+00
    1.133864742652426e+02      0.000000000000000e+00
    1.136611581237087e+02      0.000000000000000e+00
    1.139358419821747e+02      0.000000000000000e+00
    1.142105258406407e+02      0.000000000000000e+00
    1.144852096991067e+02      0.000000000000000e+00
    1.147598935575728e+02      0.000000000000000e+00
    1.150345774160388e+02      0.000000000000000e+00
    1.153092612745048e+02      0.000000000000000e+00
    1.155839451329709e+02      0.000000000000000e+00
    1.158586289914369e+02      0.000000000000000e+00
    1.161333128499029e+02      0.000000000000000e+00
    1.164079967083690e+02      0.000000000000000e+00
    1.166826805668350e+02      0.000000000000000e+00
    1.169573644253010e+02      0.000000000000000e+00
    1.172320482837671e+02      0.000000000000000e+00
    1.175067321422331e+02      0.000000000000000e+00
    1.177814160006991e+02      0.000000000000000e+00
    1.180560998591652e+02      0.000000000000000e+00
    1.183307837176312e+02      0.000000000000000e+00
    1.186054675760972e+02      0.000000000000000e+00
    1.188801514345632e+02      0.000000000000000e+00
    1.191548352930293e+02      0.000000000000000e+00
    1.194295191514953e+02      0.000000000000000e+00
    1.197042030099613e+02      0.000000000000000e+00
    1.199788868684274e+02      0.000000000000000e+00
    1.202535707268934e+02      0.000000000000000e+00
    1.205282545853594e+02      0.000000000000000e+00
    1.208029384438254e+02      0.000000000000000e+00
    1.210776223022915e+02      0.000000000000000e+00
    1.213523061607575e+02      0.000000000000000e+00
    1.216269900192235e+02      0.000000000000000e+00
    1.219016738776896e+02      0.000000000000000e+00
    1.221763577361556e+02      0.000000000000000e+00
    1.224510415946216e+02      0.000000000000000e+00
    1.227257254530876e+02      0.000000000000000e+00
    1.230004093115537e+02      0.000000000000000e+00
    1.232750931700197e+02      0.000000000000000e+00
    1.235497770284857e+02      0.000000000000000e+00
    1.238244608869518e+02      0.000000000000000e+00
    1.240991447454178e+02      0.000000000000000e+00
    1.243738286038839e+02      0.000000000000000e+00
    1.246485124623499e+02      0.000000000000000e+00
    1.249231963208159e+02      0.000000000000000e+00
    1.251978801792819e+02      0.000000000000000e+00
    1.254725640377480e+02      0.000000000000000e+00
    1.257472478962140e+02      0.000000000000000e+00
    1.260219317546800e+02      0.000000000000000e+00
    1.262966156131461e+02      0.000000000000000e+00
    1.265712994716121e+02      0.000000000000000e+00
    1.268459833300781e+02      0.000000000000000e+00
    1.271206671885441e+02      0.000000000000000e+00
    1.273953510470102e+02      0.000000000000000e+00
    1.276700349054762e+02      0.000000000000000e+00
    1.279447187639422e+02      0.000000000000000e+00
    1.282194026224083e+02      0.000000000000000e+00
    1.284940864808743e+02      0.000000000000000e+00
    1.287687703393403e+02      0.000000000000000e+00
    1.290434541978063e+02      0.000000000000000e+00
    1.293181380562724e+02      0.000000000000000e+00
    1.295928219147384e+02      0.000000000000000e+00
    1.298675057732044e+02      0.000000000000000e+00
    1.301421896316705e+02      0.000000000000000e+00
    1.304168734901365e+02      0.000000000000000e+00
    1.306915573486025e+02      0.000000000000000e+00
    1.309662412070685e+02      0.000000000000000e+00
    1.312409250655346e+02      0.000000000000000e+00
    1.315156089240006e+02      0.000000000000000e+00
    1.317902927824667e+02      0.000000000000000e+00
    1.320649766409327e+02      0.000000000000000e+00
    1.323396604993987e+02      0.000000000000000e+00
    1.326143443578648e+02      0.000000000000000e+00
    1.328890282163308e+02      0.000000000000000e+00
    1.331637120747968e+02      0.000000000000000e+00
    1.334383959332628e+02      0.000000000000000e+00
    1.337130797917289e+02      0.000000000000000e+00
    1.339877636501949e+02      0.000000000000000e+00
    1.342624475086609e+02      0.000000000000000e+00
    1.345371313671270e+02      0.000000000000000e+00
    1.348118152255930e+02      0.000000000000000e+00
    1.350864990840590e+02      0.000000000000000e+00
    1.353611829425250e+02      0.000000000000000e+00
    1.356358668009911e+02      0.000000000000000e+00
    1.359105506594571e+02      0.000000000000000e+00
    1.361852345179231e+02      0.000000000000000e+00
    1.364599183763892e+02      0.000000000000000e+00
    1.367346022348552e+02      0.000000000000000e+00
    1.370092860933212e+02      0.000000000000000e+00
    1.372839699517872e+02      0.000000000000000e+00
    1.375586538102533e+02      0.000000000000000e+00
    1.378333376687193e+02      0.000000000000000e+00
    1.381080215271853e+02      0.000000000000000e+00
    1.383827053856514e+02      0.000000000000000e+00
    1.386573892441174e+02      0.000000000000000e+00
    1.389320731025834e+02      0.000000000000000e+00
    1.392067569610495e+02      0.000000000000000e+00
    1.394814408195155e+02      0.000000000000000e+00
    1.397561246779815e+02      0.000000000000000e+00
    1.400308085364476e+02      0.000000000000000e+00
    1.403054923949136e+02      0.000000000000000e+00
    1.405801762533796e+02      0.000000000000000e+00
    1.408548601118457e+02      0.000000000000000e+00
    1.411295439703117e+02      0.000000000000000e+00
    1.414042278287777e+02      0.000000000000000e+00
    1.416789116872437e+02      0.000000000000000e+00
    1.419535955457098e+02      0.000000000000000e+00
    1.422282794041758e+02      0.000000000000000e+00
    1.425029632626418e+02      0.000000000000000e+00
    1.427776471211079e+02      0.000000000000000e+00
    1.430523309795739e+02      0.000000000000000e+00
    1.433270148380399e+02      0.000000000000000e+00
    1.436016986965059e+02      0.000000000000000e+00
    1.438763825549720e+02      0.000000000000000e+00
    1.441510664134380e+02      0.000000000000000e+00
    1.444257502719040e+02      0.000000000000000e+00
    1.447004341303701e+02      1.234084349697508e-01
    1.449751179888361e+02      0.000000000000000e+00
    1.452498018473021e+02      0.000000000000000e+00
    1.455244857057682e+02      0.000000000000000e+00
    1.457991695642342e+02      0.000000000000000e+00
    1.460738534227002e+02      0.000000000000000e+00
    1.463485372811662e+02      0.000000000000000e+00
    1.466232211396323e+02      0.000000000000000e+00
    1.468979049980983e+02      0.000000000000000e+00
    1.471725888565643e+02      0.000000000000000e+00
    1.474472727150304e+02      0.000000000000000e+00
    1.477219565734964e+02      0.000000000000000e+00
    1.479966404319624e+02      0.000000000000000e+00
    1.482713242904285e+02      0.000000000000000e+00
    1.485460081488945e+02      0.000000000000000e+00
    1.488206920073605e+02      0.000000000000000e+00
    1.490953758658266e+02      0.000000000000000e+00
    1.493700597242926e+02      0.000000000000000e+00
    1.496447435827586e+02      0.000000000000000e+00
    1.499194274412246e+02      0.000000000000000e+00
    1.501941112996907e+02      0.000000000000000e+00
    1.504687951581567e+02      0.000000000000000e+00
    1.507434790166227e+02      0.000000000000000e+00
    1.510181628750888e+02      0.000000000000000e+00
    1.512928467335548e+02      0.000000000000000e+00
    1.515675305920208e+02      0.000000000000000e+00
    1.518422144504869e+02      0.000000000000000e+00
    1.521168983089529e+02      0.000000000000000e+00
    1.523915821674189e+02      0.000000000000000e+00
    1.526662660258849e+02      0.000000000000000e+00
    1.529409498843510e+02      0.000000000000000e+00
    1.532156337428170e+02      0.000000000000000e+00
    1.534903176012830e+02      0.000000000000000e+00
    1.537650014597491e+02      0.000000000000000e+00
    1.540396853182151e+02      0.000000000000000e+00
    1.543143691766811e+02      0.000000000000000e+00
    1.545890530351471e+02      0.000000000000000e+00
    1.548637368936132e+02      0.000000000000000e+00
    1.551384207520792e+02      0.000000000000000e+00
    1.554131046105452e+02      0.000000000000000e+00
    1.556877884690113e+02      0.000000000000000e+00
    1.559624723274773e+02      0.000000000000000e+00
    1.562371561859433e+02      0.000000000000000e+00
    1.565118400444094e+02      0.000000000000000e+00
    1.567865239028754e+02      0.000000000000000e+00
    1.570612077613414e+02      0.000000000000000e+00
    1.573358916198075e+02      0.000000000000000e+00
    1.576105754782735e+02      0.000000000000000e+00
    1.578852593367395e+02      0.000000000000000e+00
    1.581599431952056e+02      0.000000000000000e+00
    1.584346270536716e+02      0.000000000000000e+00
    1.587093109121376e+02      0.000000000000000e+00
    1.589839947706036e+02      0.000000000000000e+00
    1.592586786290697e+02      0.000000000000000e+00
    1.595333624875357e+02      0.000000000000000e+00
    1.598080463460017e+02      0.000000000000000e+00
    1.600827302044678e+02      0.000000000000000e+00
    1.603574140629338e+02      0.000000000000000e+00
    1.606320979213998e+02      0.000000000000000e+00
    1.609067817798658e+02      0.000000000000000e+00
    1.611814656383319e+02      0.000000000000000e+00
    1.614561494967979e+02      0.000000000000000e+00
    1.617308333552639e+02      0.000000000000000e+00
    1.620055172137300e+02      0.000000000000000e+00
    1.622802010721960e+02      0.000000000000000e+00
    1.625548849306620e+02      0.000000000000000e+00
    1.628295687891280e+02      0.000000000000000e+00
    1.631042526475941e+02      0.000000000000000e+00
    1.633789365060601e+02      0.000000000000000e+00
    1.636536203645261e+02      0.000000000000000e+00
    1.639283042229922e+02      0.000000000000000e+00
    1.642029880814582e+02      0.000000000000000e+00
    1.644776719399242e+02      0.000000000000000e+00
    1.647523557983903e+02      0.000000000000000e+00
    1.650270396568563e+02      0.000000000000000e+00
    1.653017235153223e+02      0.000000000000000e+00
    1.655764073737884e+02      0.000000000000000e+00
    1.658510912322544e+02      0.000000000000000e+00
    1.661257750907204e+02      0.000000000000000e+00
    1.664004589491865e+02      0.000000000000000e+00
    1.666751428076525e+02      0.000000000000000e+00
    1.669498266661185e+02      0.000000000000000e+00
    1.672245105245845e+02      0.000000000000000e+00
    1.674991943830506e+02      0.000000000000000e+00
    1.677738782415166e+02      0.000000000000000e+00
    1.680485620999826e+02      0.000000000000000e+00
    1.683232459584487e+02      0.000000000000000e+00
    1.685979298169147e+02      0.000000000000000e+00
    1.688726136753807e+02      0.000000000000000e+00
    1.691472975338467e+02      0.000000000000000e+00
    1.694219813923128e+02      0.000000000000000e+00
    1.696966652507788e+02      0.000000000000000e+00
    1.699713491092448e+02      0.000000000000000e+00
    1.702460329677108e+02      0.000000000000000e+00
    1.705207168261769e+02      0.000000000000000e+00
    1.707954006846429e+02      0.000000000000000e+00
    1.710700845431089e+02      0.000000000000000e+00
    1.713447684015750e+02      0.000000000000000e+00
    1.716194522600410e+02      0.000000000000000e+00
    1.718941361185070e+02      0.000000000000000e+00
    1.721688199769731e+02      0.000000000000000e+00
    1.724435038354391e+02      0.000000000000000e+00
    1.727181876939051e+02      0.000000000000000e+00
    1.729928715523712e+02      0.000000000000000e+00
    1.732675554108372e+02      0.000000000000000e+00
    1.735422392693032e+02      0.000000000000000e+00
    1.738169231277693e+02      0.000000000000000e+00
    1.740916069862353e+02      0.000000000000000e+00
    1.743662908447013e+02      0.000000000000000e+00
    1.746409747031673e+02      0.000000000000000e+00
    1.749156585616334e+02      0.000000000000000e+00
    1.751903424200994e+02      0.000000000000000e+00
    1.754650262785654e+02      0.000000000000000e+00
    1.757397101370315e+02      0.000000000000000e+00
    1.760143939954975e+02      0.000000000000000e+00
    1.762890778539635e+02      0.000000000000000e+00
    1.765637617124295e+02      0.000000000000000e+00
    1.768384455708956e+02      0.000000000000000e+00
    1.771131294293616e+02      0.000000000000000e+00
    1.773878132878276e+02      0.000000000000000e+00
    1.776624971462937e+02      0.000000000000000e+00
    1.779371810047597e+02      0.000000000000000e+00
    1.782118648632257e+02      0.000000000000000e+00
    1.784865487216918e+02      0.000000000000000e+00
    1.787612325801578e+02      0.000000000000000e+00
    1.790359164386238e+02      6.170421748487539e-02
    1.793106002970898e+02      0.000000000000000e+00
    1.795852841555559e+02      0.000000000000000e+00
    1.798599680140219e+02      0.000000000000000e+00
    1.801346518724880e+02      0.000000000000000e+00
    1.804093357309540e+02      0.000000000000000e+00
    1.806840195894200e+02      0.000000000000000e+00
    1.809587034478860e+02      0.000000000000000e+00
    1.812333873063521e+02      0.000000000000000e+00
    1.815080711648181e+02      0.000000000000000e+00
    1.817827550232841e+02      0.000000000000000e+00
    1.820574388817502e+02      0.000000000000000e+00
    1.823321227402162e+02      0.000000000000000e+00
    1.826068065986822e+02      0.000000000000000e+00
    1.828814904571482e+02      0.000000000000000e+00
    1.831561743156143e+02      0.000000000000000e+00
    1.834308581740803e+02      0.000000000000000e+00
    1.837055420325463e+02      0.000000000000000e+00
    1.839802258910124e+02      0.000000000000000e+00
    1.842549097494784e+02      0.000000000000000e+00
    1.845295936079444e+02      0.000000000000000e+00
    1.848042774664105e+02      0.000000000000000e+00
    1.850789613248765e+02      0.000000000000000e+00
    1.853536451833425e+02      0.000000000000000e+00
    1.856283290418085e+02      0.000000000000000e+00
    1.859030129002746e+02      0.000000000000000e+00
    1.861776967587406e+02      0.000000000000000e+00
    1.864523806172066e+02      0.000000000000000e+00
    1.867270644756727e+02      0.000000000000000e+00
    1.870017483341387e+02      0.000000000000000e+00
    1.872764321926047e+02      0.000000000000000e+00
    1.875511160510707e+02      0.000000000000000e+00
    1.878257999095368e+02      0.000000000000000e+00
    1.881004837680028e+02      0.000000000000000e+00
    1.883751676264689e+02      0.000000000000000e+00
    1.886498514849349e+02      0.000000000000000e+00
    1.889245353434009e+02      0.000000000000000e+00
    1.891992192018669e+02      0.000000000000000e+00
    1.894739030603330e+02      0.000000000000000e+00
    1.897485869187990e+02      0.000000000000000e+00
    1.900232707772650e+02      0.000000000000000e+00
    1.902979546357311e+02      0.000000000000000e+00
    1.905726384941971e+02      0.000000000000000e+00
    1.908473223526631e+02      0.000000000000000e+00
    1.911220062111292e+02      0.000000000000000e+00
    1.913966900695952e+02      0.000000000000000e+00
    1.916713739280612e+02      0.000000000000000e+00
    1.919460577865272e+02      0.000000000000000e+00
    1.922207416449933e+02      0.000000000000000e+00
    1.924954255034593e+02      0.000000000000000e+00
    1.927701093619253e+02      0.000000000000000e+00
    1.930447932203914e+02      0.000000000000000e+00
    1.933194770788574e+02      0.000000000000000e+00
    1.935941609373234e+02      0.000000000000000e+00
    1.938688447957894e+02      0.000000000000000e+00
    1.941435286542555e+02      0.000000000000000e+00
    1.944182125127215e+02      0.000000000000000e+00
    1.946928963711875e+02      0.000000000000000e+00
    1.949675802296536e+02      0.000000000000000e+00
    1.952422640881196e+02      0.000000000000000e+00
    1.955169479465856e+02      0.000000000000000e+00
    1.957916318050517e+02      0.000000000000000e+00
    1.960663156635177e+02      0.000000000000000e+00
    1.963409995219837e+02      0.000000000000000e+00
    1.966156833804498e+02      0.000000000000000e+00
    1.968903672389158e+02      0.000000000000000e+00
    1.971650510973818e+02      0.000000000000000e+00
    1.974397349558479e+02      0.000000000000000e+00
    1.977144188143139e+02      0.000000000000000e+00
    1.979891026727799e+02      0.000000000000000e+00
    1.982637865312459e+02      0.000000000000000e+00
    1.985384703897120e+02      0.000000000000000e+00
    1.988131542481780e+02      0.000000000000000e+00
    1.990878381066440e+02      0.000000000000000e+00
    1.993625219651101e+02      0.000000000000000e+00
    1.996372058235761e+02      0.000000000000000e+00
    1.999118896820421e+02      0.000000000000000e+00
    2.001865735405081e+02      0.000000000000000e+00
    2.004612573989742e+02      0.000000000000000e+00
    2.007359412574402e+02      0.000000000000000e+00
    2.010106251159062e+02      0.000000000000000e+00
    2.012853089743723e+02      0.000000000000000e+00
    2.015599928328383e+02      0.000000000000000e+00
    2.018346766913043e+02      0.000000000000000e+00
    2.021093605497703e+02      0.000000000000000e+00
    2.023840444082364e+02      0.000000000000000e+00
    2.026587282667024e+02      0.000000000000000e+00
    2.029334121251684e+02      0.000000000000000e+00
    2.032080959836345e+02      0.000000000000000e+00
    2.034827798421005e+02      0.000000000000000e+00
    2.037574637005665e+02      0.000000000000000e+00
    2.040321475590326e+02      0.000000000000000e+00
    2.043068314174986e+02      0.000000000000000e+00
    2.045815152759646e+02      0.000000000000000e+00
    2.048561991344307e+02      0.000000000000000e+00
    2.051308829928967e+02      0.000000000000000e+00
    2.054055668513627e+02      0.000000000000000e+00
    2.056802507098288e+02      0.000000000000000e+00
    2.059549345682948e+02      0.000000000000000e+00
    2.062296184267608e+02      0.000000000000000e+00
    2.065043022852268e+02      0.000000000000000e+00
    2.067789861436929e+02      0.000000000000000e+00
    2.070536700021589e+02      0.000000000000000e+00
    2.073283538606249e+02      0.000000000000000e+00
    2.076030377190910e+02      0.000000000000000e+00
    2.078777215775570e+02      0.000000000000000e+00
    2.081524054360230e+02      0.000000000000000e+00
    2.084270892944890e+02      0.000000000000000e+00
    2.087017731529551e+02      0.000000000000000e+00
    2.089764570114211e+02      0.000000000000000e+00
    2.092511408698871e+02      0.000000000000000e+00
    2.095258247283532e+02      0.000000000000000e+00
    2.098005085868192e+02      0.000000000000000e+00
    2.100751924452852e+02      0.000000000000000e+00
    2.103498763037512e+02      0.000000000000000e+00
    2.106245601622173e+02      0.000000000000000e+00
    2.108992440206833e+02      0.000000000000000e+00
    2.111739278791493e+02      0.000000000000000e+00
    2.114486117376154e+02      0.000000000000000e+00
    2.117232955960814e+02      0.000000000000000e+00
    2.119979794545474e+02      0.000000000000000e+00
    2.122726633130135e+02      0.000000000000000e+00
    2.125473471714795e+02      0.000000000000000e+00
    2.128220310299455e+02      0.000000000000000e+00
    2.130967148884116e+02      1.851126524546262e-01
    2.133713987468776e+02      0.000000000000000e+00
    2.136460826053436e+02      0.000000000000000e+00
    2.139207664638097e+02      0.000000000000000e+00
    2.141954503222757e+02      0.000000000000000e+00
    2.144701341807417e+02      0.000000000000000e+00
    2.147448180392077e+02      0.000000000000000e+00
    2.150195018976738e+02      0.000000000000000e+00
    2.152941857561398e+02      0.000000000000000e+00
    2.155688696146058e+02      0.000000000000000e+00
    2.158435534730719e+02      0.000000000000000e+00
    2.161182373315379e+02      0.000000000000000e+00
    2.163929211900039e+02      0.000000000000000e+00
    2.166676050484699e+02      0.000000000000000e+00
    2.169422889069360e+02      0.000000000000000e+00
    2.172169727654020e+02      0.000000000000000e+00
    2.174916566238680e+02      0.000000000000000e+00
    2.177663404823341e+02      0.000000000000000e+00
    2.180410243408001e+02      0.000000000000000e+00
    2.183157081992661e+02      0.000000000000000e+00
    2.185903920577321e+02      0.000000000000000e+00
    2.188650759161982e+02      0.000000000000000e+00
    2.191397597746642e+02      0.000000000000000e+00
    2.194144436331302e+02      0.000000000000000e+00
    2.196891274915963e+02      0.000000000000000e+00
    2.199638113500623e+02      0.000000000000000e+00
    2.202384952085283e+02      0.000000000000000e+00
    2.205131790669944e+02      0.000000000000000e+00
    2.207878629254604e+02      0.000000000000000e+00
    2.210625467839264e+02      0.000000000000000e+00
    2.213372306423925e+02      0.000000000000000e+00
    2.216119145008585e+02      0.000000000000000e+00
    2.218865983593245e+02      0.000000000000000e+00
    2.221612822177906e+02      0.000000000000000e+00
    2.224359660762566e+02      0.000000000000000e+00
    2.227106499347226e+02      0.000000000000000e+00
    2.229853337931886e+02      0.000000000000000e+00
    2.232600176516547e+02      0.000000000000000e+00
    2.235347015101207e+02      0.000000000000000e+00
    2.238093853685867e+02      0.000000000000000e+00
    2.240840692270528e+02      0.000000000000000e+00
    2.243587530855188e+02      0.000000000000000e+00
    2.246334369439848e+02      0.000000000000000e+00
    2.249081208024508e+02      0.000000000000000e+00
    2.251828046609169e+02      0.000000000000000e+00
    2.254574885193829e+02      0.000000000000000e+00
    2.257321723778489e+02      0.000000000000000e+00
    2.260068562363150e+02      0.000000000000000e+00
    2.262815400947810e+02      0.000000000000000e+00
    2.265562239532470e+02      0.000000000000000e+00
    2.268309078117131e+02      0.000000000000000e+00
    2.271055916701791e+02      0.000000000000000e+00
    2.273802755286451e+02      0.000000000000000e+00
    2.276549593871111e+02      0.000000000000000e+00
    2.279296432455772e+02      0.000000000000000e+00
    2.282043271040432e+02      0.000000000000000e+00
    2.284790109625092e+02      0.000000000000000e+00
    2.287536948209753e+02      0.000000000000000e+00
    2.290283786794413e+02      0.000000000000000e+00
    2.293030625379073e+02      0.000000000000000e+00
    2.295777463963734e+02      0.000000000000000e+00
    2.298524302548394e+02      0.000000000000000e+00
    2.301271141133054e+02      0.000000000000000e+00
    2.304017979717715e+02      0.000000000000000e+00
    2.306764818302375e+02      0.000000000000000e+00
    2.309511656887035e+02      0.000000000000000e+00
    2.312258495471695e+02      0.000000000000000e+00
    2.315005334056356e+02      0.000000000000000e+00
    2.317752172641016e+02      0.000000000000000e+00
    2.320499011225676e+02      0.000000000000000e+00
    2.323245849810337e+02      0.000000000000000e+00
    2.325992688394997e+02      0.000000000000000e+00
    2.328739526979657e+02      0.000000000000000e+00
    2.331486365564318e+02      0.000000000000000e+00
    2.334233204148978e+02      0.000000000000000e+00
    2.336980042733638e+02      0.000000000000000e+00
    2.339726881318298e+02      0.000000000000000e+00
    2.342473719902959e+02      0.000000000000000e+00
    2.345220558487619e+02      0.000000000000000e+00
    2.347967397072279e+02      0.000000000000000e+00
    2.350714235656940e+02      0.000000000000000e+00
    2.353461074241600e+02      0.000000000000000e+00
    2.356207912826260e+02      0.000000000000000e+00
    2.358954751410920e+02      0.000000000000000e+00
    2.361701589995581e+02      0.000000000000000e+00
    2.364448428580241e+02      0.000000000000000e+00
    2.367195267164902e+02      0.000000000000000e+00
    2.369942105749562e+02      0.000000000000000e+00
    2.372688944334222e+02      0.000000000000000e+00
    2.375435782918882e+02      0.000000000000000e+00
    2.378182621503543e+02      0.000000000000000e+00
    2.380929460088203e+02      0.000000000000000e+00
    2.383676298672863e+02      0.000000000000000e+00
    2.386423137257524e+02      0.000000000000000e+00
    2.389169975842184e+02      0.000000000000000e+00
    2.391916814426844e+02      0.000000000000000e+00
    2.394663653011505e+02      0.000000000000000e+00
    2.397410491596165e+02      0.000000000000000e+00
    2.400157330180825e+02      0.000000000000000e+00
    2.402904168765485e+02      0.000000000000000e+00
    2.405651007350146e+02      0.000000000000000e+00
    2.408397845934806e+02      0.000000000000000e+00
    2.411144684519466e+02      0.000000000000000e+00
    2.413891523104127e+02      0.000000000000000e+00
    2.416638361688787e+02      0.000000000000000e+00
    2.419385200273447e+02      0.000000000000000e+00
    2.422132038858107e+02      0.000000000000000e+00
    2.424878877442768e+02      0.000000000000000e+00
    2.427625716027428e+02      0.000000000000000e+00
    2.430372554612088e+02      0.000000000000000e+00
    2.433119393196749e+02      0.000000000000000e+00
    2.435866231781409e+02      0.000000000000000e+00
    2.438613070366069e+02      0.000000000000000e+00
    2.441359908950730e+02      0.000000000000000e+00
    2.444106747535390e+02      0.000000000000000e+00
    2.446853586120050e+02      0.000000000000000e+00
    2.449600424704711e+02      0.000000000000000e+00
    2.452347263289371e+02      0.000000000000000e+00
    2.455094101874031e+02      0.000000000000000e+00
    2.457840940458692e+02      0.000000000000000e+00
    2.460587779043352e+02      0.000000000000000e+00
    2.463334617628012e+02      0.000000000000000e+00
    2.466081456212672e+02      0.000000000000000e+00
    2.468828294797333e+02      0.000000000000000e+00
    2.471575133381993e+02      0.000000000000000e+00
    2.474321971966653e+02      6.170421748487539e-02
    2.477068810551314e+02      0.000000000000000e+00
    2.479815649135974e+02      0.000000000000000e+00
    2.482562487720634e+02      0.000000000000000e+00
    2.485309326305294e+02      0.000000000000000e+00
    2.488056164889955e+02      0.000000000000000e+00
    2.490803003474615e+02      0.000000000000000e+00
    2.493549842059275e+02      0.000000000000000e+00
    2.496296680643936e+02      0.000000000000000e+00
    2.499043519228596e+02      0.000000000000000e+00
    2.501790357813256e+02      0.000000000000000e+00
    2.504537196397916e+02      0.000000000000000e+00
    2.507284034982577e+02      0.000000000000000e+00
    2.510030873567237e+02      0.000000000000000e+00
    2.512777712151897e+02      0.000000000000000e+00
    2.515524550736558e+02      0.000000000000000e+00
    2.518271389321218e+02      0.000000000000000e+00
    2.521018227905878e+02      0.000000000000000e+00
    2.523765066490539e+02      0.000000000000000e+00
    2.526511905075199e+02      0.000000000000000e+00
    2.529258743659859e+02      0.000000000000000e+00
    2.532005582244520e+02      0.000000000000000e+00
    2.534752420829180e+02      0.000000000000000e+00
    2.537499259413840e+02      0.000000000000000e+00
    2.540246097998501e+02      0.000000000000000e+00
    2.542992936583161e+02      0.000000000000000e+00
    2.545739775167821e+02      0.000000000000000e+00
    2.548486613752481e+02      0.000000000000000e+00
    2.551233452337142e+02      0.000000000000000e+00
    2.553980290921802e+02      0.000000000000000e+00
    2.556727129506462e+02      0.000000000000000e+00
    2.559473968091123e+02      0.000000000000000e+00
    2.562220806675783e+02      0.000000000000000e+00
    2.564967645260443e+02      0.000000000000000e+00
    2.567714483845103e+02      0.000000000000000e+00
    2.570461322429764e+02      0.000000000000000e+00
    2.573208161014424e+02      0.000000000000000e+00
    2.575954999599085e+02      0.000000000000000e+00
    2.578701838183745e+02      0.000000000000000e+00
    2.581448676768405e+02      0.000000000000000e+00
    2.584195515353065e+02      0.000000000000000e+00
    2.586942353937725e+02      0.000000000000000e+00
    2.589689192522386e+02      0.000000000000000e+00
    2.592436031107046e+02      0.000000000000000e+00
    2.595182869691707e+02      0.000000000000000e+00
    2.597929708276367e+02      0.000000000000000e+00
    2.600676546861027e+02      0.000000000000000e+00
    2.603423385445687e+02      0.000000000000000e+00
    2.606170224030348e+02      0.000000000000000e+00
    2.608917062615008e+02      0.000000000000000e+00
    2.611663901199668e+02      0.000000000000000e+00
    2.614410739784329e+02      0.000000000000000e+00
    2.617157578368989e+02      0.000000000000000e+00
    2.619904416953650e+02      0.000000000000000e+00
    2.622651255538310e+02      0.000000000000000e+00
    2.625398094122970e+02      0.000000000000000e+00
    2.628144932707630e+02      0.000000000000000e+00
    2.630891771292290e+02      0.000000000000000e+00
    2.633638609876951e+02      0.000000000000000e+00
    2.636385448461611e+02      0.000000000000000e+00
    2.639132287046272e+02      0.000000000000000e+00
    2.641879125630932e+02      0.000000000000000e+00
    2.644625964215592e+02      0.000000000000000e+00
    2.647372802800252e+02      0.000000000000000e+00
    2.650119641384912e+02      0.000000000000000e+00
    2.652866479969573e+02      0.000000000000000e+00
    2.655613318554233e+02      0.000000000000000e+00
    2.658360157138894e+02      0.000000000000000e+00
    2.661106995723554e+02      0.000000000000000e+00
    2.663853834308214e+02      0.000000000000000e+00
    2.666600672892874e+02      0.000000000000000e+00
    2.669347511477534e+02      0.000000000000000e+00
    2.672094350062195e+02      0.000000000000000e+00
    2.674841188646855e+02      0.000000000000000e+00
    2.677588027231516e+02      0.000000000000000e+00
    2.680334865816176e+02      0.000000000000000e+00
    2.683081704400836e+02      0.000000000000000e+00
    2.685828542985496e+02      0.000000000000000e+00
    2.688575381570157e+02      0.000000000000000e+00
    2.691322220154817e+02      0.000000000000000e+00
    2.694069058739477e+02      0.000000000000000e+00
    2.696815897324138e+02      0.000000000000000e+00
    2.699562735908798e+02      0.000000000000000e+00
    2.702309574493459e+02      0.000000000000000e+00
    2.705056413078119e+02      0.000000000000000e+00
    2.707803251662779e+02      0.000000000000000e+00
    2.710550090247439e+02      0.000000000000000e+00
    2.713296928832099e+02      0.000000000000000e+00
    2.716043767416760e+02      0.000000000000000e+00
    2.718790606001420e+02      0.000000000000000e+00
    2.721537444586081e+02      0.000000000000000e+00
    2.724284283170741e+02      0.000000000000000e+00
    2.727031121755401e+02      0.000000000000000e+00
    2.729777960340061e+02      0.000000000000000e+00
    2.732524798924721e+02      0.000000000000000e+00
    2.735271637509382e+02      0.000000000000000e+00
    2.738018476094042e+02      0.000000000000000e+00
    2.740765314678703e+02      0.000000000000000e+00
    2.743512153263363e+02      0.000000000000000e+00
    2.746258991848023e+02      0.000000000000000e+00
    2.749005830432683e+02      0.000000000000000e+00
    2.751752669017344e+02      0.000000000000000e+00
    2.754499507602004e+02      0.000000000000000e+00
    2.757246346186664e+02      0.000000000000000e+00
    2.759993184771325e+02      0.000000000000000e+00
    2.762740023355985e+02      0.000000000000000e+00
    2.765486861940645e+02      0.000000000000000e+00
    2.768233700525305e+02      0.000000000000000e+00
    2.770980539109966e+02      0.000000000000000e+00
    2.773727377694626e+02      0.000000000000000e+00
    2.776474216279286e+02      0.000000000000000e+00
    2.779221054863947e+02      0.000000000000000e+00
    2.781967893448607e+02      0.000000000000000e+00
    2.784714732033268e+02      0.000000000000000e+00
    2.787461570617928e+02      0.000000000000000e+00
    2.790208409202588e+02      0.000000000000000e+00
    2.792955247787248e+02      0.000000000000000e+00
    2.795702086371908e+02      0.000000000000000e+00
    2.798448924956569e+02      0.000000000000000e+00
    2.801195763541229e+02      0.000000000000000e+00
    2.803942602125890e+02      0.000000000000000e+00
    2.806689440710550e+02      0.000000000000000e+00
    2.809436279295210e+02      0.000000000000000e+00
    2.812183117879870e+02      0.000000000000000e+00
    2.814929956464530e+02      1.234084349697380e-01
    2.817676795049191e+02      0.000000000000000e+00
    2.820423633633851e+02      0.000000000000000e+00
    2.823170472218512e+02      0.000000000000000e+00
    2.825917310803172e+02      0.000000000000000e+00
    2.828664149387832e+02      0.000000000000000e+00
    2.831410987972492e+02      0.000000000000000e+00
    2.834157826557153e+02      0.000000000000000e+00
    2.836904665141813e+02      0.000000000000000e+00
    2.839651503726473e+02      0.000000000000000e+00
    2.842398342311134e+02      0.000000000000000e+00
    2.845145180895794e+02      0.000000000000000e+00
    2.847892019480454e+02      0.000000000000000e+00
    2.850638858065115e+02      0.000000000000000e+00
    2.853385696649775e+02      0.000000000000000e+00
    2.856132535234435e+02      0.000000000000000e+00
    2.858879373819095e+02      0.000000000000000e+00
    2.861626212403756e+02      0.000000000000000e+00
    2.864373050988416e+02      0.000000000000000e+00
    2.867119889573077e+02      0.000000000000000e+00
    2.869866728157737e+02      0.000000000000000e+00
    2.872613566742397e+02      0.000000000000000e+00
    2.875360405327057e+02      0.000000000000000e+00
    2.878107243911717e+02      0.000000000000000e+00
    2.880854082496378e+02      0.000000000000000e+00
    2.883600921081038e+02      0.000000000000000e+00
    2.886347759665699e+02      0.000000000000000e+00
    2.889094598250359e+02      0.000000000000000e+00
    2.891841436835019e+02      0.000000000000000e+00
    2.894588275419679e+02      0.000000000000000e+00
    2.897335114004340e+02      0.000000000000000e+00
    2.900081952589000e+02      0.000000000000000e+00
    2.902828791173660e+02      0.000000000000000e+00
    2.905575629758321e+02      0.000000000000000e+00
    2.908322468342981e+02      0.000000000000000e+00
    2.911069306927641e+02      0.000000000000000e+00
    2.913816145512301e+02      0.000000000000000e+00
    2.916562984096962e+02      0.000000000000000e+00
    2.919309822681622e+02      0.000000000000000e+00
    2.922056661266282e+02      0.000000000000000e+00
    2.924803499850943e+02      0.000000000000000e+00
    2.927550338435603e+02      0.000000000000000e+00
    2.930297177020263e+02      0.000000000000000e+00
    2.933044015604924e+02      0.000000000000000e+00
    2.935790854189584e+02      0.000000000000000e+00
    2.938537692774244e+02      0.000000000000000e+00
    2.941284531358904e+02      0.000000000000000e+00
    2.944031369943565e+02      0.000000000000000e+00
    2.946778208528225e+02      0.000000000000000e+00
    2.949525047112886e+02      0.000000000000000e+00
    2.952271885697546e+02      0.000000000000000e+00
    2.955018724282206e+02      0.000000000000000e+00
    2.957765562866866e+02      0.000000000000000e+00
    2.960512401451527e+02      0.000000000000000e+00
    2.963259240036187e+02      0.000000000000000e+00
    2.966006078620847e+02      0.000000000000000e+00
    2.968752917205508e+02      0.000000000000000e+00
    2.971499755790168e+02      0.000000000000000e+00
    2.974246594374828e+02      0.000000000000000e+00
    2.976993432959488e+02      0.000000000000000e+00
    2.979740271544148e+02      0.000000000000000e+00
    2.982487110128809e+02      0.000000000000000e+00
    2.985233948713469e+02      0.000000000000000e+00
    2.987980787298130e+02      0.000000000000000e+00
    2.990727625882790e+02      0.000000000000000e+00
    2.993474464467450e+02      0.000000000000000e+00
    2.996221303052110e+02      0.000000000000000e+00
    2.998968141636770e+02      0.000000000000000e+00
    3.001714980221431e+02      0.000000000000000e+00
    3.004461818806091e+02      0.000000000000000e+00
    3.007208657390752e+02      0.000000000000000e+00
    3.009955495975412e+02      0.000000000000000e+00
    3.012702334560072e+02      0.000000000000000e+00
    3.015449173144733e+02      0.000000000000000e+00
    3.018196011729393e+02      0.000000000000000e+00
    3.020942850314053e+02      0.000000000000000e+00
    3.023689688898713e+02      0.000000000000000e+00
    3.026436527483374e+02      0.000000000000000e+00
    3.029183366068034e+02      0.000000000000000e+00
    3.031930204652695e+02      0.000000000000000e+00
    3.034677043237355e+02      0.000000000000000e+00
    3.037423881822015e+02      0.000000000000000e+00
    3.040170720406675e+02      0.000000000000000e+00
    3.042917558991335e+02      0.000000000000000e+00
    3.045664397575996e+02      0.000000000000000e+00
    3.048411236160656e+02      0.000000000000000e+00
    3.051158074745317e+02      0.000000000000000e+00
    3.053904913329977e+02      0.000000000000000e+00
    3.056651751914637e+02      0.000000000000000e+00
    3.059398590499297e+02      0.000000000000000e+00
    3.062145429083957e+02      0.000000000000000e+00
    3.064892267668618e+02      0.000000000000000e+00
    3.067639106253278e+02      0.000000000000000e+00
    3.070385944837939e+02      0.000000000000000e+00
    3.073132783422599e+02      0.000000000000000e+00
    3.075879622007259e+02      0.000000000000000e+00
    3.078626460591919e+02      0.000000000000000e+00
    3.081373299176580e+02      0.000000000000000e+00
    3.084120137761240e+02      0.000000000000000e+00
    3.086866976345900e+02      0.000000000000000e+00
    3.089613814930561e+02      0.000000000000000e+00
    3.092360653515221e+02      0.000000000000000e+00
    3.095107492099881e+02      0.000000000000000e+00
    3.097854330684542e+02      0.000000000000000e+00
    3.100601169269202e+02      0.000000000000000e+00
    3.103348007853862e+02      0.000000000000000e+00
    3.106094846438522e+02      0.000000000000000e+00
    3.108841685023183e+02      0.000000000000000e+00
    3.111588523607843e+02      0.000000000000000e+00
    3.114335362192504e+02      0.000000000000000e+00
    3.117082200777164e+02      0.000000000000000e+00
    3.119829039361824e+02      0.000000000000000e+00
    3.122575877946484e+02      0.000000000000000e+00
    3.125322716531144e+02      0.000000000000000e+00
    3.128069555115805e+02      0.000000000000000e+00
    3.130816393700465e+02      0.000000000000000e+00
    3.133563232285126e+02      0.000000000000000e+00
    3.136310070869786e+02      0.000000000000000e+00
    3.139056909454446e+02      0.000000000000000e+00
    3.141803748039106e+02      0.000000000000000e+00
    3.144550586623766e+02      0.000000000000000e+00
    3.147297425208427e+02      0.000000000000000e+00
    3.150044263793087e+02      0.000000000000000e+00
    3.152791102377748e+02      0.000000000000000e+00
    3.155537940962408e+02      6.170421748486900e-02
