                     bin:                     prob.:
    4.087706053124234e+01      7.208381477731192e-02
    4.111219171283607e+01      0.000000000000000e+00
    4.134732289442979e+01      0.000000000000000e+00
    4.158245407602352e+01      1.441676295546238e-01
    4.181758525761725e+01      0.000000000000000e+00
    4.205271643921098e+01      0.000000000000000e+00
    4.228784762080470e+01      0.000000000000000e+00
    4.252297880239843e+01      7.208381477731408e-02
    4.275810998399216e+01      0.000000000000000e+00
    4.299324116558589e+01      0.000000000000000e+00
    4.322837234717962e+01      0.000000000000000e+00
    4.346350352877334e+01      2.162514443319357e-01
    4.369863471036707e+01      0.000000000000000e+00
    4.393376589196080e+01      0.000000000000000e+00
    4.416889707355452e+01      7.208381477731192e-02
    4.440402825514825e+01      0.000000000000000e+00
    4.463915943674198e+01      0.000000000000000e+00
    4.487429061833570e+01      0.000000000000000e+00
    4.510942179992943e+01      1.441676295546238e-01
    4.534455298152316e+01      0.000000000000000e+00
    4.557968416311688e+01      0.000000000000000e+00
    4.581481534471061e+01      0.000000000000000e+00
    4.604994652630434e+01      7.208381477731408e-02
    4.628507770789806e+01      0.000000000000000e+00
    4.652020888949179e+01      0.000000000000000e+00
    4.675534007108552e+01      0.000000000000000e+00
    4.699047125267924e+01      0.000000000000000e+00
    4.722560243427297e+01      2.162514443319357e-01
    4.746073361586670e+01      7.208381477731408e-02
    4.769586479746042e+01      1.441676295546238e-01
    4.793099597905415e+01      7.208381477731192e-02
    4.816612716064788e+01      1.441676295546282e-01
    4.840125834224160e+01      7.208381477731192e-02
    4.863638952383533e+01      2.162514443319357e-01
    4.887152070542906e+01      7.208381477731192e-02
    4.910665188702279e+01      1.441676295546282e-01
    4.934178306861651e+01      7.208381477731192e-02
    4.957691425021024e+01      2.883352591092563e-01
    4.981204543180397e+01      7.208381477731192e-02
    5.004717661339770e+01      2.162514443319357e-01
    5.028230779499142e+01      2.162514443319357e-01
    5.051743897658515e+01      1.441676295546282e-01
    5.075257015817888e+01      1.441676295546238e-01
    5.098770133977261e+01      7.208381477731408e-02
    5.122283252136633e+01      2.162514443319357e-01
    5.145796370296006e+01      0.000000000000000e+00
    5.169309488455379e+01      7.208381477731192e-02
    5.192822606614752e+01      0.000000000000000e+00
    5.216335724774124e+01      2.162514443319357e-01
    5.239848842933497e+01      0.000000000000000e+00
    5.263361961092869e+01      7.208381477731192e-02
    5.286875079252242e+01      0.000000000000000e+00
    5.310388197411615e+01      1.441676295546238e-01
    5.333901315570988e+01      0.000000000000000e+00
    5.357414433730360e+01      7.208381477731192e-02
    5.380927551889733e+01      0.000000000000000e+00
    5.404440670049105e+01      0.000000000000000e+00
    5.427953788208478e+01      0.000000000000000e+00
    5.451466906367851e+01      0.000000000000000e+00
    5.474980024527224e+01      0.000000000000000e+00
    5.498493142686596e+01      0.000000000000000e+00
    5.522006260845969e+01      0.000000000000000e+00
    5.545519379005341e+01      0.000000000000000e+00
    5.569032497164714e+01      0.000000000000000e+00
    5.592545615324087e+01      0.000000000000000e+00
    5.616058733483460e+01      0.000000000000000e+00
    5.639571851642832e+01      0.000000000000000e+00
    5.663084969802205e+01      0.000000000000000e+00
    5.686598087961578e+01      0.000000000000000e+00
    5.710111206120951e+01      0.000000000000000e+00
    5.733624324280323e+01      0.000000000000000e+00
    5.757137442439696e+01      0.000000000000000e+00
    5.780650560599069e+01      0.000000000000000e+00
    5.804163678758442e+01      0.000000000000000e+00
    5.827676796917814e+01      0.000000000000000e+00
    5.851189915077187e+01      0.000000000000000e+00
    5.874703033236560e+01      0.000000000000000e+00
    5.898216151395933e+01      0.000000000000000e+00
    5.921729269555305e+01      0.000000000000000e+00
    5.945242387714678e+01      0.000000000000000e+00
    5.968755505874050e+01      0.000000000000000e+00
    5.992268624033423e+01      0.000000000000000e+00
    6.015781742192796e+01      0.000000000000000e+00
    6.039294860352169e+01      0.000000000000000e+00
    6.062807978511541e+01      0.000000000000000e+00
    6.086321096670914e+01      0.000000000000000e+00
    6.109834214830286e+01      0.000000000000000e+00
    6.133347332989659e+01      0.000000000000000e+00
    6.156860451149032e+01      0.000000000000000e+00
    6.180373569308405e+01      0.000000000000000e+00
    6.203886687467777e+01      0.000000000000000e+00
    6.227399805627150e+01      0.000000000000000e+00
    6.250912923786522e+01      0.000000000000000e+00
    6.274426041945895e+01      0.000000000000000e+00
    6.297939160105268e+01      0.000000000000000e+00
    6.321452278264641e+01      0.000000000000000e+00
    6.344965396424013e+01      0.000000000000000e+00
    6.368478514583386e+01      0.000000000000000e+00
    6.391991632742759e+01      0.000000000000000e+00
    6.415504750902132e+01      0.000000000000000e+00
    6.439017869061504e+01      0.000000000000000e+00
    6.462530987220877e+01      0.000000000000000e+00
    6.486044105380250e+01      0.000000000000000e+00
    6.509557223539622e+01      0.000000000000000e+00
    6.533070341698995e+01      0.000000000000000e+00
    6.556583459858368e+01      0.000000000000000e+00
    6.580096578017741e+01      0.000000000000000e+00
    6.603609696177114e+01      0.000000000000000e+00
    6.627122814336485e+01      0.000000000000000e+00
    6.650635932495859e+01      0.000000000000000e+00
    6.674149050655231e+01      0.000000000000000e+00
    6.697662168814604e+01      0.000000000000000e+00
    6.721175286973977e+01      0.000000000000000e+00
    6.744688405133350e+01      0.000000000000000e+00
    6.768201523292723e+01      0.000000000000000e+00
    6.791714641452094e+01      0.000000000000000e+00
    6.815227759611467e+01      0.000000000000000e+00
    6.838740877770840e+01      0.000000000000000e+00
    6.862253995930213e+01      0.000000000000000e+00
    6.885767114089586e+01      0.000000000000000e+00
    6.909280232248958e+01      0.000000000000000e+00
    6.932793350408332e+01      0.000000000000000e+00
    6.956306468567703e+01      0.000000000000000e+00
    6.979819586727076e+01      0.000000000000000e+00
    7.003332704886449e+01      0.000000000000000e+00
    7.026845823045822e+01      0.000000000000000e+00
    7.050358941205195e+01      0.000000000000000e+00
    7.073872059364567e+01      0.000000000000000e+00
    7.097385177523940e+01      0.000000000000000e+00
    7.120898295683313e+01      0.000000000000000e+00
    7.144411413842685e+01      0.000000000000000e+00
    7.167924532002058e+01      0.000000000000000e+00
    7.191437650161430e+01      0.000000000000000e+00
    7.214950768320804e+01      0.000000000000000e+00
    7.238463886480176e+01      0.000000000000000e+00
    7.261977004639549e+01      0.000000000000000e+00
    7.285490122798922e+01      0.000000000000000e+00
    7.309003240958295e+01      0.000000000000000e+00
    7.332516359117668e+01      0.000000000000000e+00
    7.356029477277039e+01      0.000000000000000e+00
    7.379542595436413e+01      0.000000000000000e+00
    7.403055713595785e+01      0.000000000000000e+00
    7.426568831755158e+01      0.000000000000000e+00
    7.450081949914531e+01      0.000000000000000e+00
    7.473595068073902e+01      0.000000000000000e+00
    7.497108186233277e+01      0.000000000000000e+00
    7.520621304392648e+01      0.000000000000000e+00
    7.544134422552021e+01      0.000000000000000e+00
    7.567647540711394e+01      0.000000000000000e+00
    7.591160658870767e+01      0.000000000000000e+00
    7.614673777030140e+01      0.000000000000000e+00
    7.638186895189511e+01      0.000000000000000e+00
    7.661700013348886e+01      0.000000000000000e+00
    7.685213131508257e+01      0.000000000000000e+00
    7.708726249667630e+01      0.000000000000000e+00
    7.732239367827003e+01      0.000000000000000e+00
    7.755752485986375e+01      0.000000000000000e+00
    7.779265604145749e+01      0.000000000000000e+00
    7.802778722305121e+01      0.000000000000000e+00
    7.826291840464494e+01      0.000000000000000e+00
    7.849804958623866e+01      0.000000000000000e+00
    7.873318076783239e+01      0.000000000000000e+00
    7.896831194942612e+01      0.000000000000000e+00
    7.920344313101984e+01      0.000000000000000e+00
    7.943857431261358e+01      0.000000000000000e+00
    7.967370549420730e+01      0.000000000000000e+00
    7.990883667580103e+01      0.000000000000000e+00
    8.014396785739476e+01      0.000000000000000e+00
    8.037909903898847e+01      0.000000000000000e+00
    8.061423022058221e+01      0.000000000000000e+00
    8.084936140217593e+01      0.000000000000000e+00
    8.108449258376966e+01      0.000000000000000e+00
    8.131962376536339e+01      0.000000000000000e+00
    8.155475494695712e+01      0.000000000000000e+00
    8.178988612855085e+01      0.000000000000000e+00
    8.202501731014456e+01      0.000000000000000e+00
    8.226014849173831e+01      0.000000000000000e+00
    8.249527967333202e+01      0.000000000000000e+00
    8.273041085492575e+01      0.000000000000000e+00
    8.296554203651948e+01      0.000000000000000e+00
    8.320067321811320e+01      0.000000000000000e+00
    8.343580439970694e+01      0.000000000000000e+00
    8.367093558130065e+01      0.000000000000000e+00
    8.390606676289438e+01      0.000000000000000e+00
    8.414119794448811e+01      0.000000000000000e+00
    8.437632912608184e+01      0.000000000000000e+00
    8.461146030767557e+01      0.000000000000000e+00
    8.484659148926929e+01      0.000000000000000e+00
    8.508172267086303e+01      0.000000000000000e+00
    8.531685385245675e+01      0.000000000000000e+00
    8.555198503405047e+01      0.000000000000000e+00
    8.578711621564420e+01      0.000000000000000e+00
    8.602224739723792e+01      0.000000000000000e+00
    8.625737857883166e+01      0.000000000000000e+00
    8.649250976042538e+01      0.000000000000000e+00
    8.672764094201911e+01      0.000000000000000e+00
    8.696277212361284e+01      0.000000000000000e+00
    8.719790330520657e+01      0.000000000000000e+00
    8.743303448680030e+01      0.000000000000000e+00
    8.766816566839401e+01      0.000000000000000e+00
    8.790329684998775e+01      0.000000000000000e+00
    8.813842803158147e+01      0.000000000000000e+00
    8.837355921317520e+01      0.000000000000000e+00
    8.860869039476893e+01      0.000000000000000e+00
    8.884382157636264e+01      0.000000000000000e+00
    8.907895275795639e+01      0.000000000000000e+00
    8.931408393955010e+01      0.000000000000000e+00
    8.954921512114383e+01      0.000000000000000e+00
    8.978434630273756e+01      0.000000000000000e+00
    9.001947748433129e+01      0.000000000000000e+00
    9.025460866592502e+01      0.000000000000000e+00
    9.048973984751873e+01      0.000000000000000e+00
    9.072487102911248e+01      0.000000000000000e+00
    9.096000221070619e+01      0.000000000000000e+00
    9.119513339229992e+01      0.000000000000000e+00
    9.143026457389365e+01      0.000000000000000e+00
    9.166539575548737e+01      0.000000000000000e+00
    9.190052693708111e+01      0.000000000000000e+00
    9.213565811867483e+01      0.000000000000000e+00
    9.237078930026856e+01      0.000000000000000e+00
    9.260592048186228e+01      0.000000000000000e+00
    9.284105166345601e+01      0.000000000000000e+00
    9.307618284504974e+01      0.000000000000000e+00
    9.331131402664346e+01      0.000000000000000e+00
    9.354644520823720e+01      0.000000000000000e+00
    9.378157638983092e+01      0.000000000000000e+00
    9.401670757142465e+01      0.000000000000000e+00
    9.425183875301838e+01      0.000000000000000e+00
    9.448696993461209e+01      0.000000000000000e+00
    9.472210111620583e+01      0.000000000000000e+00
    9.495723229779955e+01      0.000000000000000e+00
    9.519236347939328e+01      0.000000000000000e+00
    9.542749466098701e+01      0.000000000000000e+00
    9.566262584258074e+01      0.000000000000000e+00
    9.589775702417447e+01      0.000000000000000e+00
    9.613288820576818e+01      0.000000000000000e+00
    9.636801938736193e+01      0.000000000000000e+00
    9.660315056895564e+01      0.000000000000000e+00
    9.683828175054937e+01      0.000000000000000e+00
    9.707341293214310e+01      0.000000000000000e+00
    9.730854411373682e+01      0.000000000000000e+00
    9.754367529533056e+01      0.000000000000000e+00
    9.777880647692427e+01      0.000000000000000e+00
    9.801393765851800e+01      0.000000000000000e+00
    9.824906884011173e+01      0.000000000000000e+00
    9.848420002170546e+01      0.000000000000000e+00
    9.871933120329919e+01      0.000000000000000e+00
    9.895446238489291e+01      0.000000000000000e+00
    9.918959356648665e+01      0.000000000000000e+00
    9.942472474808037e+01      0.000000000000000e+00
    9.965985592967409e+01      0.000000000000000e+00
    9.989498711126782e+01      0.000000000000000e+00
    1.001301182928615e+02      0.000000000000000e+00
    1.003652494744553e+02      0.000000000000000e+00
    1.006003806560490e+02      0.000000000000000e+00
    1.008355118376427e+02      0.000000000000000e+00
    1.010706430192365e+02      0.000000000000000e+00
    1.013057742008302e+02      0.000000000000000e+00
    1.015409053824239e+02      0.000000000000000e+00
    1.017760365640176e+02      0.000000000000000e+00
    1.020111677456114e+02      0.000000000000000e+00
    1.022462989272051e+02      0.000000000000000e+00
    1.024814301087988e+02      0.000000000000000e+00
    1.027165612903925e+02      0.000000000000000e+00
    1.029516924719863e+02      0.000000000000000e+00
    1.031868236535800e+02      0.000000000000000e+00
    1.034219548351737e+02      0.000000000000000e+00
    1.036570860167675e+02      0.000000000000000e+00
    1.038922171983612e+02      0.000000000000000e+00
    1.041273483799549e+02      0.000000000000000e+00
    1.043624795615486e+02      0.000000000000000e+00
    1.045976107431424e+02      0.000000000000000e+00
    1.048327419247361e+02      0.000000000000000e+00
    1.050678731063298e+02      0.000000000000000e+00
    1.053030042879236e+02      0.000000000000000e+00
    1.055381354695173e+02      0.000000000000000e+00
    1.057732666511110e+02      0.000000000000000e+00
    1.060083978327047e+02      0.000000000000000e+00
    1.062435290142984e+02      0.000000000000000e+00
    1.064786601958922e+02      0.000000000000000e+00
    1.067137913774859e+02      0.000000000000000e+00
    1.069489225590796e+02      0.000000000000000e+00
    1.071840537406734e+02      0.000000000000000e+00
    1.074191849222671e+02      0.000000000000000e+00
    1.076543161038608e+02      0.000000000000000e+00
    1.078894472854545e+02      0.000000000000000e+00
    1.081245784670483e+02      0.000000000000000e+00
    1.083597096486420e+02      0.000000000000000e+00
    1.085948408302357e+02      0.000000000000000e+00
    1.088299720118295e+02      0.000000000000000e+00
    1.090651031934232e+02      0.000000000000000e+00
    1.093002343750169e+02      0.000000000000000e+00
    1.095353655566106e+02      0.000000000000000e+00
    1.097704967382043e+02      0.000000000000000e+00
    1.100056279197981e+02      0.000000000000000e+00
    1.102407591013918e+02      0.000000000000000e+00
    1.104758902829855e+02      0.000000000000000e+00
    1.107110214645793e+02      0.000000000000000e+00
    1.109461526461730e+02      0.000000000000000e+00
    1.111812838277667e+02      0.000000000000000e+00
    1.114164150093604e+02      0.000000000000000e+00
    1.116515461909542e+02      0.000000000000000e+00
    1.118866773725479e+02      0.000000000000000e+00
    1.121218085541416e+02      0.000000000000000e+00
    1.123569397357354e+02      0.000000000000000e+00
    1.125920709173291e+02      0.000000000000000e+00
    1.128272020989228e+02      0.000000000000000e+00
    1.130623332805165e+02      0.000000000000000e+00
    1.132974644621103e+02      0.000000000000000e+00
    1.135325956437040e+02      0.000000000000000e+00
    1.137677268252977e+02      0.000000000000000e+00
    1.140028580068914e+02      0.000000000000000e+00
    1.142379891884852e+02      0.000000000000000e+00
    1.144731203700789e+02      0.000000000000000e+00
    1.147082515516726e+02      0.000000000000000e+00
    1.149433827332664e+02      0.000000000000000e+00
    1.151785139148601e+02      0.000000000000000e+00
    1.154136450964538e+02      0.000000000000000e+00
    1.156487762780475e+02      0.000000000000000e+00
    1.158839074596413e+02      0.000000000000000e+00
    1.161190386412350e+02      0.000000000000000e+00
    1.163541698228287e+02      0.000000000000000e+00
    1.165893010044225e+02      0.000000000000000e+00
    1.168244321860162e+02      0.000000000000000e+00
    1.170595633676099e+02      0.000000000000000e+00
    1.172946945492036e+02      0.000000000000000e+00
    1.175298257307973e+02      0.000000000000000e+00
    1.177649569123911e+02      0.000000000000000e+00
    1.180000880939848e+02      0.000000000000000e+00
    1.182352192755785e+02      0.000000000000000e+00
    1.184703504571723e+02      0.000000000000000e+00
    1.187054816387660e+02      0.000000000000000e+00
    1.189406128203597e+02      0.000000000000000e+00
    1.191757440019534e+02      0.000000000000000e+00
    1.194108751835472e+02      0.000000000000000e+00
    1.196460063651409e+02      0.000000000000000e+00
    1.198811375467346e+02      0.000000000000000e+00
    1.201162687283284e+02      0.000000000000000e+00
    1.203513999099221e+02      0.000000000000000e+00
    1.205865310915158e+02      0.000000000000000e+00
    1.208216622731095e+02      0.000000000000000e+00
    1.210567934547032e+02      0.000000000000000e+00
    1.212919246362970e+02      0.000000000000000e+00
    1.215270558178907e+02      0.000000000000000e+00
    1.217621869994844e+02      0.000000000000000e+00
    1.219973181810782e+02      0.000000000000000e+00
    1.222324493626719e+02      0.000000000000000e+00
    1.224675805442656e+02      0.000000000000000e+00
    1.227027117258593e+02      0.000000000000000e+00
    1.229378429074531e+02      0.000000000000000e+00
    1.231729740890468e+02      0.000000000000000e+00
    1.234081052706405e+02      0.000000000000000e+00
    1.236432364522342e+02      0.000000000000000e+00
    1.238783676338280e+02      0.000000000000000e+00
    1.241134988154217e+02      0.000000000000000e+00
    1.243486299970154e+02      0.000000000000000e+00
    1.245837611786092e+02      0.000000000000000e+00
    1.248188923602029e+02      0.000000000000000e+00
    1.250540235417966e+02      0.000000000000000e+00
    1.252891547233903e+02      0.000000000000000e+00
    1.255242859049841e+02      0.000000000000000e+00
    1.257594170865778e+02      0.000000000000000e+00
    1.259945482681715e+02      0.000000000000000e+00
    1.262296794497653e+02      0.000000000000000e+00
    1.264648106313590e+02      0.000000000000000e+00
    1.266999418129527e+02      0.000000000000000e+00
    1.269350729945464e+02      0.000000000000000e+00
    1.271702041761401e+02      0.000000000000000e+00
    1.274053353577339e+02      0.000000000000000e+00
    1.276404665393276e+02      0.000000000000000e+00
    1.278755977209213e+02      7.208381477731628e-02
    1.281107289025151e+02      0.000000000000000e+00
    1.283458600841088e+02      0.000000000000000e+00
    1.285809912657025e+02      0.000000000000000e+00
    1.288161224472962e+02      0.000000000000000e+00
    1.290512536288900e+02      0.000000000000000e+00
    1.292863848104837e+02      0.000000000000000e+00
    1.295215159920774e+02      0.000000000000000e+00
    1.297566471736712e+02      0.000000000000000e+00
    1.299917783552649e+02      0.000000000000000e+00
    1.302269095368586e+02      0.000000000000000e+00
    1.304620407184523e+02      0.000000000000000e+00
    1.306971719000461e+02      0.000000000000000e+00
    1.309323030816398e+02      0.000000000000000e+00
    1.311674342632335e+02      0.000000000000000e+00
    1.314025654448272e+02      0.000000000000000e+00
    1.316376966264210e+02      0.000000000000000e+00
    1.318728278080147e+02      0.000000000000000e+00
    1.321079589896084e+02      0.000000000000000e+00
    1.323430901712021e+02      0.000000000000000e+00
    1.325782213527959e+02      0.000000000000000e+00
    1.328133525343896e+02      0.000000000000000e+00
    1.330484837159833e+02      0.000000000000000e+00
    1.332836148975771e+02      0.000000000000000e+00
    1.335187460791708e+02      0.000000000000000e+00
    1.337538772607645e+02      0.000000000000000e+00
    1.339890084423582e+02      0.000000000000000e+00
    1.342241396239520e+02      0.000000000000000e+00
    1.344592708055457e+02      0.000000000000000e+00
    1.346944019871394e+02      0.000000000000000e+00
    1.349295331687331e+02      0.000000000000000e+00
    1.351646643503269e+02      0.000000000000000e+00
    1.353997955319206e+02      0.000000000000000e+00
    1.356349267135143e+02      0.000000000000000e+00
    1.358700578951081e+02      0.000000000000000e+00
    1.361051890767018e+02      0.000000000000000e+00
    1.363403202582955e+02      0.000000000000000e+00
    1.365754514398892e+02      0.000000000000000e+00
    1.368105826214830e+02      0.000000000000000e+00
    1.370457138030767e+02      0.000000000000000e+00
    1.372808449846704e+02      0.000000000000000e+00
    1.375159761662642e+02      0.000000000000000e+00
    1.377511073478579e+02      0.000000000000000e+00
    1.379862385294516e+02      0.000000000000000e+00
    1.382213697110453e+02      0.000000000000000e+00
    1.384565008926390e+02      0.000000000000000e+00
    1.386916320742328e+02      0.000000000000000e+00
    1.389267632558265e+02      0.000000000000000e+00
    1.391618944374202e+02      0.000000000000000e+00
    1.393970256190140e+02      0.000000000000000e+00
    1.396321568006077e+02      0.000000000000000e+00
    1.398672879822014e+02      0.000000000000000e+00
    1.401024191637951e+02      0.000000000000000e+00
    1.403375503453889e+02      0.000000000000000e+00
    1.405726815269826e+02      0.000000000000000e+00
    1.408078127085763e+02      0.000000000000000e+00
    1.410429438901701e+02      0.000000000000000e+00
    1.412780750717638e+02      0.000000000000000e+00
    1.415132062533575e+02      0.000000000000000e+00
    1.417483374349512e+02      0.000000000000000e+00
    1.419834686165450e+02      0.000000000000000e+00
    1.422185997981387e+02      0.000000000000000e+00
    1.424537309797324e+02      0.000000000000000e+00
    1.426888621613261e+02      0.000000000000000e+00
    1.429239933429199e+02      0.000000000000000e+00
    1.431591245245136e+02      0.000000000000000e+00
    1.433942557061073e+02      0.000000000000000e+00
    1.436293868877010e+02      0.000000000000000e+00
    1.438645180692948e+02      0.000000000000000e+00
    1.440996492508885e+02      0.000000000000000e+00
    1.443347804324822e+02      0.000000000000000e+00
    1.445699116140759e+02      0.000000000000000e+00
    1.448050427956697e+02      0.000000000000000e+00
    1.450401739772634e+02      0.000000000000000e+00
    1.452753051588571e+02      0.000000000000000e+00
    1.455104363404509e+02      0.000000000000000e+00
    1.457455675220446e+02      0.000000000000000e+00
    1.459806987036383e+02      0.000000000000000e+00
    1.462158298852320e+02      0.000000000000000e+00
    1.464509610668258e+02      0.000000000000000e+00
    1.466860922484195e+02      0.000000000000000e+00
    1.469212234300132e+02      0.000000000000000e+00
    1.471563546116070e+02      0.000000000000000e+00
    1.473914857932007e+02      0.000000000000000e+00
    1.476266169747944e+02      0.000000000000000e+00
    1.478617481563881e+02      0.000000000000000e+00
    1.480968793379818e+02      0.000000000000000e+00
    1.483320105195756e+02      0.000000000000000e+00
    1.485671417011693e+02      0.000000000000000e+00
    1.488022728827630e+02      0.000000000000000e+00
    1.490374040643568e+02      0.000000000000000e+00
    1.492725352459505e+02      0.000000000000000e+00
    1.495076664275442e+02      0.000000000000000e+00
    1.497427976091379e+02      0.000000000000000e+00
    1.499779287907317e+02      0.000000000000000e+00
    1.502130599723254e+02      0.000000000000000e+00
    1.504481911539191e+02      0.000000000000000e+00
    1.506833223355129e+02      0.000000000000000e+00
    1.509184535171066e+02      0.000000000000000e+00
    1.511535846987003e+02      0.000000000000000e+00
    1.513887158802940e+02      0.000000000000000e+00
    1.516238470618878e+02      0.000000000000000e+00
    1.518589782434815e+02      0.000000000000000e+00
    1.520941094250752e+02      0.000000000000000e+00
    1.523292406066689e+02      0.000000000000000e+00
    1.525643717882627e+02      0.000000000000000e+00
    1.527995029698564e+02      0.000000000000000e+00
    1.530346341514501e+02      0.000000000000000e+00
    1.532697653330439e+02      0.000000000000000e+00
    1.535048965146376e+02      0.000000000000000e+00
    1.537400276962313e+02      0.000000000000000e+00
    1.539751588778250e+02      0.000000000000000e+00
    1.542102900594188e+02      0.000000000000000e+00
    1.544454212410125e+02      0.000000000000000e+00
    1.546805524226062e+02      0.000000000000000e+00
    1.549156836041999e+02      0.000000000000000e+00
    1.551508147857937e+02      0.000000000000000e+00
    1.553859459673874e+02      0.000000000000000e+00
    1.556210771489811e+02      0.000000000000000e+00
    1.558562083305748e+02      0.000000000000000e+00
    1.560913395121686e+02      0.000000000000000e+00
    1.563264706937623e+02      0.000000000000000e+00
    1.565616018753560e+02      0.000000000000000e+00
    1.567967330569498e+02      0.000000000000000e+00
    1.570318642385435e+02      0.000000000000000e+00
    1.572669954201372e+02      0.000000000000000e+00
    1.575021266017309e+02      0.000000000000000e+00
    1.577372577833247e+02      0.000000000000000e+00
    1.579723889649184e+02      0.000000000000000e+00
    1.582075201465121e+02      0.000000000000000e+00
    1.584426513281059e+02      0.000000000000000e+00
    1.586777825096996e+02      0.000000000000000e+00
    1.589129136912933e+02      0.000000000000000e+00
    1.591480448728870e+02      0.000000000000000e+00
    1.593831760544807e+02      0.000000000000000e+00
    1.596183072360745e+02      0.000000000000000e+00
    1.598534384176682e+02      0.000000000000000e+00
    1.600885695992619e+02      0.000000000000000e+00
    1.603237007808557e+02      0.000000000000000e+00
    1.605588319624494e+02      0.000000000000000e+00
    1.607939631440431e+02      0.000000000000000e+00
    1.610290943256368e+02      0.000000000000000e+00
    1.612642255072306e+02      0.000000000000000e+00
    1.614993566888243e+02      0.000000000000000e+00
    1.617344878704180e+02      0.000000000000000e+00
    1.619696190520118e+02      0.000000000000000e+00
    1.622047502336055e+02      0.000000000000000e+00
    1.624398814151992e+02      0.000000000000000e+00
    1.626750125967929e+02      0.000000000000000e+00
    1.629101437783867e+02      0.000000000000000e+00
    1.631452749599804e+02      0.000000000000000e+00
    1.633804061415741e+02      0.000000000000000e+00
    1.636155373231678e+02      0.000000000000000e+00
    1.638506685047616e+02      0.000000000000000e+00
    1.640857996863553e+02      0.000000000000000e+00
    1.643209308679490e+02      0.000000000000000e+00
    1.645560620495428e+02      0.000000000000000e+00
    1.647911932311365e+02      0.000000000000000e+00
    1.650263244127302e+02      0.000000000000000e+00
    1.652614555943239e+02      0.000000000000000e+00
    1.654965867759176e+02      0.000000000000000e+00
    1.657317179575114e+02      0.000000000000000e+00
    1.659668491391051e+02      0.000000000000000e+00
    1.662019803206989e+02      0.000000000000000e+00
    1.664371115022926e+02      0.000000000000000e+00
    1.666722426838863e+02      0.000000000000000e+00
    1.669073738654800e+02      0.000000000000000e+00
    1.671425050470737e+02      0.000000000000000e+00
    1.673776362286675e+02      0.000000000000000e+00
    1.676127674102612e+02      0.000000000000000e+00
    1.678478985918549e+02      0.000000000000000e+00
    1.680830297734487e+02      0.000000000000000e+00
    1.683181609550424e+02      0.000000000000000e+00
    1.685532921366361e+02      0.000000000000000e+00
    1.687884233182298e+02      0.000000000000000e+00
    1.690235544998235e+02      0.000000000000000e+00
    1.692586856814173e+02      0.000000000000000e+00
    1.694938168630110e+02      0.000000000000000e+00
    1.697289480446047e+02      0.000000000000000e+00
    1.699640792261985e+02      0.000000000000000e+00
    1.701992104077922e+02      0.000000000000000e+00
    1.704343415893859e+02      0.000000000000000e+00
    1.706694727709796e+02      0.000000000000000e+00
    1.709046039525734e+02      0.000000000000000e+00
    1.711397351341671e+02      0.000000000000000e+00
    1.713748663157608e+02      0.000000000000000e+00
    1.716099974973546e+02      0.000000000000000e+00
    1.718451286789483e+02      0.000000000000000e+00
    1.720802598605420e+02      0.000000000000000e+00
    1.723153910421357e+02      0.000000000000000e+00
    1.725505222237295e+02      0.000000000000000e+00
    1.727856534053232e+02      0.000000000000000e+00
    1.730207845869169e+02      0.000000000000000e+00
    1.732559157685106e+02      0.000000000000000e+00
    1.734910469501044e+02      0.000000000000000e+00
    1.737261781316981e+02      0.000000000000000e+00
    1.739613093132918e+02      0.000000000000000e+00
    1.741964404948855e+02      0.000000000000000e+00
    1.744315716764793e+02      0.000000000000000e+00
    1.746667028580730e+02      0.000000000000000e+00
    1.749018340396667e+02      0.000000000000000e+00
    1.751369652212605e+02      0.000000000000000e+00
    1.753720964028542e+02      0.000000000000000e+00
    1.756072275844479e+02      0.000000000000000e+00
    1.758423587660416e+02      0.000000000000000e+00
    1.760774899476354e+02      0.000000000000000e+00
    1.763126211292291e+02      0.000000000000000e+00
    1.765477523108228e+02      0.000000000000000e+00
    1.767828834924165e+02      0.000000000000000e+00
    1.770180146740103e+02      0.000000000000000e+00
    1.772531458556040e+02      0.000000000000000e+00
    1.774882770371977e+02      0.000000000000000e+00
    1.777234082187915e+02      0.000000000000000e+00
    1.779585394003852e+02      0.000000000000000e+00
    1.781936705819789e+02      0.000000000000000e+00
    1.784288017635726e+02      0.000000000000000e+00
    1.786639329451664e+02      0.000000000000000e+00
    1.788990641267601e+02      0.000000000000000e+00
    1.791341953083538e+02      0.000000000000000e+00
    1.793693264899476e+02      0.000000000000000e+00
    1.796044576715413e+02      0.000000000000000e+00
    1.798395888531350e+02      0.000000000000000e+00
    1.800747200347287e+02      0.000000000000000e+00
    1.803098512163224e+02      0.000000000000000e+00
    1.805449823979162e+02      0.000000000000000e+00
    1.807801135795099e+02      0.000000000000000e+00
    1.810152447611036e+02      0.000000000000000e+00
    1.812503759426974e+02      0.000000000000000e+00
    1.814855071242911e+02      0.000000000000000e+00
    1.817206383058848e+02      0.000000000000000e+00
    1.819557694874785e+02      0.000000000000000e+00
    1.821909006690723e+02      0.000000000000000e+00
    1.824260318506660e+02      0.000000000000000e+00
    1.826611630322597e+02      0.000000000000000e+00
    1.828962942138535e+02      0.000000000000000e+00
    1.831314253954472e+02      0.000000000000000e+00
    1.833665565770409e+02      0.000000000000000e+00
    1.836016877586346e+02      0.000000000000000e+00
    1.838368189402284e+02      0.000000000000000e+00
    1.840719501218221e+02      0.000000000000000e+00
    1.843070813034158e+02      0.000000000000000e+00
    1.845422124850095e+02      0.000000000000000e+00
    1.847773436666033e+02      0.000000000000000e+00
    1.850124748481970e+02      0.000000000000000e+00
    1.852476060297907e+02      0.000000000000000e+00
    1.854827372113844e+02      0.000000000000000e+00
    1.857178683929782e+02      0.000000000000000e+00
    1.859529995745719e+02      0.000000000000000e+00
    1.861881307561656e+02      0.000000000000000e+00
    1.864232619377593e+02      0.000000000000000e+00
    1.866583931193531e+02      0.000000000000000e+00
    1.868935243009468e+02      0.000000000000000e+00
    1.871286554825405e+02      0.000000000000000e+00
    1.873637866641343e+02      0.000000000000000e+00
    1.875989178457280e+02      0.000000000000000e+00
    1.878340490273217e+02      0.000000000000000e+00
    1.880691802089154e+02      0.000000000000000e+00
    1.883043113905092e+02      0.000000000000000e+00
    1.885394425721029e+02      0.000000000000000e+00
    1.887745737536966e+02      0.000000000000000e+00
    1.890097049352904e+02      0.000000000000000e+00
    1.892448361168841e+02      0.000000000000000e+00
    1.894799672984778e+02      0.000000000000000e+00
    1.897150984800715e+02      0.000000000000000e+00
    1.899502296616652e+02      0.000000000000000e+00
    1.901853608432590e+02      0.000000000000000e+00
    1.904204920248527e+02      0.000000000000000e+00
    1.906556232064464e+02      0.000000000000000e+00
    1.908907543880402e+02      0.000000000000000e+00
    1.911258855696339e+02      0.000000000000000e+00
    1.913610167512276e+02      0.000000000000000e+00
    1.915961479328213e+02      0.000000000000000e+00
    1.918312791144151e+02      0.000000000000000e+00
    1.920664102960088e+02      0.000000000000000e+00
    1.923015414776025e+02      0.000000000000000e+00
    1.925366726591963e+02      0.000000000000000e+00
    1.927718038407900e+02      0.000000000000000e+00
    1.930069350223837e+02      0.000000000000000e+00
    1.932420662039774e+02      0.000000000000000e+00
    1.934771973855712e+02      0.000000000000000e+00
    1.937123285671649e+02      0.000000000000000e+00
    1.939474597487586e+02      0.000000000000000e+00
    1.941825909303523e+02      0.000000000000000e+00
    1.944177221119461e+02      0.000000000000000e+00
    1.946528532935398e+02      0.000000000000000e+00
    1.948879844751335e+02      0.000000000000000e+00
    1.951231156567273e+02      0.000000000000000e+00
    1.953582468383210e+02      0.000000000000000e+00
    1.955933780199147e+02      0.000000000000000e+00
    1.958285092015084e+02      0.000000000000000e+00
    1.960636403831022e+02      0.000000000000000e+00
    1.962987715646959e+02      0.000000000000000e+00
    1.965339027462896e+02      0.000000000000000e+00
    1.967690339278833e+02      0.000000000000000e+00
    1.970041651094771e+02      0.000000000000000e+00
    1.972392962910708e+02      0.000000000000000e+00
    1.974744274726645e+02      0.000000000000000e+00
    1.977095586542582e+02      0.000000000000000e+00
    1.979446898358520e+02      0.000000000000000e+00
    1.981798210174457e+02      0.000000000000000e+00
    1.984149521990394e+02      0.000000000000000e+00
    1.986500833806332e+02      0.000000000000000e+00
    1.988852145622269e+02      0.000000000000000e+00
    1.991203457438206e+02      0.000000000000000e+00
    1.993554769254143e+02      0.000000000000000e+00
    1.995906081070081e+02      0.000000000000000e+00
    1.998257392886018e+02      0.000000000000000e+00
    2.000608704701955e+02      0.000000000000000e+00
    2.002960016517893e+02      0.000000000000000e+00
    2.005311328333830e+02      0.000000000000000e+00
    2.007662640149767e+02      0.000000000000000e+00
    2.010013951965704e+02      0.000000000000000e+00
    2.012365263781641e+02      0.000000000000000e+00
    2.014716575597579e+02      0.000000000000000e+00
    2.017067887413516e+02      0.000000000000000e+00
    2.019419199229453e+02      1.441676295546326e-01
    2.021770511045391e+02      0.000000000000000e+00
    2.024121822861328e+02      0.000000000000000e+00
    2.026473134677265e+02      0.000000000000000e+00
    2.028824446493202e+02      0.000000000000000e+00
    2.031175758309140e+02      0.000000000000000e+00
    2.033527070125077e+02      0.000000000000000e+00
    2.035878381941014e+02      0.000000000000000e+00
    2.038229693756952e+02      0.000000000000000e+00
    2.040581005572889e+02      0.000000000000000e+00
    2.042932317388826e+02      0.000000000000000e+00
    2.045283629204763e+02      0.000000000000000e+00
    2.047634941020701e+02      0.000000000000000e+00
    2.049986252836638e+02      0.000000000000000e+00
    2.052337564652575e+02      0.000000000000000e+00
    2.054688876468512e+02      0.000000000000000e+00
    2.057040188284450e+02      0.000000000000000e+00
    2.059391500100387e+02      0.000000000000000e+00
    2.061742811916324e+02      0.000000000000000e+00
    2.064094123732262e+02      0.000000000000000e+00
    2.066445435548199e+02      0.000000000000000e+00
    2.068796747364136e+02      0.000000000000000e+00
    2.071148059180073e+02      0.000000000000000e+00
    2.073499370996010e+02      0.000000000000000e+00
    2.075850682811948e+02      0.000000000000000e+00
    2.078201994627885e+02      0.000000000000000e+00
    2.080553306443822e+02      0.000000000000000e+00
    2.082904618259760e+02      0.000000000000000e+00
    2.085255930075697e+02      0.000000000000000e+00
    2.087607241891634e+02      0.000000000000000e+00
    2.089958553707571e+02      0.000000000000000e+00
    2.092309865523509e+02      0.000000000000000e+00
    2.094661177339446e+02      0.000000000000000e+00
    2.097012489155383e+02      0.000000000000000e+00
    2.099363800971321e+02      0.000000000000000e+00
    2.101715112787258e+02      0.000000000000000e+00
    2.104066424603195e+02      0.000000000000000e+00
    2.106417736419132e+02      0.000000000000000e+00
    2.108769048235069e+02      0.000000000000000e+00
    2.111120360051007e+02      0.000000000000000e+00
    2.113471671866944e+02      0.000000000000000e+00
    2.115822983682881e+02      0.000000000000000e+00
    2.118174295498819e+02      0.000000000000000e+00
    2.120525607314756e+02      0.000000000000000e+00
    2.122876919130693e+02      0.000000000000000e+00
    2.125228230946630e+02      0.000000000000000e+00
    2.127579542762568e+02      0.000000000000000e+00
    2.129930854578505e+02      0.000000000000000e+00
    2.132282166394442e+02      0.000000000000000e+00
    2.134633478210380e+02      0.000000000000000e+00
    2.136984790026317e+02      0.000000000000000e+00
    2.139336101842254e+02      0.000000000000000e+00
    2.141687413658191e+02      0.000000000000000e+00
    2.144038725474129e+02      0.000000000000000e+00
    2.146390037290066e+02      0.000000000000000e+00
    2.148741349106003e+02      0.000000000000000e+00
    2.151092660921940e+02      0.000000000000000e+00
    2.153443972737878e+02      0.000000000000000e+00
    2.155795284553815e+02      0.000000000000000e+00
    2.158146596369752e+02      0.000000000000000e+00
    2.160497908185690e+02      0.000000000000000e+00
    2.162849220001627e+02      0.000000000000000e+00
    2.165200531817564e+02      0.000000000000000e+00
    2.167551843633501e+02      0.000000000000000e+00
    2.169903155449439e+02      0.000000000000000e+00
    2.172254467265376e+02      0.000000000000000e+00
    2.174605779081313e+02      0.000000000000000e+00
    2.176957090897251e+02      0.000000000000000e+00
    2.179308402713188e+02      0.000000000000000e+00
    2.181659714529125e+02      0.000000000000000e+00
    2.184011026345062e+02      0.000000000000000e+00
    2.186362338160999e+02      0.000000000000000e+00
    2.188713649976937e+02      0.000000000000000e+00
    2.191064961792874e+02      0.000000000000000e+00
    2.193416273608811e+02      0.000000000000000e+00
    2.195767585424749e+02      0.000000000000000e+00
    2.198118897240686e+02      0.000000000000000e+00
    2.200470209056623e+02      0.000000000000000e+00
    2.202821520872560e+02      0.000000000000000e+00
    2.205172832688498e+02      0.000000000000000e+00
    2.207524144504435e+02      0.000000000000000e+00
    2.209875456320372e+02      0.000000000000000e+00
    2.212226768136310e+02      0.000000000000000e+00
    2.214578079952247e+02      0.000000000000000e+00
    2.216929391768184e+02      0.000000000000000e+00
    2.219280703584121e+02      0.000000000000000e+00
    2.221632015400059e+02      0.000000000000000e+00
    2.223983327215996e+02      0.000000000000000e+00
    2.226334639031933e+02      0.000000000000000e+00
    2.228685950847870e+02      0.000000000000000e+00
    2.231037262663808e+02      0.000000000000000e+00
    2.233388574479745e+02      0.000000000000000e+00
    2.235739886295682e+02      0.000000000000000e+00
    2.238091198111619e+02      0.000000000000000e+00
    2.240442509927557e+02      0.000000000000000e+00
    2.242793821743494e+02      0.000000000000000e+00
    2.245145133559431e+02      0.000000000000000e+00
    2.247496445375369e+02      0.000000000000000e+00
    2.249847757191306e+02      0.000000000000000e+00
    2.252199069007243e+02      0.000000000000000e+00
    2.254550380823180e+02      0.000000000000000e+00
    2.256901692639118e+02      0.000000000000000e+00
    2.259253004455055e+02      0.000000000000000e+00
    2.261604316270992e+02      0.000000000000000e+00
    2.263955628086929e+02      0.000000000000000e+00
    2.266306939902867e+02      0.000000000000000e+00
    2.268658251718804e+02      0.000000000000000e+00
    2.271009563534741e+02      0.000000000000000e+00
    2.273360875350679e+02      0.000000000000000e+00
    2.275712187166616e+02      0.000000000000000e+00
    2.278063498982553e+02      0.000000000000000e+00
    2.280414810798490e+02      0.000000000000000e+00
    2.282766122614428e+02      0.000000000000000e+00
    2.285117434430365e+02      0.000000000000000e+00
    2.287468746246302e+02      0.000000000000000e+00
    2.289820058062240e+02      0.000000000000000e+00
    2.292171369878177e+02      0.000000000000000e+00
    2.294522681694114e+02      0.000000000000000e+00
    2.296873993510051e+02      0.000000000000000e+00
    2.299225305325988e+02      0.000000000000000e+00
    2.301576617141926e+02      0.000000000000000e+00
    2.303927928957863e+02      0.000000000000000e+00
    2.306279240773800e+02      0.000000000000000e+00
    2.308630552589738e+02      0.000000000000000e+00
    2.310981864405675e+02      0.000000000000000e+00
    2.313333176221612e+02      0.000000000000000e+00
    2.315684488037549e+02      0.000000000000000e+00
    2.318035799853487e+02      0.000000000000000e+00
    2.320387111669424e+02      0.000000000000000e+00
    2.322738423485361e+02      0.000000000000000e+00
    2.325089735301299e+02      0.000000000000000e+00
    2.327441047117236e+02      0.000000000000000e+00
    2.329792358933173e+02      0.000000000000000e+00
    2.332143670749110e+02      0.000000000000000e+00
    2.334494982565048e+02      0.000000000000000e+00
    2.336846294380985e+02      0.000000000000000e+00
    2.339197606196922e+02      0.000000000000000e+00
    2.341548918012859e+02      0.000000000000000e+00
    2.343900229828797e+02      0.000000000000000e+00
    2.346251541644734e+02      0.000000000000000e+00
    2.348602853460671e+02      0.000000000000000e+00
    2.350954165276608e+02      0.000000000000000e+00
    2.353305477092546e+02      0.000000000000000e+00
    2.355656788908483e+02      0.000000000000000e+00
    2.358008100724420e+02      0.000000000000000e+00
    2.360359412540357e+02      0.000000000000000e+00
    2.362710724356295e+02      0.000000000000000e+00
    2.365062036172232e+02      0.000000000000000e+00
    2.367413347988169e+02      0.000000000000000e+00
    2.369764659804107e+02      0.000000000000000e+00
    2.372115971620044e+02      0.000000000000000e+00
    2.374467283435981e+02      0.000000000000000e+00
    2.376818595251918e+02      0.000000000000000e+00
    2.379169907067856e+02      0.000000000000000e+00
    2.381521218883793e+02      0.000000000000000e+00
    2.383872530699730e+02      0.000000000000000e+00
    2.386223842515668e+02      0.000000000000000e+00
    2.388575154331605e+02      0.000000000000000e+00
    2.390926466147542e+02      0.000000000000000e+00
    2.393277777963479e+02      0.000000000000000e+00
    2.395629089779416e+02      0.000000000000000e+00
    2.397980401595354e+02      0.000000000000000e+00
    2.400331713411291e+02      0.000000000000000e+00
    2.402683025227228e+02      0.000000000000000e+00
    2.405034337043166e+02      0.000000000000000e+00
    2.407385648859103e+02      0.000000000000000e+00
    2.409736960675040e+02      0.000000000000000e+00
    2.412088272490977e+02      0.000000000000000e+00
    2.414439584306915e+02      0.000000000000000e+00
    2.416790896122852e+02      0.000000000000000e+00
    2.419142207938789e+02      0.000000000000000e+00
    2.421493519754727e+02      0.000000000000000e+00
    2.423844831570664e+02      0.000000000000000e+00
    2.426196143386601e+02      0.000000000000000e+00
    2.428547455202538e+02      0.000000000000000e+00
    2.430898767018476e+02      0.000000000000000e+00
    2.433250078834413e+02      0.000000000000000e+00
    2.435601390650350e+02      0.000000000000000e+00
    2.437952702466287e+02      0.000000000000000e+00
    2.440304014282225e+02      0.000000000000000e+00
    2.442655326098162e+02      0.000000000000000e+00
    2.445006637914099e+02      0.000000000000000e+00
    2.447357949730037e+02      0.000000000000000e+00
    2.449709261545974e+02      0.000000000000000e+00
    2.452060573361911e+02      0.000000000000000e+00
    2.454411885177848e+02      0.000000000000000e+00
    2.456763196993786e+02      0.000000000000000e+00
    2.459114508809723e+02      0.000000000000000e+00
    2.461465820625660e+02      0.000000000000000e+00
    2.463817132441597e+02      0.000000000000000e+00
    2.466168444257535e+02      0.000000000000000e+00
    2.468519756073472e+02      0.000000000000000e+00
    2.470871067889409e+02      0.000000000000000e+00
    2.473222379705346e+02      0.000000000000000e+00
    2.475573691521284e+02      0.000000000000000e+00
    2.477925003337221e+02      0.000000000000000e+00
    2.480276315153158e+02      0.000000000000000e+00
    2.482627626969096e+02      0.000000000000000e+00
    2.484978938785033e+02      0.000000000000000e+00
    2.487330250600970e+02      0.000000000000000e+00
    2.489681562416907e+02      0.000000000000000e+00
    2.492032874232845e+02      0.000000000000000e+00
    2.494384186048782e+02      0.000000000000000e+00
    2.496735497864719e+02      0.000000000000000e+00
    2.499086809680657e+02      0.000000000000000e+00
    2.501438121496594e+02      0.000000000000000e+00
    2.503789433312531e+02      0.000000000000000e+00
    2.506140745128468e+02      0.000000000000000e+00
    2.508492056944405e+02      0.000000000000000e+00
    2.510843368760343e+02      0.000000000000000e+00
    2.513194680576280e+02      0.000000000000000e+00
    2.515545992392217e+02      0.000000000000000e+00
    2.517897304208155e+02      0.000000000000000e+00
    2.520248616024092e+02      0.000000000000000e+00
    2.522599927840029e+02      0.000000000000000e+00
    2.524951239655966e+02      0.000000000000000e+00
    2.527302551471904e+02      0.000000000000000e+00
    2.529653863287841e+02      0.000000000000000e+00
    2.532005175103778e+02      0.000000000000000e+00
    2.534356486919716e+02      0.000000000000000e+00
    2.536707798735653e+02      0.000000000000000e+00
    2.539059110551590e+02      0.000000000000000e+00
    2.541410422367527e+02      0.000000000000000e+00
    2.543761734183465e+02      0.000000000000000e+00
    2.546113045999402e+02      0.000000000000000e+00
    2.548464357815339e+02      0.000000000000000e+00
    2.550815669631276e+02      0.000000000000000e+00
    2.553166981447214e+02      0.000000000000000e+00
    2.555518293263151e+02      0.000000000000000e+00
    2.557869605079088e+02      0.000000000000000e+00
    2.560220916895026e+02      0.000000000000000e+00
    2.562572228710963e+02      0.000000000000000e+00
    2.564923540526900e+02      0.000000000000000e+00
    2.567274852342837e+02      0.000000000000000e+00
    2.569626164158774e+02      0.000000000000000e+00
    2.571977475974712e+02      0.000000000000000e+00
    2.574328787790649e+02      0.000000000000000e+00
    2.576680099606587e+02      0.000000000000000e+00
    2.579031411422524e+02      0.000000000000000e+00
    2.581382723238461e+02      0.000000000000000e+00
    2.583734035054399e+02      0.000000000000000e+00
    2.586085346870336e+02      0.000000000000000e+00
    2.588436658686273e+02      0.000000000000000e+00
    2.590787970502210e+02      0.000000000000000e+00
    2.593139282318147e+02      0.000000000000000e+00
    2.595490594134085e+02      0.000000000000000e+00
    2.597841905950022e+02      0.000000000000000e+00
    2.600193217765959e+02      0.000000000000000e+00
    2.602544529581896e+02      0.000000000000000e+00
    2.604895841397833e+02      0.000000000000000e+00
    2.607247153213771e+02      0.000000000000000e+00
    2.609598465029708e+02      0.000000000000000e+00
    2.611949776845645e+02      0.000000000000000e+00
    2.614301088661583e+02      0.000000000000000e+00
    2.616652400477520e+02      0.000000000000000e+00
    2.619003712293458e+02      0.000000000000000e+00
    2.621355024109395e+02      0.000000000000000e+00
    2.623706335925332e+02      0.000000000000000e+00
    2.626057647741269e+02      0.000000000000000e+00
    2.628408959557207e+02      0.000000000000000e+00
    2.630760271373144e+02      0.000000000000000e+00
    2.633111583189081e+02      0.000000000000000e+00
    2.635462895005018e+02      0.000000000000000e+00
    2.637814206820955e+02      0.000000000000000e+00
    2.640165518636893e+02      0.000000000000000e+00
    2.642516830452830e+02      0.000000000000000e+00
    2.644868142268767e+02      0.000000000000000e+00
    2.647219454084704e+02      0.000000000000000e+00
    2.649570765900642e+02      0.000000000000000e+00
    2.651922077716579e+02      0.000000000000000e+00
    2.654273389532516e+02      0.000000000000000e+00
    2.656624701348454e+02      0.000000000000000e+00
    2.658976013164391e+02      0.000000000000000e+00
    2.661327324980328e+02      0.000000000000000e+00
    2.663678636796266e+02      0.000000000000000e+00
    2.666029948612203e+02      0.000000000000000e+00
    2.668381260428140e+02      0.000000000000000e+00
    2.670732572244077e+02      0.000000000000000e+00
    2.673083884060015e+02      0.000000000000000e+00
    2.675435195875952e+02      0.000000000000000e+00
    2.677786507691889e+02      0.000000000000000e+00
    2.680137819507826e+02      0.000000000000000e+00
    2.682489131323763e+02      0.000000000000000e+00
    2.684840443139701e+02      0.000000000000000e+00
    2.687191754955638e+02      0.000000000000000e+00
    2.689543066771575e+02      0.000000000000000e+00
    2.691894378587513e+02      0.000000000000000e+00
    2.694245690403450e+02      0.000000000000000e+00
    2.696597002219387e+02      0.000000000000000e+00
    2.698948314035325e+02      0.000000000000000e+00
    2.701299625851262e+02      0.000000000000000e+00
    2.703650937667199e+02      0.000000000000000e+00
    2.706002249483136e+02      0.000000000000000e+00
    2.708353561299074e+02      0.000000000000000e+00
    2.710704873115011e+02      0.000000000000000e+00
    2.713056184930948e+02      0.000000000000000e+00
    2.715407496746885e+02      0.000000000000000e+00
    2.717758808562822e+02      0.000000000000000e+00
    2.720110120378760e+02      0.000000000000000e+00
    2.722461432194697e+02      0.000000000000000e+00
    2.724812744010634e+02      0.000000000000000e+00
    2.727164055826572e+02      0.000000000000000e+00
    2.729515367642509e+02      0.000000000000000e+00
    2.731866679458446e+02      0.000000000000000e+00
    2.734217991274384e+02      0.000000000000000e+00
    2.736569303090321e+02      0.000000000000000e+00
    2.738920614906258e+02      0.000000000000000e+00
    2.741271926722196e+02      0.000000000000000e+00
    2.743623238538133e+02      0.000000000000000e+00
    2.745974550354070e+02      0.000000000000000e+00
    2.748325862170007e+02      0.000000000000000e+00
    2.750677173985944e+02      0.000000000000000e+00
    2.753028485801882e+02      0.000000000000000e+00
    2.755379797617819e+02      0.000000000000000e+00
    2.757731109433756e+02      7.208381477731628e-02
