                     bin:                     prob.:
    1.393087074145659e+01      4.519774011299264e+00
    1.393462074145659e+01      0.000000000000000e+00
    1.393837074145659e+01      0.000000000000000e+00
    1.394212074145659e+01      0.000000000000000e+00
    1.394587074145659e+01      0.000000000000000e+00
    1.394962074145660e+01      0.000000000000000e+00
    1.395337074145660e+01      0.000000000000000e+00
    1.395712074145659e+01      0.000000000000000e+00
    1.396087074145659e+01      0.000000000000000e+00
    1.396462074145659e+01      0.000000000000000e+00
    1.396837074145659e+01      0.000000000000000e+00
    1.397212074145659e+01      0.000000000000000e+00
    1.397587074145659e+01      0.000000000000000e+00
    1.397962074145659e+01      0.000000000000000e+00
    1.398337074145659e+01      0.000000000000000e+00
    1.398712074145659e+01      0.000000000000000e+00
    1.399087074145659e+01      0.000000000000000e+00
    1.399462074145660e+01      0.000000000000000e+00
    1.399837074145660e+01      0.000000000000000e+00
    1.400212074145659e+01      0.000000000000000e+00
    1.400587074145659e+01      0.000000000000000e+00
    1.400962074145659e+01      0.000000000000000e+00
    1.401337074145659e+01      0.000000000000000e+00
    1.401712074145659e+01      0.000000000000000e+00
    1.402087074145659e+01      0.000000000000000e+00
    1.402462074145659e+01      0.000000000000000e+00
    1.402837074145659e+01      0.000000000000000e+00
    1.403212074145659e+01      0.000000000000000e+00
    1.403587074145659e+01      0.000000000000000e+00
    1.403962074145659e+01      0.000000000000000e+00
    1.404337074145660e+01      0.000000000000000e+00
    1.404712074145660e+01      0.000000000000000e+00
    1.405087074145659e+01      0.000000000000000e+00
    1.405462074145659e+01      0.000000000000000e+00
    1.405837074145659e+01      0.000000000000000e+00
    1.406212074145659e+01      0.000000000000000e+00
    1.406587074145659e+01      0.000000000000000e+00
    1.406962074145659e+01      0.000000000000000e+00
    1.407337074145659e+01      0.000000000000000e+00
    1.407712074145659e+01      0.000000000000000e+00
    1.408087074145659e+01      0.000000000000000e+00
    1.408462074145659e+01      0.000000000000000e+00
    1.408837074145660e+01      0.000000000000000e+00
    1.409212074145660e+01      0.000000000000000e+00
    1.409587074145659e+01      0.000000000000000e+00
    1.409962074145659e+01      0.000000000000000e+00
    1.410337074145659e+01      0.000000000000000e+00
    1.410712074145659e+01      0.000000000000000e+00
    1.411087074145659e+01      0.000000000000000e+00
    1.411462074145659e+01      0.000000000000000e+00
    1.411837074145659e+01      0.000000000000000e+00
    1.412212074145659e+01      0.000000000000000e+00
    1.412587074145659e+01      0.000000000000000e+00
    1.412962074145659e+01      0.000000000000000e+00
    1.413337074145659e+01      0.000000000000000e+00
    1.413712074145660e+01      0.000000000000000e+00
    1.414087074145660e+01      0.000000000000000e+00
    1.414462074145659e+01      0.000000000000000e+00
    1.414837074145659e+01      0.000000000000000e+00
    1.415212074145659e+01      0.000000000000000e+00
    1.415587074145659e+01      0.000000000000000e+00
    1.415962074145659e+01      9.039548022598527e+00
    1.416337074145659e+01      0.000000000000000e+00
    1.416712074145659e+01      0.000000000000000e+00
    1.417087074145659e+01      0.000000000000000e+00
    1.417462074145659e+01      0.000000000000000e+00
    1.417837074145659e+01      0.000000000000000e+00
    1.418212074145660e+01      0.000000000000000e+00
    1.418587074145660e+01      0.000000000000000e+00
    1.418962074145659e+01      0.000000000000000e+00
    1.419337074145659e+01      0.000000000000000e+00
    1.419712074145659e+01      0.000000000000000e+00
    1.420087074145659e+01      0.000000000000000e+00
    1.420462074145659e+01      0.000000000000000e+00
    1.420837074145659e+01      0.000000000000000e+00
    1.421212074145659e+01      0.000000000000000e+00
    1.421587074145659e+01      0.000000000000000e+00
    1.421962074145659e+01      0.000000000000000e+00
    1.422337074145659e+01      0.000000000000000e+00
    1.422712074145659e+01      0.000000000000000e+00
    1.423087074145660e+01      0.000000000000000e+00
    1.423462074145660e+01      0.000000000000000e+00
    1.423837074145659e+01      0.000000000000000e+00
    1.424212074145659e+01      0.000000000000000e+00
    1.424587074145659e+01      0.000000000000000e+00
    1.424962074145659e+01      0.000000000000000e+00
    1.425337074145659e+01      0.000000000000000e+00
    1.425712074145659e+01      0.000000000000000e+00
    1.426087074145659e+01      0.000000000000000e+00
    1.426462074145659e+01      0.000000000000000e+00
    1.426837074145659e+01      0.000000000000000e+00
    1.427212074145659e+01      0.000000000000000e+00
    1.427587074145660e+01      0.000000000000000e+00
    1.427962074145660e+01      0.000000000000000e+00
    1.428337074145659e+01      0.000000000000000e+00
    1.428712074145659e+01      0.000000000000000e+00
    1.429087074145659e+01      0.000000000000000e+00
    1.429462074145659e+01      0.000000000000000e+00
    1.429837074145659e+01      0.000000000000000e+00
    1.430212074145659e+01      0.000000000000000e+00
    1.430587074145659e+01      0.000000000000000e+00
    1.430962074145659e+01      0.000000000000000e+00
    1.431337074145659e+01      0.000000000000000e+00
    1.431712074145659e+01      0.000000000000000e+00
    1.432087074145659e+01      0.000000000000000e+00
    1.432462074145660e+01      0.000000000000000e+00
    1.432837074145660e+01      0.000000000000000e+00
    1.433212074145659e+01      0.000000000000000e+00
    1.433587074145659e+01      0.000000000000000e+00
    1.433962074145659e+01      0.000000000000000e+00
    1.434337074145659e+01      0.000000000000000e+00
    1.434712074145659e+01      0.000000000000000e+00
    1.435087074145659e+01      0.000000000000000e+00
    1.435462074145659e+01      0.000000000000000e+00
    1.435837074145659e+01      0.000000000000000e+00
    1.436212074145659e+01      0.000000000000000e+00
    1.436587074145659e+01      0.000000000000000e+00
    1.436962074145660e+01      0.000000000000000e+00
    1.437337074145660e+01      0.000000000000000e+00
    1.437712074145659e+01      0.000000000000000e+00
    1.438087074145659e+01      0.000000000000000e+00
    1.438462074145659e+01      0.000000000000000e+00
    1.438837074145659e+01      0.000000000000000e+00
    1.439212074145659e+01      4.519774011299264e+00
    1.439587074145659e+01      0.000000000000000e+00
    1.439962074145659e+01      0.000000000000000e+00
    1.440337074145659e+01      0.000000000000000e+00
    1.440712074145659e+01      0.000000000000000e+00
    1.441087074145659e+01      0.000000000000000e+00
    1.441462074145659e+01      0.000000000000000e+00
    1.441837074145660e+01      0.000000000000000e+00
    1.442212074145660e+01      0.000000000000000e+00
    1.442587074145659e+01      0.000000000000000e+00
    1.442962074145659e+01      0.000000000000000e+00
    1.443337074145659e+01      0.000000000000000e+00
    1.443712074145659e+01      0.000000000000000e+00
    1.444087074145659e+01      0.000000000000000e+00
    1.444462074145659e+01      0.000000000000000e+00
    1.444837074145659e+01      0.000000000000000e+00
    1.445212074145659e+01      0.000000000000000e+00
    1.445587074145659e+01      0.000000000000000e+00
    1.445962074145659e+01      0.000000000000000e+00
    1.446337074145660e+01      0.000000000000000e+00
    1.446712074145660e+01      0.000000000000000e+00
    1.447087074145659e+01      0.000000000000000e+00
    1.447462074145659e+01      0.000000000000000e+00
    1.447837074145659e+01      0.000000000000000e+00
    1.448212074145659e+01      0.000000000000000e+00
    1.448587074145659e+01      0.000000000000000e+00
    1.448962074145659e+01      0.000000000000000e+00
    1.449337074145659e+01      0.000000000000000e+00
    1.449712074145659e+01      0.000000000000000e+00
    1.450087074145659e+01      0.000000000000000e+00
    1.450462074145659e+01      0.000000000000000e+00
    1.450837074145659e+01      0.000000000000000e+00
    1.451212074145660e+01      0.000000000000000e+00
    1.451587074145660e+01      0.000000000000000e+00
    1.451962074145659e+01      0.000000000000000e+00
    1.452337074145659e+01      0.000000000000000e+00
    1.452712074145659e+01      0.000000000000000e+00
    1.453087074145659e+01      0.000000000000000e+00
    1.453462074145659e+01      0.000000000000000e+00
    1.453837074145659e+01      0.000000000000000e+00
    1.454212074145659e+01      0.000000000000000e+00
    1.454587074145659e+01      0.000000000000000e+00
    1.454962074145659e+01      0.000000000000000e+00
    1.455337074145659e+01      0.000000000000000e+00
    1.455712074145660e+01      0.000000000000000e+00
    1.456087074145660e+01      0.000000000000000e+00
    1.456462074145659e+01      0.000000000000000e+00
    1.456837074145659e+01      0.000000000000000e+00
    1.457212074145659e+01      0.000000000000000e+00
    1.457587074145659e+01      0.000000000000000e+00
    1.457962074145659e+01      0.000000000000000e+00
    1.458337074145659e+01      0.000000000000000e+00
    1.458712074145659e+01      0.000000000000000e+00
    1.459087074145659e+01      0.000000000000000e+00
    1.459462074145659e+01      0.000000000000000e+00
    1.459837074145659e+01      0.000000000000000e+00
    1.460212074145659e+01      0.000000000000000e+00
    1.460587074145660e+01      0.000000000000000e+00
    1.460962074145660e+01      0.000000000000000e+00
    1.461337074145659e+01      0.000000000000000e+00
    1.461712074145659e+01      0.000000000000000e+00
    1.462087074145659e+01      0.000000000000000e+00
    1.462462074145659e+01      9.039548022598527e+00
    1.462837074145659e+01      0.000000000000000e+00
    1.463212074145659e+01      0.000000000000000e+00
    1.463587074145659e+01      0.000000000000000e+00
    1.463962074145659e+01      0.000000000000000e+00
    1.464337074145659e+01      0.000000000000000e+00
    1.464712074145659e+01      0.000000000000000e+00
    1.465087074145660e+01      0.000000000000000e+00
    1.465462074145660e+01      0.000000000000000e+00
    1.465837074145659e+01      0.000000000000000e+00
    1.466212074145659e+01      0.000000000000000e+00
    1.466587074145659e+01      0.000000000000000e+00
    1.466962074145659e+01      0.000000000000000e+00
    1.467337074145659e+01      0.000000000000000e+00
    1.467712074145659e+01      0.000000000000000e+00
    1.468087074145659e+01      0.000000000000000e+00
    1.468462074145659e+01      0.000000000000000e+00
    1.468837074145659e+01      0.000000000000000e+00
    1.469212074145659e+01      0.000000000000000e+00
    1.469587074145659e+01      0.000000000000000e+00
    1.469962074145660e+01      0.000000000000000e+00
    1.470337074145660e+01      0.000000000000000e+00
    1.470712074145659e+01      0.000000000000000e+00
    1.471087074145659e+01      0.000000000000000e+00
    1.471462074145659e+01      0.000000000000000e+00
    1.471837074145659e+01      0.000000000000000e+00
    1.472212074145659e+01      0.000000000000000e+00
    1.472587074145659e+01      0.000000000000000e+00
    1.472962074145659e+01      0.000000000000000e+00
    1.473337074145659e+01      0.000000000000000e+00
    1.473712074145659e+01      0.000000000000000e+00
    1.474087074145659e+01      0.000000000000000e+00
    1.474462074145660e+01      0.000000000000000e+00
    1.474837074145660e+01      0.000000000000000e+00
    1.475212074145659e+01      0.000000000000000e+00
    1.475587074145659e+01      0.000000000000000e+00
    1.475962074145659e+01      0.000000000000000e+00
    1.476337074145659e+01      0.000000000000000e+00
    1.476712074145659e+01      0.000000000000000e+00
    1.477087074145659e+01      0.000000000000000e+00
    1.477462074145659e+01      0.000000000000000e+00
    1.477837074145659e+01      0.000000000000000e+00
    1.478212074145659e+01      0.000000000000000e+00
    1.478587074145659e+01      0.000000000000000e+00
    1.478962074145659e+01      0.000000000000000e+00
    1.479337074145660e+01      0.000000000000000e+00
    1.479712074145660e+01      0.000000000000000e+00
    1.480087074145659e+01      0.000000000000000e+00
    1.480462074145659e+01      0.000000000000000e+00
    1.480837074145659e+01      0.000000000000000e+00
    1.481212074145659e+01      0.000000000000000e+00
    1.481587074145659e+01      0.000000000000000e+00
    1.481962074145659e+01      0.000000000000000e+00
    1.482337074145659e+01      0.000000000000000e+00
    1.482712074145659e+01      0.000000000000000e+00
    1.483087074145659e+01      0.000000000000000e+00
    1.483462074145659e+01      0.000000000000000e+00
    1.483837074145660e+01      0.000000000000000e+00
    1.484212074145660e+01      0.000000000000000e+00
    1.484587074145659e+01      0.000000000000000e+00
    1.484962074145659e+01      0.000000000000000e+00
    1.485337074145659e+01      0.000000000000000e+00
    1.485712074145659e+01      4.519774011299264e+00
    1.486087074145659e+01      0.000000000000000e+00
    1.486462074145659e+01      0.000000000000000e+00
    1.486837074145659e+01      0.000000000000000e+00
    1.487212074145659e+01      0.000000000000000e+00
    1.487587074145659e+01      0.000000000000000e+00
    1.487962074145659e+01      0.000000000000000e+00
    1.488337074145659e+01      0.000000000000000e+00
    1.488712074145660e+01      0.000000000000000e+00
    1.489087074145660e+01      0.000000000000000e+00
    1.489462074145659e+01      0.000000000000000e+00
    1.489837074145659e+01      0.000000000000000e+00
    1.490212074145659e+01      0.000000000000000e+00
    1.490587074145659e+01      0.000000000000000e+00
    1.490962074145659e+01      0.000000000000000e+00
    1.491337074145659e+01      0.000000000000000e+00
    1.491712074145659e+01      0.000000000000000e+00
    1.492087074145659e+01      0.000000000000000e+00
    1.492462074145659e+01      0.000000000000000e+00
    1.492837074145659e+01      0.000000000000000e+00
    1.493212074145660e+01      0.000000000000000e+00
    1.493587074145659e+01      0.000000000000000e+00
    1.493962074145659e+01      0.000000000000000e+00
    1.494337074145659e+01      0.000000000000000e+00
    1.494712074145659e+01      0.000000000000000e+00
    1.495087074145659e+01      0.000000000000000e+00
    1.495462074145659e+01      0.000000000000000e+00
    1.495837074145659e+01      0.000000000000000e+00
    1.496212074145659e+01      0.000000000000000e+00
    1.496587074145659e+01      0.000000000000000e+00
    1.496962074145659e+01      0.000000000000000e+00
    1.497337074145659e+01      0.000000000000000e+00
    1.497712074145659e+01      0.000000000000000e+00
    1.498087074145660e+01      0.000000000000000e+00
    1.498462074145660e+01      0.000000000000000e+00
    1.498837074145659e+01      0.000000000000000e+00
    1.499212074145659e+01      0.000000000000000e+00
    1.499587074145659e+01      0.000000000000000e+00
    1.499962074145659e+01      0.000000000000000e+00
    1.500337074145659e+01      0.000000000000000e+00
    1.500712074145659e+01      0.000000000000000e+00
    1.501087074145659e+01      0.000000000000000e+00
    1.501462074145659e+01      0.000000000000000e+00
    1.501837074145659e+01      0.000000000000000e+00
    1.502212074145659e+01      0.000000000000000e+00
    1.502587074145660e+01      0.000000000000000e+00
    1.502962074145659e+01      0.000000000000000e+00
    1.503337074145659e+01      0.000000000000000e+00
    1.503712074145659e+01      0.000000000000000e+00
    1.504087074145659e+01      0.000000000000000e+00
    1.504462074145659e+01      0.000000000000000e+00
    1.504837074145659e+01      0.000000000000000e+00
    1.505212074145659e+01      0.000000000000000e+00
    1.505587074145659e+01      0.000000000000000e+00
    1.505962074145659e+01      0.000000000000000e+00
    1.506337074145659e+01      0.000000000000000e+00
    1.506712074145659e+01      0.000000000000000e+00
    1.507087074145659e+01      0.000000000000000e+00
    1.507462074145660e+01      0.000000000000000e+00
    1.507837074145660e+01      0.000000000000000e+00
    1.508212074145659e+01      0.000000000000000e+00
    1.508587074145659e+01      0.000000000000000e+00
    1.508962074145659e+01      9.039548022598527e+00
    1.509337074145659e+01      0.000000000000000e+00
    1.509712074145659e+01      0.000000000000000e+00
    1.510087074145659e+01      0.000000000000000e+00
    1.510462074145659e+01      0.000000000000000e+00
    1.510837074145659e+01      0.000000000000000e+00
    1.511212074145659e+01      0.000000000000000e+00
    1.511587074145659e+01      0.000000000000000e+00
    1.511962074145660e+01      0.000000000000000e+00
    1.512337074145659e+01      0.000000000000000e+00
    1.512712074145659e+01      0.000000000000000e+00
    1.513087074145659e+01      0.000000000000000e+00
    1.513462074145659e+01      0.000000000000000e+00
    1.513837074145659e+01      0.000000000000000e+00
    1.514212074145659e+01      0.000000000000000e+00
    1.514587074145659e+01      0.000000000000000e+00
    1.514962074145659e+01      0.000000000000000e+00
    1.515337074145659e+01      0.000000000000000e+00
    1.515712074145659e+01      0.000000000000000e+00
    1.516087074145659e+01      0.000000000000000e+00
    1.516462074145659e+01      0.000000000000000e+00
    1.516837074145660e+01      0.000000000000000e+00
    1.517212074145660e+01      0.000000000000000e+00
    1.517587074145659e+01      0.000000000000000e+00
    1.517962074145659e+01      0.000000000000000e+00
    1.518337074145659e+01      0.000000000000000e+00
    1.518712074145659e+01      0.000000000000000e+00
    1.519087074145659e+01      0.000000000000000e+00
    1.519462074145659e+01      0.000000000000000e+00
    1.519837074145659e+01      0.000000000000000e+00
    1.520212074145659e+01      0.000000000000000e+00
    1.520587074145659e+01      0.000000000000000e+00
    1.520962074145659e+01      0.000000000000000e+00
    1.521337074145660e+01      0.000000000000000e+00
    1.521712074145659e+01      0.000000000000000e+00
    1.522087074145659e+01      0.000000000000000e+00
    1.522462074145659e+01      0.000000000000000e+00
    1.522837074145659e+01      0.000000000000000e+00
    1.523212074145659e+01      0.000000000000000e+00
    1.523587074145659e+01      0.000000000000000e+00
    1.523962074145659e+01      0.000000000000000e+00
    1.524337074145659e+01      0.000000000000000e+00
    1.524712074145659e+01      0.000000000000000e+00
    1.525087074145659e+01      0.000000000000000e+00
    1.525462074145659e+01      0.000000000000000e+00
    1.525837074145659e+01      0.000000000000000e+00
    1.526212074145660e+01      0.000000000000000e+00
    1.526587074145660e+01      0.000000000000000e+00
    1.526962074145659e+01      0.000000000000000e+00
    1.527337074145659e+01      0.000000000000000e+00
    1.527712074145659e+01      0.000000000000000e+00
    1.528087074145659e+01      0.000000000000000e+00
    1.528462074145659e+01      0.000000000000000e+00
    1.528837074145659e+01      0.000000000000000e+00
    1.529212074145659e+01      0.000000000000000e+00
    1.529587074145659e+01      0.000000000000000e+00
    1.529962074145659e+01      0.000000000000000e+00
    1.530337074145659e+01      0.000000000000000e+00
    1.530712074145660e+01      0.000000000000000e+00
    1.531087074145659e+01      0.000000000000000e+00
    1.531462074145659e+01      0.000000000000000e+00
    1.531837074145659e+01      0.000000000000000e+00
    1.532212074145659e+01      4.519774011299264e+00
    1.532587074145659e+01      0.000000000000000e+00
    1.532962074145659e+01      0.000000000000000e+00
    1.533337074145659e+01      0.000000000000000e+00
    1.533712074145659e+01      0.000000000000000e+00
    1.534087074145659e+01      0.000000000000000e+00
    1.534462074145659e+01      0.000000000000000e+00
    1.534837074145659e+01      0.000000000000000e+00
    1.535212074145659e+01      0.000000000000000e+00
    1.535587074145660e+01      0.000000000000000e+00
    1.535962074145660e+01      0.000000000000000e+00
    1.536337074145659e+01      0.000000000000000e+00
    1.536712074145659e+01      0.000000000000000e+00
    1.537087074145659e+01      0.000000000000000e+00
    1.537462074145659e+01      0.000000000000000e+00
    1.537837074145659e+01      0.000000000000000e+00
    1.538212074145659e+01      0.000000000000000e+00
    1.538587074145659e+01      0.000000000000000e+00
    1.538962074145659e+01      0.000000000000000e+00
    1.539337074145659e+01      0.000000000000000e+00
    1.539712074145659e+01      0.000000000000000e+00
    1.540087074145660e+01      0.000000000000000e+00
    1.540462074145659e+01      0.000000000000000e+00
    1.540837074145659e+01      0.000000000000000e+00
    1.541212074145659e+01      0.000000000000000e+00
    1.541587074145659e+01      0.000000000000000e+00
    1.541962074145659e+01      0.000000000000000e+00
    1.542337074145659e+01      0.000000000000000e+00
    1.542712074145659e+01      0.000000000000000e+00
    1.543087074145659e+01      0.000000000000000e+00
    1.543462074145659e+01      0.000000000000000e+00
    1.543837074145659e+01      0.000000000000000e+00
    1.544212074145659e+01      0.000000000000000e+00
    1.544587074145659e+01      0.000000000000000e+00
    1.544962074145660e+01      0.000000000000000e+00
    1.545337074145660e+01      0.000000000000000e+00
    1.545712074145659e+01      0.000000000000000e+00
    1.546087074145659e+01      0.000000000000000e+00
    1.546462074145659e+01      0.000000000000000e+00
    1.546837074145659e+01      0.000000000000000e+00
    1.547212074145659e+01      0.000000000000000e+00
    1.547587074145659e+01      0.000000000000000e+00
    1.547962074145659e+01      0.000000000000000e+00
    1.548337074145659e+01      0.000000000000000e+00
    1.548712074145659e+01      0.000000000000000e+00
    1.549087074145659e+01      0.000000000000000e+00
    1.549462074145660e+01      0.000000000000000e+00
    1.549837074145659e+01      0.000000000000000e+00
    1.550212074145659e+01      0.000000000000000e+00
    1.550587074145659e+01      0.000000000000000e+00
    1.550962074145659e+01      0.000000000000000e+00
    1.551337074145659e+01      0.000000000000000e+00
    1.551712074145659e+01      0.000000000000000e+00
    1.552087074145659e+01      0.000000000000000e+00
    1.552462074145659e+01      0.000000000000000e+00
    1.552837074145659e+01      0.000000000000000e+00
    1.553212074145659e+01      0.000000000000000e+00
    1.553587074145659e+01      0.000000000000000e+00
    1.553962074145659e+01      0.000000000000000e+00
    1.554337074145660e+01      0.000000000000000e+00
    1.554712074145660e+01      0.000000000000000e+00
    1.555087074145659e+01      9.039548022598527e+00
    1.555462074145659e+01      0.000000000000000e+00
    1.555837074145659e+01      0.000000000000000e+00
    1.556212074145659e+01      0.000000000000000e+00
    1.556587074145659e+01      0.000000000000000e+00
    1.556962074145659e+01      0.000000000000000e+00
    1.557337074145659e+01      0.000000000000000e+00
    1.557712074145659e+01      0.000000000000000e+00
    1.558087074145659e+01      0.000000000000000e+00
    1.558462074145659e+01      0.000000000000000e+00
    1.558837074145660e+01      0.000000000000000e+00
    1.559212074145659e+01      0.000000000000000e+00
    1.559587074145659e+01      0.000000000000000e+00
    1.559962074145659e+01      0.000000000000000e+00
    1.560337074145659e+01      0.000000000000000e+00
    1.560712074145659e+01      0.000000000000000e+00
    1.561087074145659e+01      0.000000000000000e+00
    1.561462074145659e+01      0.000000000000000e+00
    1.561837074145659e+01      0.000000000000000e+00
    1.562212074145659e+01      0.000000000000000e+00
    1.562587074145659e+01      0.000000000000000e+00
    1.562962074145659e+01      0.000000000000000e+00
    1.563337074145659e+01      0.000000000000000e+00
    1.563712074145660e+01      0.000000000000000e+00
    1.564087074145660e+01      0.000000000000000e+00
    1.564462074145659e+01      0.000000000000000e+00
    1.564837074145659e+01      0.000000000000000e+00
    1.565212074145659e+01      0.000000000000000e+00
    1.565587074145659e+01      0.000000000000000e+00
    1.565962074145659e+01      0.000000000000000e+00
    1.566337074145659e+01      0.000000000000000e+00
    1.566712074145659e+01      0.000000000000000e+00
    1.567087074145659e+01      0.000000000000000e+00
    1.567462074145659e+01      0.000000000000000e+00
    1.567837074145659e+01      0.000000000000000e+00
    1.568212074145660e+01      0.000000000000000e+00
    1.568587074145659e+01      0.000000000000000e+00
    1.568962074145659e+01      0.000000000000000e+00
    1.569337074145659e+01      0.000000000000000e+00
    1.569712074145659e+01      0.000000000000000e+00
    1.570087074145659e+01      0.000000000000000e+00
    1.570462074145659e+01      0.000000000000000e+00
    1.570837074145659e+01      0.000000000000000e+00
    1.571212074145659e+01      0.000000000000000e+00
    1.571587074145659e+01      0.000000000000000e+00
    1.571962074145659e+01      0.000000000000000e+00
    1.572337074145659e+01      0.000000000000000e+00
    1.572712074145659e+01      0.000000000000000e+00
    1.573087074145660e+01      0.000000000000000e+00
    1.573462074145660e+01      0.000000000000000e+00
    1.573837074145659e+01      0.000000000000000e+00
    1.574212074145659e+01      0.000000000000000e+00
    1.574587074145659e+01      0.000000000000000e+00
    1.574962074145659e+01      0.000000000000000e+00
    1.575337074145659e+01      0.000000000000000e+00
    1.575712074145659e+01      0.000000000000000e+00
    1.576087074145659e+01      0.000000000000000e+00
    1.576462074145659e+01      0.000000000000000e+00
    1.576837074145659e+01      0.000000000000000e+00
    1.577212074145659e+01      0.000000000000000e+00
    1.577587074145660e+01      0.000000000000000e+00
    1.577962074145659e+01      0.000000000000000e+00
    1.578337074145659e+01      4.519774011299264e+00
    1.578712074145659e+01      0.000000000000000e+00
    1.579087074145659e+01      0.000000000000000e+00
    1.579462074145659e+01      0.000000000000000e+00
    1.579837074145659e+01      0.000000000000000e+00
    1.580212074145659e+01      0.000000000000000e+00
    1.580587074145659e+01      0.000000000000000e+00
    1.580962074145659e+01      0.000000000000000e+00
    1.581337074145659e+01      0.000000000000000e+00
    1.581712074145659e+01      0.000000000000000e+00
    1.582087074145659e+01      0.000000000000000e+00
    1.582462074145660e+01      0.000000000000000e+00
    1.582837074145660e+01      0.000000000000000e+00
    1.583212074145659e+01      0.000000000000000e+00
    1.583587074145659e+01      0.000000000000000e+00
    1.583962074145659e+01      0.000000000000000e+00
    1.584337074145659e+01      0.000000000000000e+00
    1.584712074145659e+01      0.000000000000000e+00
    1.585087074145659e+01      0.000000000000000e+00
    1.585462074145659e+01      0.000000000000000e+00
    1.585837074145659e+01      0.000000000000000e+00
    1.586212074145659e+01      0.000000000000000e+00
    1.586587074145659e+01      0.000000000000000e+00
    1.586962074145660e+01      0.000000000000000e+00
    1.587337074145659e+01      0.000000000000000e+00
    1.587712074145659e+01      0.000000000000000e+00
    1.588087074145659e+01      0.000000000000000e+00
    1.588462074145659e+01      0.000000000000000e+00
    1.588837074145659e+01      0.000000000000000e+00
    1.589212074145659e+01      0.000000000000000e+00
    1.589587074145659e+01      0.000000000000000e+00
    1.589962074145659e+01      0.000000000000000e+00
    1.590337074145659e+01      0.000000000000000e+00
    1.590712074145659e+01      0.000000000000000e+00
    1.591087074145659e+01      0.000000000000000e+00
    1.591462074145659e+01      0.000000000000000e+00
    1.591837074145660e+01      0.000000000000000e+00
    1.592212074145660e+01      0.000000000000000e+00
    1.592587074145659e+01      0.000000000000000e+00
    1.592962074145659e+01      0.000000000000000e+00
    1.593337074145659e+01      0.000000000000000e+00
    1.593712074145659e+01      0.000000000000000e+00
    1.594087074145659e+01      0.000000000000000e+00
    1.594462074145659e+01      0.000000000000000e+00
    1.594837074145659e+01      0.000000000000000e+00
    1.595212074145659e+01      0.000000000000000e+00
    1.595587074145659e+01      0.000000000000000e+00
    1.595962074145659e+01      0.000000000000000e+00
    1.596337074145659e+01      0.000000000000000e+00
    1.596712074145659e+01      0.000000000000000e+00
    1.597087074145659e+01      0.000000000000000e+00
    1.597462074145659e+01      0.000000000000000e+00
    1.597837074145659e+01      0.000000000000000e+00
    1.598212074145659e+01      0.000000000000000e+00
    1.598587074145659e+01      0.000000000000000e+00
    1.598962074145659e+01      0.000000000000000e+00
    1.599337074145659e+01      0.000000000000000e+00
    1.599712074145659e+01      0.000000000000000e+00
    1.600087074145659e+01      0.000000000000000e+00
    1.600462074145659e+01      0.000000000000000e+00
    1.600837074145659e+01      0.000000000000000e+00
    1.601212074145660e+01      0.000000000000000e+00
    1.601587074145660e+01      9.039548022598527e+00
    1.601962074145660e+01      0.000000000000000e+00
    1.602337074145660e+01      0.000000000000000e+00
    1.602712074145660e+01      0.000000000000000e+00
    1.603087074145660e+01      0.000000000000000e+00
    1.603462074145659e+01      0.000000000000000e+00
    1.603837074145660e+01      0.000000000000000e+00
    1.604212074145659e+01      0.000000000000000e+00
    1.604587074145659e+01      0.000000000000000e+00
    1.604962074145659e+01      0.000000000000000e+00
    1.605337074145659e+01      0.000000000000000e+00
    1.605712074145659e+01      0.000000000000000e+00
    1.606087074145659e+01      0.000000000000000e+00
    1.606462074145659e+01      0.000000000000000e+00
    1.606837074145659e+01      0.000000000000000e+00
    1.607212074145659e+01      0.000000000000000e+00
    1.607587074145659e+01      0.000000000000000e+00
    1.607962074145659e+01      0.000000000000000e+00
    1.608337074145659e+01      0.000000000000000e+00
    1.608712074145659e+01      0.000000000000000e+00
    1.609087074145659e+01      0.000000000000000e+00
    1.609462074145659e+01      0.000000000000000e+00
    1.609837074145659e+01      0.000000000000000e+00
    1.610212074145659e+01      0.000000000000000e+00
    1.610587074145660e+01      0.000000000000000e+00
    1.610962074145660e+01      0.000000000000000e+00
    1.611337074145660e+01      0.000000000000000e+00
    1.611712074145660e+01      0.000000000000000e+00
    1.612087074145660e+01      0.000000000000000e+00
    1.612462074145660e+01      0.000000000000000e+00
    1.612837074145659e+01      0.000000000000000e+00
    1.613212074145660e+01      0.000000000000000e+00
    1.613587074145659e+01      0.000000000000000e+00
    1.613962074145659e+01      0.000000000000000e+00
    1.614337074145659e+01      0.000000000000000e+00
    1.614712074145659e+01      0.000000000000000e+00
    1.615087074145659e+01      0.000000000000000e+00
    1.615462074145659e+01      0.000000000000000e+00
    1.615837074145659e+01      0.000000000000000e+00
    1.616212074145659e+01      0.000000000000000e+00
    1.616587074145659e+01      0.000000000000000e+00
    1.616962074145659e+01      0.000000000000000e+00
    1.617337074145659e+01      0.000000000000000e+00
    1.617712074145659e+01      0.000000000000000e+00
    1.618087074145659e+01      0.000000000000000e+00
    1.618462074145659e+01      0.000000000000000e+00
    1.618837074145659e+01      0.000000000000000e+00
    1.619212074145659e+01      0.000000000000000e+00
    1.619587074145659e+01      0.000000000000000e+00
    1.619962074145660e+01      0.000000000000000e+00
    1.620337074145660e+01      0.000000000000000e+00
    1.620712074145660e+01      0.000000000000000e+00
    1.621087074145660e+01      0.000000000000000e+00
    1.621462074145660e+01      0.000000000000000e+00
    1.621837074145660e+01      0.000000000000000e+00
    1.622212074145659e+01      0.000000000000000e+00
    1.622587074145660e+01      0.000000000000000e+00
    1.622962074145659e+01      0.000000000000000e+00
    1.623337074145659e+01      0.000000000000000e+00
    1.623712074145659e+01      0.000000000000000e+00
    1.624087074145659e+01      0.000000000000000e+00
    1.624462074145659e+01      0.000000000000000e+00
    1.624837074145659e+01      4.519774011299264e+00
    1.625212074145659e+01      0.000000000000000e+00
    1.625587074145659e+01      0.000000000000000e+00
    1.625962074145659e+01      0.000000000000000e+00
    1.626337074145659e+01      0.000000000000000e+00
    1.626712074145659e+01      0.000000000000000e+00
    1.627087074145659e+01      0.000000000000000e+00
    1.627462074145659e+01      0.000000000000000e+00
    1.627837074145659e+01      0.000000000000000e+00
    1.628212074145659e+01      0.000000000000000e+00
    1.628587074145659e+01      0.000000000000000e+00
    1.628962074145659e+01      0.000000000000000e+00
    1.629337074145660e+01      0.000000000000000e+00
    1.629712074145660e+01      0.000000000000000e+00
    1.630087074145660e+01      0.000000000000000e+00
    1.630462074145660e+01      0.000000000000000e+00
    1.630837074145660e+01      0.000000000000000e+00
    1.631212074145660e+01      0.000000000000000e+00
    1.631587074145659e+01      0.000000000000000e+00
    1.631962074145660e+01      0.000000000000000e+00
    1.632337074145659e+01      0.000000000000000e+00
    1.632712074145659e+01      0.000000000000000e+00
    1.633087074145659e+01      0.000000000000000e+00
    1.633462074145659e+01      0.000000000000000e+00
    1.633837074145659e+01      0.000000000000000e+00
    1.634212074145659e+01      0.000000000000000e+00
    1.634587074145659e+01      0.000000000000000e+00
    1.634962074145659e+01      0.000000000000000e+00
    1.635337074145659e+01      0.000000000000000e+00
    1.635712074145659e+01      0.000000000000000e+00
    1.636087074145659e+01      0.000000000000000e+00
    1.636462074145659e+01      0.000000000000000e+00
    1.636837074145659e+01      0.000000000000000e+00
    1.637212074145659e+01      0.000000000000000e+00
    1.637587074145659e+01      0.000000000000000e+00
    1.637962074145659e+01      0.000000000000000e+00
    1.638337074145659e+01      0.000000000000000e+00
    1.638712074145660e+01      0.000000000000000e+00
    1.639087074145660e+01      0.000000000000000e+00
    1.639462074145660e+01      0.000000000000000e+00
    1.639837074145660e+01      0.000000000000000e+00
    1.640212074145660e+01      0.000000000000000e+00
    1.640587074145660e+01      0.000000000000000e+00
    1.640962074145659e+01      0.000000000000000e+00
    1.641337074145660e+01      0.000000000000000e+00
    1.641712074145659e+01      0.000000000000000e+00
    1.642087074145659e+01      0.000000000000000e+00
    1.642462074145659e+01      0.000000000000000e+00
    1.642837074145659e+01      0.000000000000000e+00
    1.643212074145659e+01      0.000000000000000e+00
    1.643587074145659e+01      0.000000000000000e+00
    1.643962074145659e+01      0.000000000000000e+00
    1.644337074145659e+01      0.000000000000000e+00
    1.644712074145659e+01      0.000000000000000e+00
    1.645087074145659e+01      0.000000000000000e+00
    1.645462074145659e+01      0.000000000000000e+00
    1.645837074145659e+01      0.000000000000000e+00
    1.646212074145659e+01      0.000000000000000e+00
    1.646587074145659e+01      0.000000000000000e+00
    1.646962074145659e+01      0.000000000000000e+00
    1.647337074145659e+01      0.000000000000000e+00
    1.647712074145659e+01      0.000000000000000e+00
    1.648087074145660e+01      9.039548022598527e+00
    1.648462074145660e+01      0.000000000000000e+00
    1.648837074145660e+01      0.000000000000000e+00
    1.649212074145660e+01      0.000000000000000e+00
    1.649587074145660e+01      0.000000000000000e+00
    1.649962074145660e+01      0.000000000000000e+00
    1.650337074145659e+01      0.000000000000000e+00
    1.650712074145660e+01      0.000000000000000e+00
    1.651087074145659e+01      0.000000000000000e+00
    1.651462074145659e+01      0.000000000000000e+00
    1.651837074145659e+01      0.000000000000000e+00
    1.652212074145659e+01      0.000000000000000e+00
    1.652587074145659e+01      0.000000000000000e+00
    1.652962074145659e+01      0.000000000000000e+00
    1.653337074145659e+01      0.000000000000000e+00
    1.653712074145659e+01      0.000000000000000e+00
    1.654087074145659e+01      0.000000000000000e+00
    1.654462074145659e+01      0.000000000000000e+00
    1.654837074145659e+01      0.000000000000000e+00
    1.655212074145659e+01      0.000000000000000e+00
    1.655587074145659e+01      0.000000000000000e+00
    1.655962074145659e+01      0.000000000000000e+00
    1.656337074145659e+01      0.000000000000000e+00
    1.656712074145659e+01      0.000000000000000e+00
    1.657087074145659e+01      0.000000000000000e+00
    1.657462074145660e+01      0.000000000000000e+00
    1.657837074145660e+01      0.000000000000000e+00
    1.658212074145660e+01      0.000000000000000e+00
    1.658587074145660e+01      0.000000000000000e+00
    1.658962074145660e+01      0.000000000000000e+00
    1.659337074145660e+01      0.000000000000000e+00
    1.659712074145659e+01      0.000000000000000e+00
    1.660087074145660e+01      0.000000000000000e+00
    1.660462074145659e+01      0.000000000000000e+00
    1.660837074145659e+01      0.000000000000000e+00
    1.661212074145659e+01      0.000000000000000e+00
    1.661587074145659e+01      0.000000000000000e+00
    1.661962074145659e+01      0.000000000000000e+00
    1.662337074145659e+01      0.000000000000000e+00
    1.662712074145659e+01      0.000000000000000e+00
    1.663087074145659e+01      0.000000000000000e+00
    1.663462074145659e+01      0.000000000000000e+00
    1.663837074145659e+01      0.000000000000000e+00
    1.664212074145659e+01      0.000000000000000e+00
    1.664587074145659e+01      0.000000000000000e+00
    1.664962074145659e+01      0.000000000000000e+00
    1.665337074145659e+01      0.000000000000000e+00
    1.665712074145659e+01      0.000000000000000e+00
    1.666087074145659e+01      0.000000000000000e+00
    1.666462074145659e+01      0.000000000000000e+00
    1.666837074145660e+01      0.000000000000000e+00
    1.667212074145660e+01      0.000000000000000e+00
    1.667587074145660e+01      0.000000000000000e+00
    1.667962074145660e+01      0.000000000000000e+00
    1.668337074145660e+01      0.000000000000000e+00
    1.668712074145660e+01      0.000000000000000e+00
    1.669087074145659e+01      0.000000000000000e+00
    1.669462074145660e+01      0.000000000000000e+00
    1.669837074145659e+01      0.000000000000000e+00
    1.670212074145659e+01      0.000000000000000e+00
    1.670587074145659e+01      0.000000000000000e+00
    1.670962074145659e+01      0.000000000000000e+00
    1.671337074145659e+01      0.000000000000000e+00
    1.671712074145659e+01      0.000000000000000e+00
    1.672087074145659e+01      0.000000000000000e+00
    1.672462074145659e+01      0.000000000000000e+00
    1.672837074145659e+01      0.000000000000000e+00
    1.673212074145659e+01      0.000000000000000e+00
    1.673587074145659e+01      0.000000000000000e+00
    1.673962074145659e+01      0.000000000000000e+00
    1.674337074145659e+01      0.000000000000000e+00
    1.674712074145659e+01      0.000000000000000e+00
    1.675087074145659e+01      0.000000000000000e+00
    1.675462074145659e+01      0.000000000000000e+00
    1.675837074145659e+01      0.000000000000000e+00
    1.676212074145660e+01      0.000000000000000e+00
    1.676587074145660e+01      0.000000000000000e+00
    1.676962074145660e+01      0.000000000000000e+00
    1.677337074145660e+01      0.000000000000000e+00
    1.677712074145660e+01      0.000000000000000e+00
    1.678087074145660e+01      0.000000000000000e+00
    1.678462074145659e+01      0.000000000000000e+00
    1.678837074145660e+01      0.000000000000000e+00
    1.679212074145659e+01      0.000000000000000e+00
    1.679587074145659e+01      0.000000000000000e+00
    1.679962074145659e+01      0.000000000000000e+00
    1.680337074145659e+01      0.000000000000000e+00
    1.680712074145659e+01      0.000000000000000e+00
    1.681087074145659e+01      0.000000000000000e+00
    1.681462074145659e+01      0.000000000000000e+00
    1.681837074145659e+01      0.000000000000000e+00
    1.682212074145659e+01      0.000000000000000e+00
    1.682587074145659e+01      0.000000000000000e+00
    1.682962074145659e+01      0.000000000000000e+00
    1.683337074145659e+01      0.000000000000000e+00
    1.683712074145659e+01      0.000000000000000e+00
    1.684087074145659e+01      0.000000000000000e+00
    1.684462074145659e+01      0.000000000000000e+00
    1.684837074145659e+01      0.000000000000000e+00
    1.685212074145659e+01      0.000000000000000e+00
    1.685587074145660e+01      0.000000000000000e+00
    1.685962074145660e+01      0.000000000000000e+00
    1.686337074145660e+01      0.000000000000000e+00
    1.686712074145660e+01      0.000000000000000e+00
    1.687087074145660e+01      0.000000000000000e+00
    1.687462074145660e+01      0.000000000000000e+00
    1.687837074145659e+01      0.000000000000000e+00
    1.688212074145660e+01      0.000000000000000e+00
    1.688587074145659e+01      0.000000000000000e+00
    1.688962074145659e+01      0.000000000000000e+00
    1.689337074145659e+01      0.000000000000000e+00
    1.689712074145659e+01      0.000000000000000e+00
    1.690087074145659e+01      0.000000000000000e+00
    1.690462074145659e+01      0.000000000000000e+00
    1.690837074145659e+01      0.000000000000000e+00
    1.691212074145659e+01      0.000000000000000e+00
    1.691587074145659e+01      0.000000000000000e+00
    1.691962074145659e+01      0.000000000000000e+00
    1.692337074145659e+01      0.000000000000000e+00
    1.692712074145659e+01      0.000000000000000e+00
    1.693087074145659e+01      0.000000000000000e+00
    1.693462074145659e+01      0.000000000000000e+00
    1.693837074145659e+01      0.000000000000000e+00
    1.694212074145659e+01      4.519774011299264e+00
    1.694587074145659e+01      0.000000000000000e+00
    1.694962074145660e+01      0.000000000000000e+00
    1.695337074145660e+01      0.000000000000000e+00
    1.695712074145660e+01      0.000000000000000e+00
    1.696087074145660e+01      0.000000000000000e+00
    1.696462074145660e+01      0.000000000000000e+00
    1.696837074145660e+01      0.000000000000000e+00
    1.697212074145659e+01      0.000000000000000e+00
    1.697587074145660e+01      0.000000000000000e+00
    1.697962074145659e+01      0.000000000000000e+00
    1.698337074145659e+01      0.000000000000000e+00
    1.698712074145659e+01      0.000000000000000e+00
    1.699087074145659e+01      0.000000000000000e+00
    1.699462074145659e+01      0.000000000000000e+00
    1.699837074145659e+01      0.000000000000000e+00
    1.700212074145659e+01      0.000000000000000e+00
    1.700587074145659e+01      0.000000000000000e+00
    1.700962074145659e+01      0.000000000000000e+00
    1.701337074145659e+01      0.000000000000000e+00
    1.701712074145659e+01      0.000000000000000e+00
    1.702087074145659e+01      0.000000000000000e+00
    1.702462074145659e+01      0.000000000000000e+00
    1.702837074145659e+01      0.000000000000000e+00
    1.703212074145659e+01      0.000000000000000e+00
    1.703587074145659e+01      0.000000000000000e+00
    1.703962074145659e+01      0.000000000000000e+00
    1.704337074145660e+01      0.000000000000000e+00
    1.704712074145660e+01      0.000000000000000e+00
    1.705087074145660e+01      0.000000000000000e+00
    1.705462074145660e+01      0.000000000000000e+00
    1.705837074145660e+01      0.000000000000000e+00
    1.706212074145660e+01      0.000000000000000e+00
    1.706587074145659e+01      0.000000000000000e+00
    1.706962074145660e+01      0.000000000000000e+00
    1.707337074145659e+01      0.000000000000000e+00
    1.707712074145659e+01      0.000000000000000e+00
    1.708087074145659e+01      0.000000000000000e+00
    1.708462074145659e+01      0.000000000000000e+00
    1.708837074145659e+01      0.000000000000000e+00
    1.709212074145659e+01      0.000000000000000e+00
    1.709587074145659e+01      0.000000000000000e+00
    1.709962074145659e+01      0.000000000000000e+00
    1.710337074145659e+01      0.000000000000000e+00
    1.710712074145659e+01      0.000000000000000e+00
    1.711087074145659e+01      0.000000000000000e+00
    1.711462074145659e+01      0.000000000000000e+00
    1.711837074145659e+01      0.000000000000000e+00
    1.712212074145659e+01      0.000000000000000e+00
    1.712587074145659e+01      0.000000000000000e+00
    1.712962074145659e+01      0.000000000000000e+00
    1.713337074145659e+01      0.000000000000000e+00
    1.713712074145660e+01      0.000000000000000e+00
    1.714087074145660e+01      0.000000000000000e+00
    1.714462074145660e+01      0.000000000000000e+00
    1.714837074145660e+01      0.000000000000000e+00
    1.715212074145660e+01      0.000000000000000e+00
    1.715587074145660e+01      0.000000000000000e+00
    1.715962074145659e+01      0.000000000000000e+00
    1.716337074145660e+01      0.000000000000000e+00
    1.716712074145659e+01      0.000000000000000e+00
    1.717087074145659e+01      0.000000000000000e+00
    1.717462074145659e+01      0.000000000000000e+00
    1.717837074145659e+01      0.000000000000000e+00
    1.718212074145659e+01      0.000000000000000e+00
    1.718587074145659e+01      0.000000000000000e+00
    1.718962074145659e+01      0.000000000000000e+00
    1.719337074145659e+01      0.000000000000000e+00
    1.719712074145659e+01      0.000000000000000e+00
    1.720087074145659e+01      0.000000000000000e+00
    1.720462074145659e+01      0.000000000000000e+00
    1.720837074145659e+01      0.000000000000000e+00
    1.721212074145659e+01      0.000000000000000e+00
    1.721587074145659e+01      0.000000000000000e+00
    1.721962074145659e+01      0.000000000000000e+00
    1.722337074145659e+01      0.000000000000000e+00
    1.722712074145659e+01      0.000000000000000e+00
    1.723087074145660e+01      0.000000000000000e+00
    1.723462074145660e+01      0.000000000000000e+00
    1.723837074145660e+01      0.000000000000000e+00
    1.724212074145660e+01      0.000000000000000e+00
    1.724587074145660e+01      0.000000000000000e+00
    1.724962074145660e+01      0.000000000000000e+00
    1.725337074145659e+01      0.000000000000000e+00
    1.725712074145660e+01      0.000000000000000e+00
    1.726087074145659e+01      0.000000000000000e+00
    1.726462074145659e+01      0.000000000000000e+00
    1.726837074145659e+01      0.000000000000000e+00
    1.727212074145659e+01      0.000000000000000e+00
    1.727587074145659e+01      0.000000000000000e+00
    1.727962074145659e+01      0.000000000000000e+00
    1.728337074145659e+01      0.000000000000000e+00
    1.728712074145659e+01      0.000000000000000e+00
    1.729087074145659e+01      0.000000000000000e+00
    1.729462074145659e+01      0.000000000000000e+00
    1.729837074145659e+01      0.000000000000000e+00
    1.730212074145659e+01      0.000000000000000e+00
    1.730587074145659e+01      0.000000000000000e+00
    1.730962074145659e+01      0.000000000000000e+00
    1.731337074145659e+01      0.000000000000000e+00
    1.731712074145659e+01      0.000000000000000e+00
    1.732087074145659e+01      0.000000000000000e+00
    1.732462074145660e+01      0.000000000000000e+00
    1.732837074145660e+01      0.000000000000000e+00
    1.733212074145660e+01      0.000000000000000e+00
    1.733587074145660e+01      0.000000000000000e+00
    1.733962074145660e+01      0.000000000000000e+00
    1.734337074145660e+01      0.000000000000000e+00
    1.734712074145659e+01      0.000000000000000e+00
    1.735087074145660e+01      0.000000000000000e+00
    1.735462074145659e+01      0.000000000000000e+00
    1.735837074145659e+01      0.000000000000000e+00
    1.736212074145659e+01      0.000000000000000e+00
    1.736587074145659e+01      0.000000000000000e+00
    1.736962074145659e+01      0.000000000000000e+00
    1.737337074145659e+01      0.000000000000000e+00
    1.737712074145659e+01      0.000000000000000e+00
    1.738087074145659e+01      0.000000000000000e+00
    1.738462074145659e+01      0.000000000000000e+00
    1.738837074145659e+01      0.000000000000000e+00
    1.739212074145659e+01      0.000000000000000e+00
    1.739587074145659e+01      0.000000000000000e+00
    1.739962074145659e+01      0.000000000000000e+00
    1.740337074145659e+01      0.000000000000000e+00
    1.740712074145659e+01      0.000000000000000e+00
    1.741087074145659e+01      0.000000000000000e+00
    1.741462074145659e+01      0.000000000000000e+00
    1.741837074145660e+01      4.519774011299264e+00
    1.742212074145660e+01      0.000000000000000e+00
    1.742587074145660e+01      9.039548022598527e+00
    1.742962074145660e+01      0.000000000000000e+00
    1.743337074145660e+01      4.519774011299264e+00
    1.743712074145660e+01      0.000000000000000e+00
    1.744087074145659e+01      0.000000000000000e+00
    1.744462074145660e+01      1.807909604521418e+01
    1.744837074145659e+01      0.000000000000000e+00
    1.745212074145659e+01      4.519774011299264e+00
    1.745587074145659e+01      0.000000000000000e+00
    1.745962074145659e+01      0.000000000000000e+00
    1.746337074145659e+01      9.039548022598527e+00
    1.746712074145659e+01      0.000000000000000e+00
    1.747087074145659e+01      4.519774011299264e+00
    1.747462074145659e+01      0.000000000000000e+00
    1.747837074145659e+01      4.519774011299264e+00
    1.748212074145659e+01      0.000000000000000e+00
    1.748587074145659e+01      4.519774011299264e+00
    1.748962074145659e+01      9.039548022598527e+00
    1.749337074145659e+01      4.519774011299264e+00
    1.749712074145659e+01      9.039548022598527e+00
    1.750087074145659e+01      0.000000000000000e+00
    1.750462074145659e+01      0.000000000000000e+00
    1.750837074145659e+01      4.519774011299264e+00
    1.751212074145660e+01      0.000000000000000e+00
    1.751587074145660e+01      1.807909604519705e+01
    1.751962074145660e+01      0.000000000000000e+00
    1.752337074145660e+01      4.519774011299264e+00
    1.752712074145660e+01      0.000000000000000e+00
    1.753087074145660e+01      0.000000000000000e+00
    1.753462074145659e+01      9.039548022589962e+00
    1.753837074145660e+01      0.000000000000000e+00
    1.754212074145659e+01      4.519774011299264e+00
    1.754587074145659e+01      0.000000000000000e+00
    1.754962074145659e+01      0.000000000000000e+00
    1.755337074145659e+01      0.000000000000000e+00
    1.755712074145659e+01      0.000000000000000e+00
    1.756087074145659e+01      0.000000000000000e+00
    1.756462074145659e+01      0.000000000000000e+00
    1.756837074145659e+01      0.000000000000000e+00
    1.757212074145659e+01      4.519774011299264e+00
    1.757587074145659e+01      0.000000000000000e+00
    1.757962074145659e+01      0.000000000000000e+00
    1.758337074145659e+01      0.000000000000000e+00
    1.758712074145659e+01      9.039548022598527e+00
    1.759087074145659e+01      0.000000000000000e+00
    1.759462074145659e+01      0.000000000000000e+00
    1.759837074145659e+01      0.000000000000000e+00
    1.760212074145659e+01      0.000000000000000e+00
    1.760587074145660e+01      4.519774011299264e+00
    1.760962074145660e+01      0.000000000000000e+00
    1.761337074145660e+01      0.000000000000000e+00
    1.761712074145660e+01      0.000000000000000e+00
    1.762087074145660e+01      0.000000000000000e+00
    1.762462074145660e+01      1.807909604521418e+01
    1.762837074145659e+01      0.000000000000000e+00
    1.763212074145660e+01      0.000000000000000e+00
    1.763587074145659e+01      0.000000000000000e+00
    1.763962074145659e+01      0.000000000000000e+00
    1.764337074145659e+01      4.519774011299264e+00
    1.764712074145659e+01      0.000000000000000e+00
    1.765087074145659e+01      0.000000000000000e+00
    1.765462074145659e+01      0.000000000000000e+00
    1.765837074145659e+01      0.000000000000000e+00
    1.766212074145659e+01      9.039548022598527e+00
    1.766587074145659e+01      0.000000000000000e+00
    1.766962074145659e+01      0.000000000000000e+00
    1.767337074145659e+01      0.000000000000000e+00
    1.767712074145659e+01      4.519774011299264e+00
