                     bin:                     prob.:
    1.785367435188285e+00      2.421307506053305e+00
    1.792367435188285e+00      0.000000000000000e+00
    1.799367435188285e+00      0.000000000000000e+00
    1.806367435188285e+00      0.000000000000000e+00
    1.813367435188285e+00      0.000000000000000e+00
    1.820367435188285e+00      0.000000000000000e+00
    1.827367435188285e+00      0.000000000000000e+00
    1.834367435188285e+00      0.000000000000000e+00
    1.841367435188285e+00      0.000000000000000e+00
    1.848367435188285e+00      0.000000000000000e+00
    1.855367435188285e+00      0.000000000000000e+00
    1.862367435188285e+00      0.000000000000000e+00
    1.869367435188285e+00      0.000000000000000e+00
    1.876367435188285e+00      0.000000000000000e+00
    1.883367435188285e+00      0.000000000000000e+00
    1.890367435188285e+00      0.000000000000000e+00
    1.897367435188285e+00      0.000000000000000e+00
    1.904367435188285e+00      0.000000000000000e+00
    1.911367435188285e+00      0.000000000000000e+00
    1.918367435188285e+00      0.000000000000000e+00
    1.925367435188285e+00      0.000000000000000e+00
    1.932367435188285e+00      0.000000000000000e+00
    1.939367435188285e+00      0.000000000000000e+00
    1.946367435188285e+00      0.000000000000000e+00
    1.953367435188285e+00      0.000000000000000e+00
    1.960367435188285e+00      0.000000000000000e+00
    1.967367435188285e+00      0.000000000000000e+00
    1.974367435188285e+00      0.000000000000000e+00
    1.981367435188285e+00      0.000000000000000e+00
    1.988367435188285e+00      0.000000000000000e+00
    1.995367435188285e+00      0.000000000000000e+00
    2.002367435188285e+00      0.000000000000000e+00
    2.009367435188286e+00      0.000000000000000e+00
    2.016367435188285e+00      0.000000000000000e+00
    2.023367435188285e+00      0.000000000000000e+00
    2.030367435188285e+00      0.000000000000000e+00
    2.037367435188285e+00      0.000000000000000e+00
    2.044367435188285e+00      0.000000000000000e+00
    2.051367435188285e+00      0.000000000000000e+00
    2.058367435188285e+00      0.000000000000000e+00
    2.065367435188285e+00      0.000000000000000e+00
    2.072367435188285e+00      0.000000000000000e+00
    2.079367435188285e+00      0.000000000000000e+00
    2.086367435188285e+00      0.000000000000000e+00
    2.093367435188285e+00      0.000000000000000e+00
    2.100367435188285e+00      0.000000000000000e+00
    2.107367435188285e+00      0.000000000000000e+00
    2.114367435188285e+00      0.000000000000000e+00
    2.121367435188285e+00      0.000000000000000e+00
    2.128367435188285e+00      0.000000000000000e+00
    2.135367435188285e+00      0.000000000000000e+00
    2.142367435188286e+00      0.000000000000000e+00
    2.149367435188285e+00      0.000000000000000e+00
    2.156367435188285e+00      0.000000000000000e+00
    2.163367435188285e+00      0.000000000000000e+00
    2.170367435188285e+00      0.000000000000000e+00
    2.177367435188285e+00      0.000000000000000e+00
    2.184367435188285e+00      0.000000000000000e+00
    2.191367435188285e+00      0.000000000000000e+00
    2.198367435188285e+00      0.000000000000000e+00
    2.205367435188285e+00      0.000000000000000e+00
    2.212367435188285e+00      0.000000000000000e+00
    2.219367435188285e+00      0.000000000000000e+00
    2.226367435188285e+00      0.000000000000000e+00
    2.233367435188285e+00      0.000000000000000e+00
    2.240367435188285e+00      0.000000000000000e+00
    2.247367435188285e+00      0.000000000000000e+00
    2.254367435188285e+00      0.000000000000000e+00
    2.261367435188285e+00      0.000000000000000e+00
    2.268367435188285e+00      0.000000000000000e+00
    2.275367435188285e+00      0.000000000000000e+00
    2.282367435188285e+00      0.000000000000000e+00
    2.289367435188285e+00      0.000000000000000e+00
    2.296367435188285e+00      0.000000000000000e+00
    2.303367435188285e+00      0.000000000000000e+00
    2.310367435188285e+00      0.000000000000000e+00
    2.317367435188285e+00      0.000000000000000e+00
    2.324367435188285e+00      0.000000000000000e+00
    2.331367435188285e+00      0.000000000000000e+00
    2.338367435188285e+00      0.000000000000000e+00
    2.345367435188285e+00      0.000000000000000e+00
    2.352367435188286e+00      0.000000000000000e+00
    2.359367435188285e+00      0.000000000000000e+00
    2.366367435188285e+00      0.000000000000000e+00
    2.373367435188285e+00      0.000000000000000e+00
    2.380367435188285e+00      0.000000000000000e+00
    2.387367435188285e+00      0.000000000000000e+00
    2.394367435188285e+00      0.000000000000000e+00
    2.401367435188285e+00      0.000000000000000e+00
    2.408367435188285e+00      0.000000000000000e+00
    2.415367435188285e+00      0.000000000000000e+00
    2.422367435188285e+00      0.000000000000000e+00
    2.429367435188285e+00      0.000000000000000e+00
    2.436367435188285e+00      0.000000000000000e+00
    2.443367435188285e+00      0.000000000000000e+00
    2.450367435188285e+00      0.000000000000000e+00
    2.457367435188285e+00      0.000000000000000e+00
    2.464367435188285e+00      0.000000000000000e+00
    2.471367435188285e+00      0.000000000000000e+00
    2.478367435188285e+00      0.000000000000000e+00
    2.485367435188286e+00      0.000000000000000e+00
    2.492367435188285e+00      0.000000000000000e+00
    2.499367435188285e+00      0.000000000000000e+00
    2.506367435188285e+00      0.000000000000000e+00
    2.513367435188285e+00      0.000000000000000e+00
    2.520367435188285e+00      0.000000000000000e+00
    2.527367435188285e+00      0.000000000000000e+00
    2.534367435188285e+00      0.000000000000000e+00
    2.541367435188285e+00      0.000000000000000e+00
    2.548367435188285e+00      0.000000000000000e+00
    2.555367435188285e+00      0.000000000000000e+00
    2.562367435188285e+00      0.000000000000000e+00
    2.569367435188285e+00      4.842615012106457e+00
    2.576367435188285e+00      0.000000000000000e+00
    2.583367435188285e+00      0.000000000000000e+00
    2.590367435188285e+00      0.000000000000000e+00
    2.597367435188285e+00      0.000000000000000e+00
    2.604367435188285e+00      0.000000000000000e+00
    2.611367435188285e+00      0.000000000000000e+00
    2.618367435188286e+00      0.000000000000000e+00
    2.625367435188285e+00      0.000000000000000e+00
    2.632367435188285e+00      0.000000000000000e+00
    2.639367435188285e+00      0.000000000000000e+00
    2.646367435188285e+00      0.000000000000000e+00
    2.653367435188285e+00      0.000000000000000e+00
    2.660367435188285e+00      0.000000000000000e+00
    2.667367435188285e+00      0.000000000000000e+00
    2.674367435188285e+00      0.000000000000000e+00
    2.681367435188285e+00      0.000000000000000e+00
    2.688367435188285e+00      0.000000000000000e+00
    2.695367435188285e+00      0.000000000000000e+00
    2.702367435188285e+00      0.000000000000000e+00
    2.709367435188285e+00      0.000000000000000e+00
    2.716367435188285e+00      0.000000000000000e+00
    2.723367435188285e+00      0.000000000000000e+00
    2.730367435188285e+00      0.000000000000000e+00
    2.737367435188285e+00      0.000000000000000e+00
    2.744367435188285e+00      0.000000000000000e+00
    2.751367435188285e+00      0.000000000000000e+00
    2.758367435188285e+00      0.000000000000000e+00
    2.765367435188285e+00      0.000000000000000e+00
    2.772367435188285e+00      0.000000000000000e+00
    2.779367435188285e+00      0.000000000000000e+00
    2.786367435188285e+00      0.000000000000000e+00
    2.793367435188285e+00      0.000000000000000e+00
    2.800367435188285e+00      0.000000000000000e+00
    2.807367435188285e+00      0.000000000000000e+00
    2.814367435188285e+00      0.000000000000000e+00
    2.821367435188285e+00      0.000000000000000e+00
    2.828367435188285e+00      0.000000000000000e+00
    2.835367435188285e+00      0.000000000000000e+00
    2.842367435188285e+00      0.000000000000000e+00
    2.849367435188285e+00      0.000000000000000e+00
    2.856367435188285e+00      0.000000000000000e+00
    2.863367435188285e+00      0.000000000000000e+00
    2.870367435188285e+00      0.000000000000000e+00
    2.877367435188285e+00      0.000000000000000e+00
    2.884367435188286e+00      0.000000000000000e+00
    2.891367435188285e+00      0.000000000000000e+00
    2.898367435188285e+00      0.000000000000000e+00
    2.905367435188285e+00      0.000000000000000e+00
    2.912367435188285e+00      0.000000000000000e+00
    2.919367435188285e+00      0.000000000000000e+00
    2.926367435188285e+00      0.000000000000000e+00
    2.933367435188285e+00      0.000000000000000e+00
    2.940367435188285e+00      0.000000000000000e+00
    2.947367435188285e+00      0.000000000000000e+00
    2.954367435188285e+00      0.000000000000000e+00
    2.961367435188285e+00      0.000000000000000e+00
    2.968367435188285e+00      0.000000000000000e+00
    2.975367435188285e+00      0.000000000000000e+00
    2.982367435188285e+00      0.000000000000000e+00
    2.989367435188285e+00      0.000000000000000e+00
    2.996367435188285e+00      0.000000000000000e+00
    3.003367435188285e+00      0.000000000000000e+00
    3.010367435188285e+00      0.000000000000000e+00
    3.017367435188285e+00      0.000000000000000e+00
    3.024367435188285e+00      0.000000000000000e+00
    3.031367435188285e+00      0.000000000000000e+00
    3.038367435188285e+00      0.000000000000000e+00
    3.045367435188285e+00      0.000000000000000e+00
    3.052367435188285e+00      0.000000000000000e+00
    3.059367435188285e+00      0.000000000000000e+00
    3.066367435188285e+00      0.000000000000000e+00
    3.073367435188285e+00      0.000000000000000e+00
    3.080367435188285e+00      0.000000000000000e+00
    3.087367435188285e+00      0.000000000000000e+00
    3.094367435188285e+00      0.000000000000000e+00
    3.101367435188285e+00      0.000000000000000e+00
    3.108367435188285e+00      0.000000000000000e+00
    3.115367435188285e+00      0.000000000000000e+00
    3.122367435188285e+00      0.000000000000000e+00
    3.129367435188285e+00      0.000000000000000e+00
    3.136367435188285e+00      0.000000000000000e+00
    3.143367435188285e+00      0.000000000000000e+00
    3.150367435188285e+00      0.000000000000000e+00
    3.157367435188285e+00      0.000000000000000e+00
    3.164367435188285e+00      0.000000000000000e+00
    3.171367435188285e+00      0.000000000000000e+00
    3.178367435188285e+00      0.000000000000000e+00
    3.185367435188285e+00      0.000000000000000e+00
    3.192367435188285e+00      0.000000000000000e+00
    3.199367435188285e+00      0.000000000000000e+00
    3.206367435188285e+00      0.000000000000000e+00
    3.213367435188285e+00      0.000000000000000e+00
    3.220367435188285e+00      0.000000000000000e+00
    3.227367435188286e+00      0.000000000000000e+00
    3.234367435188285e+00      0.000000000000000e+00
    3.241367435188285e+00      0.000000000000000e+00
    3.248367435188285e+00      0.000000000000000e+00
    3.255367435188285e+00      0.000000000000000e+00
    3.262367435188285e+00      0.000000000000000e+00
    3.269367435188285e+00      0.000000000000000e+00
    3.276367435188285e+00      0.000000000000000e+00
    3.283367435188285e+00      0.000000000000000e+00
    3.290367435188285e+00      0.000000000000000e+00
    3.297367435188285e+00      0.000000000000000e+00
    3.304367435188285e+00      0.000000000000000e+00
    3.311367435188285e+00      0.000000000000000e+00
    3.318367435188285e+00      0.000000000000000e+00
    3.325367435188285e+00      0.000000000000000e+00
    3.332367435188285e+00      0.000000000000000e+00
    3.339367435188285e+00      0.000000000000000e+00
    3.346367435188285e+00      0.000000000000000e+00
    3.353367435188285e+00      2.421307506053228e+00
    3.360367435188285e+00      0.000000000000000e+00
    3.367367435188285e+00      0.000000000000000e+00
    3.374367435188285e+00      0.000000000000000e+00
    3.381367435188285e+00      0.000000000000000e+00
    3.388367435188285e+00      0.000000000000000e+00
    3.395367435188285e+00      0.000000000000000e+00
    3.402367435188285e+00      0.000000000000000e+00
    3.409367435188285e+00      0.000000000000000e+00
    3.416367435188285e+00      0.000000000000000e+00
    3.423367435188285e+00      0.000000000000000e+00
    3.430367435188285e+00      0.000000000000000e+00
    3.437367435188285e+00      0.000000000000000e+00
    3.444367435188285e+00      0.000000000000000e+00
    3.451367435188285e+00      0.000000000000000e+00
    3.458367435188285e+00      0.000000000000000e+00
    3.465367435188285e+00      0.000000000000000e+00
    3.472367435188285e+00      0.000000000000000e+00
    3.479367435188285e+00      0.000000000000000e+00
    3.486367435188285e+00      0.000000000000000e+00
    3.493367435188285e+00      0.000000000000000e+00
    3.500367435188285e+00      0.000000000000000e+00
    3.507367435188285e+00      0.000000000000000e+00
    3.514367435188285e+00      0.000000000000000e+00
    3.521367435188285e+00      0.000000000000000e+00
    3.528367435188285e+00      0.000000000000000e+00
    3.535367435188285e+00      0.000000000000000e+00
    3.542367435188285e+00      0.000000000000000e+00
    3.549367435188285e+00      0.000000000000000e+00
    3.556367435188285e+00      0.000000000000000e+00
    3.563367435188285e+00      0.000000000000000e+00
    3.570367435188285e+00      0.000000000000000e+00
    3.577367435188285e+00      0.000000000000000e+00
    3.584367435188285e+00      0.000000000000000e+00
    3.591367435188285e+00      0.000000000000000e+00
    3.598367435188285e+00      0.000000000000000e+00
    3.605367435188285e+00      0.000000000000000e+00
    3.612367435188285e+00      0.000000000000000e+00
    3.619367435188285e+00      0.000000000000000e+00
    3.626367435188285e+00      0.000000000000000e+00
    3.633367435188285e+00      0.000000000000000e+00
    3.640367435188285e+00      0.000000000000000e+00
    3.647367435188285e+00      0.000000000000000e+00
    3.654367435188285e+00      0.000000000000000e+00
    3.661367435188285e+00      0.000000000000000e+00
    3.668367435188285e+00      0.000000000000000e+00
    3.675367435188285e+00      0.000000000000000e+00
    3.682367435188285e+00      0.000000000000000e+00
    3.689367435188285e+00      0.000000000000000e+00
    3.696367435188285e+00      0.000000000000000e+00
    3.703367435188285e+00      0.000000000000000e+00
    3.710367435188285e+00      0.000000000000000e+00
    3.717367435188285e+00      0.000000000000000e+00
    3.724367435188285e+00      0.000000000000000e+00
    3.731367435188285e+00      0.000000000000000e+00
    3.738367435188285e+00      0.000000000000000e+00
    3.745367435188285e+00      0.000000000000000e+00
    3.752367435188285e+00      0.000000000000000e+00
    3.759367435188285e+00      0.000000000000000e+00
    3.766367435188285e+00      0.000000000000000e+00
    3.773367435188285e+00      0.000000000000000e+00
    3.780367435188285e+00      0.000000000000000e+00
    3.787367435188285e+00      0.000000000000000e+00
    3.794367435188285e+00      0.000000000000000e+00
    3.801367435188285e+00      0.000000000000000e+00
    3.808367435188285e+00      0.000000000000000e+00
    3.815367435188285e+00      0.000000000000000e+00
    3.822367435188285e+00      0.000000000000000e+00
    3.829367435188285e+00      0.000000000000000e+00
    3.836367435188285e+00      0.000000000000000e+00
    3.843367435188285e+00      0.000000000000000e+00
    3.850367435188285e+00      0.000000000000000e+00
    3.857367435188285e+00      0.000000000000000e+00
    3.864367435188285e+00      0.000000000000000e+00
    3.871367435188285e+00      0.000000000000000e+00
    3.878367435188285e+00      0.000000000000000e+00
    3.885367435188285e+00      0.000000000000000e+00
    3.892367435188285e+00      0.000000000000000e+00
    3.899367435188285e+00      0.000000000000000e+00
    3.906367435188285e+00      0.000000000000000e+00
    3.913367435188285e+00      0.000000000000000e+00
    3.920367435188285e+00      0.000000000000000e+00
    3.927367435188285e+00      0.000000000000000e+00
    3.934367435188285e+00      0.000000000000000e+00
    3.941367435188285e+00      0.000000000000000e+00
    3.948367435188285e+00      0.000000000000000e+00
    3.955367435188285e+00      0.000000000000000e+00
    3.962367435188285e+00      0.000000000000000e+00
    3.969367435188285e+00      0.000000000000000e+00
    3.976367435188285e+00      0.000000000000000e+00
    3.983367435188285e+00      0.000000000000000e+00
    3.990367435188285e+00      0.000000000000000e+00
    3.997367435188285e+00      0.000000000000000e+00
    4.004367435188286e+00      0.000000000000000e+00
    4.011367435188285e+00      0.000000000000000e+00
    4.018367435188285e+00      0.000000000000000e+00
    4.025367435188285e+00      0.000000000000000e+00
    4.032367435188285e+00      0.000000000000000e+00
    4.039367435188285e+00      0.000000000000000e+00
    4.046367435188285e+00      0.000000000000000e+00
    4.053367435188285e+00      0.000000000000000e+00
    4.060367435188285e+00      0.000000000000000e+00
    4.067367435188284e+00      0.000000000000000e+00
    4.074367435188285e+00      0.000000000000000e+00
    4.081367435188286e+00      0.000000000000000e+00
    4.088367435188285e+00      0.000000000000000e+00
    4.095367435188285e+00      0.000000000000000e+00
    4.102367435188285e+00      0.000000000000000e+00
    4.109367435188285e+00      0.000000000000000e+00
    4.116367435188286e+00      0.000000000000000e+00
    4.123367435188285e+00      0.000000000000000e+00
    4.130367435188285e+00      0.000000000000000e+00
    4.137367435188285e+00      4.842615012106764e+00
    4.144367435188284e+00      0.000000000000000e+00
    4.151367435188285e+00      0.000000000000000e+00
    4.158367435188286e+00      0.000000000000000e+00
    4.165367435188285e+00      0.000000000000000e+00
    4.172367435188285e+00      0.000000000000000e+00
    4.179367435188285e+00      0.000000000000000e+00
    4.186367435188285e+00      0.000000000000000e+00
    4.193367435188286e+00      0.000000000000000e+00
    4.200367435188285e+00      0.000000000000000e+00
    4.207367435188285e+00      0.000000000000000e+00
    4.214367435188285e+00      0.000000000000000e+00
    4.221367435188285e+00      0.000000000000000e+00
    4.228367435188285e+00      0.000000000000000e+00
    4.235367435188286e+00      0.000000000000000e+00
    4.242367435188285e+00      0.000000000000000e+00
    4.249367435188285e+00      0.000000000000000e+00
    4.256367435188285e+00      0.000000000000000e+00
    4.263367435188285e+00      0.000000000000000e+00
    4.270367435188286e+00      0.000000000000000e+00
    4.277367435188285e+00      0.000000000000000e+00
    4.284367435188285e+00      0.000000000000000e+00
    4.291367435188285e+00      0.000000000000000e+00
    4.298367435188285e+00      0.000000000000000e+00
    4.305367435188285e+00      0.000000000000000e+00
    4.312367435188285e+00      0.000000000000000e+00
    4.319367435188285e+00      0.000000000000000e+00
    4.326367435188285e+00      0.000000000000000e+00
    4.333367435188284e+00      0.000000000000000e+00
    4.340367435188285e+00      0.000000000000000e+00
    4.347367435188286e+00      0.000000000000000e+00
    4.354367435188285e+00      0.000000000000000e+00
    4.361367435188285e+00      0.000000000000000e+00
    4.368367435188285e+00      0.000000000000000e+00
    4.375367435188285e+00      0.000000000000000e+00
    4.382367435188285e+00      0.000000000000000e+00
    4.389367435188285e+00      0.000000000000000e+00
    4.396367435188285e+00      0.000000000000000e+00
    4.403367435188285e+00      0.000000000000000e+00
    4.410367435188284e+00      0.000000000000000e+00
    4.417367435188285e+00      0.000000000000000e+00
    4.424367435188286e+00      0.000000000000000e+00
    4.431367435188285e+00      0.000000000000000e+00
    4.438367435188285e+00      0.000000000000000e+00
    4.445367435188285e+00      0.000000000000000e+00
    4.452367435188285e+00      0.000000000000000e+00
    4.459367435188286e+00      0.000000000000000e+00
    4.466367435188285e+00      0.000000000000000e+00
    4.473367435188285e+00      0.000000000000000e+00
    4.480367435188285e+00      0.000000000000000e+00
    4.487367435188284e+00      0.000000000000000e+00
    4.494367435188285e+00      0.000000000000000e+00
    4.501367435188286e+00      0.000000000000000e+00
    4.508367435188285e+00      0.000000000000000e+00
    4.515367435188285e+00      0.000000000000000e+00
    4.522367435188285e+00      0.000000000000000e+00
    4.529367435188285e+00      0.000000000000000e+00
    4.536367435188286e+00      0.000000000000000e+00
    4.543367435188285e+00      0.000000000000000e+00
    4.550367435188285e+00      0.000000000000000e+00
    4.557367435188285e+00      0.000000000000000e+00
    4.564367435188285e+00      0.000000000000000e+00
    4.571367435188285e+00      0.000000000000000e+00
    4.578367435188285e+00      0.000000000000000e+00
    4.585367435188285e+00      0.000000000000000e+00
    4.592367435188285e+00      0.000000000000000e+00
    4.599367435188285e+00      0.000000000000000e+00
    4.606367435188285e+00      0.000000000000000e+00
    4.613367435188286e+00      0.000000000000000e+00
    4.620367435188285e+00      0.000000000000000e+00
    4.627367435188285e+00      0.000000000000000e+00
    4.634367435188285e+00      0.000000000000000e+00
    4.641367435188285e+00      0.000000000000000e+00
    4.648367435188285e+00      0.000000000000000e+00
    4.655367435188285e+00      0.000000000000000e+00
    4.662367435188285e+00      0.000000000000000e+00
    4.669367435188285e+00      0.000000000000000e+00
    4.676367435188284e+00      0.000000000000000e+00
    4.683367435188285e+00      0.000000000000000e+00
    4.690367435188286e+00      0.000000000000000e+00
    4.697367435188285e+00      0.000000000000000e+00
    4.704367435188285e+00      0.000000000000000e+00
    4.711367435188285e+00      0.000000000000000e+00
    4.718367435188285e+00      0.000000000000000e+00
    4.725367435188285e+00      0.000000000000000e+00
    4.732367435188285e+00      0.000000000000000e+00
    4.739367435188285e+00      0.000000000000000e+00
    4.746367435188285e+00      0.000000000000000e+00
    4.753367435188284e+00      0.000000000000000e+00
    4.760367435188285e+00      0.000000000000000e+00
    4.767367435188286e+00      0.000000000000000e+00
    4.774367435188285e+00      0.000000000000000e+00
    4.781367435188285e+00      0.000000000000000e+00
    4.788367435188285e+00      0.000000000000000e+00
    4.795367435188285e+00      0.000000000000000e+00
    4.802367435188286e+00      0.000000000000000e+00
    4.809367435188285e+00      0.000000000000000e+00
    4.816367435188285e+00      0.000000000000000e+00
    4.823367435188285e+00      0.000000000000000e+00
    4.830367435188284e+00      0.000000000000000e+00
    4.837367435188285e+00      0.000000000000000e+00
    4.844367435188285e+00      0.000000000000000e+00
    4.851367435188285e+00      0.000000000000000e+00
    4.858367435188285e+00      0.000000000000000e+00
    4.865367435188285e+00      0.000000000000000e+00
    4.872367435188285e+00      0.000000000000000e+00
    4.879367435188286e+00      0.000000000000000e+00
    4.886367435188285e+00      0.000000000000000e+00
    4.893367435188285e+00      0.000000000000000e+00
    4.900367435188285e+00      0.000000000000000e+00
    4.907367435188285e+00      0.000000000000000e+00
    4.914367435188285e+00      0.000000000000000e+00
    4.921367435188285e+00      2.421307506053382e+00
    4.928367435188285e+00      0.000000000000000e+00
    4.935367435188285e+00      0.000000000000000e+00
    4.942367435188284e+00      0.000000000000000e+00
    4.949367435188285e+00      0.000000000000000e+00
    4.956367435188286e+00      0.000000000000000e+00
    4.963367435188285e+00      0.000000000000000e+00
    4.970367435188285e+00      0.000000000000000e+00
    4.977367435188285e+00      0.000000000000000e+00
    4.984367435188285e+00      0.000000000000000e+00
    4.991367435188285e+00      0.000000000000000e+00
    4.998367435188285e+00      0.000000000000000e+00
    5.005367435188285e+00      0.000000000000000e+00
    5.012367435188285e+00      0.000000000000000e+00
    5.019367435188284e+00      0.000000000000000e+00
    5.026367435188285e+00      0.000000000000000e+00
    5.033367435188286e+00      0.000000000000000e+00
    5.040367435188285e+00      0.000000000000000e+00
    5.047367435188285e+00      0.000000000000000e+00
    5.054367435188285e+00      0.000000000000000e+00
    5.061367435188285e+00      0.000000000000000e+00
    5.068367435188285e+00      0.000000000000000e+00
    5.075367435188285e+00      0.000000000000000e+00
    5.082367435188285e+00      0.000000000000000e+00
    5.089367435188285e+00      0.000000000000000e+00
    5.096367435188284e+00      0.000000000000000e+00
    5.103367435188285e+00      0.000000000000000e+00
    5.110367435188286e+00      0.000000000000000e+00
    5.117367435188285e+00      0.000000000000000e+00
    5.124367435188285e+00      0.000000000000000e+00
    5.131367435188285e+00      0.000000000000000e+00
    5.138367435188285e+00      0.000000000000000e+00
    5.145367435188285e+00      0.000000000000000e+00
    5.152367435188285e+00      0.000000000000000e+00
    5.159367435188285e+00      0.000000000000000e+00
    5.166367435188285e+00      0.000000000000000e+00
    5.173367435188284e+00      0.000000000000000e+00
    5.180367435188285e+00      0.000000000000000e+00
    5.187367435188285e+00      0.000000000000000e+00
    5.194367435188285e+00      0.000000000000000e+00
    5.201367435188285e+00      0.000000000000000e+00
    5.208367435188284e+00      0.000000000000000e+00
    5.215367435188285e+00      0.000000000000000e+00
    5.222367435188286e+00      0.000000000000000e+00
    5.229367435188285e+00      0.000000000000000e+00
    5.236367435188285e+00      0.000000000000000e+00
    5.243367435188285e+00      0.000000000000000e+00
    5.250367435188285e+00      0.000000000000000e+00
    5.257367435188285e+00      0.000000000000000e+00
    5.264367435188285e+00      0.000000000000000e+00
    5.271367435188285e+00      0.000000000000000e+00
    5.278367435188285e+00      0.000000000000000e+00
    5.285367435188284e+00      0.000000000000000e+00
    5.292367435188285e+00      0.000000000000000e+00
    5.299367435188286e+00      0.000000000000000e+00
    5.306367435188285e+00      0.000000000000000e+00
    5.313367435188285e+00      0.000000000000000e+00
    5.320367435188285e+00      0.000000000000000e+00
    5.327367435188285e+00      0.000000000000000e+00
    5.334367435188285e+00      0.000000000000000e+00
    5.341367435188285e+00      0.000000000000000e+00
    5.348367435188285e+00      0.000000000000000e+00
    5.355367435188285e+00      0.000000000000000e+00
    5.362367435188284e+00      0.000000000000000e+00
    5.369367435188285e+00      0.000000000000000e+00
    5.376367435188286e+00      0.000000000000000e+00
    5.383367435188285e+00      0.000000000000000e+00
    5.390367435188285e+00      0.000000000000000e+00
    5.397367435188285e+00      0.000000000000000e+00
    5.404367435188285e+00      0.000000000000000e+00
    5.411367435188285e+00      0.000000000000000e+00
    5.418367435188285e+00      0.000000000000000e+00
    5.425367435188285e+00      0.000000000000000e+00
    5.432367435188285e+00      0.000000000000000e+00
    5.439367435188284e+00      0.000000000000000e+00
    5.446367435188285e+00      0.000000000000000e+00
    5.453367435188285e+00      0.000000000000000e+00
    5.460367435188285e+00      0.000000000000000e+00
    5.467367435188285e+00      0.000000000000000e+00
    5.474367435188285e+00      0.000000000000000e+00
    5.481367435188285e+00      0.000000000000000e+00
    5.488367435188285e+00      0.000000000000000e+00
    5.495367435188285e+00      0.000000000000000e+00
    5.502367435188285e+00      0.000000000000000e+00
    5.509367435188285e+00      0.000000000000000e+00
    5.516367435188284e+00      0.000000000000000e+00
    5.523367435188285e+00      0.000000000000000e+00
    5.530367435188285e+00      0.000000000000000e+00
    5.537367435188285e+00      0.000000000000000e+00
    5.544367435188285e+00      0.000000000000000e+00
    5.551367435188284e+00      0.000000000000000e+00
    5.558367435188285e+00      0.000000000000000e+00
    5.565367435188286e+00      0.000000000000000e+00
    5.572367435188285e+00      0.000000000000000e+00
    5.579367435188285e+00      0.000000000000000e+00
    5.586367435188285e+00      0.000000000000000e+00
    5.593367435188285e+00      0.000000000000000e+00
    5.600367435188285e+00      0.000000000000000e+00
    5.607367435188285e+00      0.000000000000000e+00
    5.614367435188285e+00      0.000000000000000e+00
    5.621367435188285e+00      0.000000000000000e+00
    5.628367435188284e+00      0.000000000000000e+00
    5.635367435188285e+00      0.000000000000000e+00
    5.642367435188286e+00      0.000000000000000e+00
    5.649367435188285e+00      0.000000000000000e+00
    5.656367435188285e+00      0.000000000000000e+00
    5.663367435188285e+00      0.000000000000000e+00
    5.670367435188285e+00      0.000000000000000e+00
    5.677367435188285e+00      0.000000000000000e+00
    5.684367435188285e+00      0.000000000000000e+00
    5.691367435188285e+00      0.000000000000000e+00
    5.698367435188285e+00      0.000000000000000e+00
    5.705367435188284e+00      4.842615012106149e+00
    5.712367435188285e+00      0.000000000000000e+00
    5.719367435188285e+00      0.000000000000000e+00
    5.726367435188285e+00      0.000000000000000e+00
    5.733367435188285e+00      0.000000000000000e+00
    5.740367435188285e+00      0.000000000000000e+00
    5.747367435188285e+00      0.000000000000000e+00
    5.754367435188285e+00      0.000000000000000e+00
    5.761367435188285e+00      0.000000000000000e+00
    5.768367435188285e+00      0.000000000000000e+00
    5.775367435188285e+00      0.000000000000000e+00
    5.782367435188284e+00      0.000000000000000e+00
    5.789367435188285e+00      0.000000000000000e+00
    5.796367435188285e+00      0.000000000000000e+00
    5.803367435188285e+00      0.000000000000000e+00
    5.810367435188285e+00      0.000000000000000e+00
    5.817367435188285e+00      0.000000000000000e+00
    5.824367435188285e+00      0.000000000000000e+00
    5.831367435188285e+00      0.000000000000000e+00
    5.838367435188285e+00      0.000000000000000e+00
    5.845367435188285e+00      0.000000000000000e+00
    5.852367435188285e+00      0.000000000000000e+00
    5.859367435188285e+00      0.000000000000000e+00
    5.866367435188285e+00      0.000000000000000e+00
    5.873367435188285e+00      0.000000000000000e+00
    5.880367435188285e+00      0.000000000000000e+00
    5.887367435188285e+00      0.000000000000000e+00
    5.894367435188285e+00      0.000000000000000e+00
    5.901367435188285e+00      0.000000000000000e+00
    5.908367435188285e+00      0.000000000000000e+00
    5.915367435188285e+00      0.000000000000000e+00
    5.922367435188285e+00      0.000000000000000e+00
    5.929367435188285e+00      0.000000000000000e+00
    5.936367435188285e+00      0.000000000000000e+00
    5.943367435188285e+00      0.000000000000000e+00
    5.950367435188284e+00      0.000000000000000e+00
    5.957367435188285e+00      0.000000000000000e+00
    5.964367435188285e+00      0.000000000000000e+00
    5.971367435188285e+00      0.000000000000000e+00
    5.978367435188285e+00      0.000000000000000e+00
    5.985367435188285e+00      0.000000000000000e+00
    5.992367435188285e+00      0.000000000000000e+00
    5.999367435188285e+00      0.000000000000000e+00
    6.006367435188285e+00      0.000000000000000e+00
    6.013367435188285e+00      0.000000000000000e+00
    6.020367435188285e+00      0.000000000000000e+00
    6.027367435188285e+00      0.000000000000000e+00
    6.034367435188285e+00      0.000000000000000e+00
    6.041367435188285e+00      0.000000000000000e+00
    6.048367435188285e+00      0.000000000000000e+00
    6.055367435188285e+00      0.000000000000000e+00
    6.062367435188285e+00      0.000000000000000e+00
    6.069367435188285e+00      0.000000000000000e+00
    6.076367435188285e+00      0.000000000000000e+00
    6.083367435188284e+00      0.000000000000000e+00
    6.090367435188285e+00      0.000000000000000e+00
    6.097367435188285e+00      0.000000000000000e+00
    6.104367435188285e+00      0.000000000000000e+00
    6.111367435188285e+00      0.000000000000000e+00
    6.118367435188285e+00      0.000000000000000e+00
    6.125367435188285e+00      0.000000000000000e+00
    6.132367435188285e+00      0.000000000000000e+00
    6.139367435188285e+00      0.000000000000000e+00
    6.146367435188285e+00      0.000000000000000e+00
    6.153367435188285e+00      0.000000000000000e+00
    6.160367435188284e+00      0.000000000000000e+00
    6.167367435188285e+00      0.000000000000000e+00
    6.174367435188285e+00      0.000000000000000e+00
    6.181367435188285e+00      0.000000000000000e+00
    6.188367435188285e+00      0.000000000000000e+00
    6.195367435188285e+00      0.000000000000000e+00
    6.202367435188285e+00      0.000000000000000e+00
    6.209367435188285e+00      0.000000000000000e+00
    6.216367435188284e+00      0.000000000000000e+00
    6.223367435188285e+00      0.000000000000000e+00
    6.230367435188285e+00      0.000000000000000e+00
    6.237367435188285e+00      0.000000000000000e+00
    6.244367435188285e+00      0.000000000000000e+00
    6.251367435188285e+00      0.000000000000000e+00
    6.258367435188285e+00      0.000000000000000e+00
    6.265367435188285e+00      0.000000000000000e+00
    6.272367435188285e+00      0.000000000000000e+00
    6.279367435188285e+00      0.000000000000000e+00
    6.286367435188285e+00      0.000000000000000e+00
    6.293367435188284e+00      0.000000000000000e+00
    6.300367435188285e+00      0.000000000000000e+00
    6.307367435188285e+00      0.000000000000000e+00
    6.314367435188285e+00      0.000000000000000e+00
    6.321367435188285e+00      0.000000000000000e+00
    6.328367435188285e+00      0.000000000000000e+00
    6.335367435188285e+00      0.000000000000000e+00
    6.342367435188285e+00      0.000000000000000e+00
    6.349367435188285e+00      0.000000000000000e+00
    6.356367435188285e+00      0.000000000000000e+00
    6.363367435188285e+00      0.000000000000000e+00
    6.370367435188285e+00      0.000000000000000e+00
    6.377367435188285e+00      0.000000000000000e+00
    6.384367435188285e+00      0.000000000000000e+00
    6.391367435188285e+00      0.000000000000000e+00
    6.398367435188285e+00      0.000000000000000e+00
    6.405367435188285e+00      0.000000000000000e+00
    6.412367435188285e+00      0.000000000000000e+00
    6.419367435188285e+00      0.000000000000000e+00
    6.426367435188284e+00      0.000000000000000e+00
    6.433367435188285e+00      0.000000000000000e+00
    6.440367435188285e+00      0.000000000000000e+00
    6.447367435188285e+00      0.000000000000000e+00
    6.454367435188285e+00      0.000000000000000e+00
    6.461367435188285e+00      0.000000000000000e+00
    6.468367435188285e+00      0.000000000000000e+00
    6.475367435188285e+00      0.000000000000000e+00
    6.482367435188285e+00      0.000000000000000e+00
    6.489367435188285e+00      0.000000000000000e+00
    6.496367435188285e+00      2.421307506053382e+00
    6.503367435188284e+00      0.000000000000000e+00
    6.510367435188285e+00      0.000000000000000e+00
    6.517367435188285e+00      0.000000000000000e+00
    6.524367435188285e+00      0.000000000000000e+00
    6.531367435188285e+00      0.000000000000000e+00
    6.538367435188285e+00      0.000000000000000e+00
    6.545367435188285e+00      0.000000000000000e+00
    6.552367435188285e+00      0.000000000000000e+00
    6.559367435188284e+00      0.000000000000000e+00
    6.566367435188285e+00      0.000000000000000e+00
    6.573367435188285e+00      0.000000000000000e+00
    6.580367435188285e+00      0.000000000000000e+00
    6.587367435188285e+00      0.000000000000000e+00
    6.594367435188285e+00      0.000000000000000e+00
    6.601367435188285e+00      0.000000000000000e+00
    6.608367435188285e+00      0.000000000000000e+00
    6.615367435188285e+00      0.000000000000000e+00
    6.622367435188285e+00      0.000000000000000e+00
    6.629367435188285e+00      0.000000000000000e+00
    6.636367435188284e+00      0.000000000000000e+00
    6.643367435188285e+00      0.000000000000000e+00
    6.650367435188285e+00      0.000000000000000e+00
    6.657367435188285e+00      0.000000000000000e+00
    6.664367435188285e+00      0.000000000000000e+00
    6.671367435188285e+00      0.000000000000000e+00
    6.678367435188285e+00      0.000000000000000e+00
    6.685367435188285e+00      0.000000000000000e+00
    6.692367435188284e+00      0.000000000000000e+00
    6.699367435188285e+00      0.000000000000000e+00
    6.706367435188285e+00      0.000000000000000e+00
    6.713367435188284e+00      0.000000000000000e+00
    6.720367435188285e+00      0.000000000000000e+00
    6.727367435188285e+00      0.000000000000000e+00
    6.734367435188285e+00      0.000000000000000e+00
    6.741367435188285e+00      0.000000000000000e+00
    6.748367435188285e+00      0.000000000000000e+00
    6.755367435188285e+00      0.000000000000000e+00
    6.762367435188285e+00      0.000000000000000e+00
    6.769367435188284e+00      0.000000000000000e+00
    6.776367435188285e+00      0.000000000000000e+00
    6.783367435188285e+00      0.000000000000000e+00
    6.790367435188285e+00      0.000000000000000e+00
    6.797367435188285e+00      0.000000000000000e+00
    6.804367435188285e+00      0.000000000000000e+00
    6.811367435188285e+00      0.000000000000000e+00
    6.818367435188285e+00      0.000000000000000e+00
    6.825367435188284e+00      0.000000000000000e+00
    6.832367435188285e+00      0.000000000000000e+00
    6.839367435188285e+00      0.000000000000000e+00
    6.846367435188284e+00      0.000000000000000e+00
    6.853367435188285e+00      0.000000000000000e+00
    6.860367435188285e+00      0.000000000000000e+00
    6.867367435188285e+00      0.000000000000000e+00
    6.874367435188285e+00      0.000000000000000e+00
    6.881367435188285e+00      0.000000000000000e+00
    6.888367435188285e+00      0.000000000000000e+00
    6.895367435188285e+00      0.000000000000000e+00
    6.902367435188284e+00      0.000000000000000e+00
    6.909367435188285e+00      0.000000000000000e+00
    6.916367435188285e+00      0.000000000000000e+00
    6.923367435188285e+00      0.000000000000000e+00
    6.930367435188285e+00      0.000000000000000e+00
    6.937367435188285e+00      0.000000000000000e+00
    6.944367435188285e+00      0.000000000000000e+00
    6.951367435188285e+00      0.000000000000000e+00
    6.958367435188284e+00      0.000000000000000e+00
    6.965367435188285e+00      0.000000000000000e+00
    6.972367435188285e+00      0.000000000000000e+00
    6.979367435188284e+00      0.000000000000000e+00
    6.986367435188285e+00      0.000000000000000e+00
    6.993367435188285e+00      0.000000000000000e+00
    7.000367435188285e+00      0.000000000000000e+00
    7.007367435188285e+00      0.000000000000000e+00
    7.014367435188285e+00      0.000000000000000e+00
    7.021367435188285e+00      0.000000000000000e+00
    7.028367435188285e+00      0.000000000000000e+00
    7.035367435188284e+00      0.000000000000000e+00
    7.042367435188285e+00      0.000000000000000e+00
    7.049367435188285e+00      0.000000000000000e+00
    7.056367435188284e+00      0.000000000000000e+00
    7.063367435188285e+00      0.000000000000000e+00
    7.070367435188285e+00      0.000000000000000e+00
    7.077367435188285e+00      0.000000000000000e+00
    7.084367435188285e+00      0.000000000000000e+00
    7.091367435188284e+00      0.000000000000000e+00
    7.098367435188285e+00      0.000000000000000e+00
    7.105367435188285e+00      0.000000000000000e+00
    7.112367435188284e+00      0.000000000000000e+00
    7.119367435188285e+00      0.000000000000000e+00
    7.126367435188285e+00      0.000000000000000e+00
    7.133367435188285e+00      0.000000000000000e+00
    7.140367435188285e+00      0.000000000000000e+00
    7.147367435188285e+00      0.000000000000000e+00
    7.154367435188285e+00      0.000000000000000e+00
    7.161367435188285e+00      0.000000000000000e+00
    7.168367435188284e+00      0.000000000000000e+00
    7.175367435188285e+00      0.000000000000000e+00
    7.182367435188285e+00      0.000000000000000e+00
    7.189367435188284e+00      0.000000000000000e+00
    7.196367435188285e+00      0.000000000000000e+00
    7.203367435188285e+00      0.000000000000000e+00
    7.210367435188285e+00      0.000000000000000e+00
    7.217367435188285e+00      0.000000000000000e+00
    7.224367435188285e+00      0.000000000000000e+00
    7.231367435188285e+00      0.000000000000000e+00
    7.238367435188285e+00      0.000000000000000e+00
    7.245367435188284e+00      0.000000000000000e+00
    7.252367435188285e+00      0.000000000000000e+00
    7.259367435188285e+00      0.000000000000000e+00
    7.266367435188285e+00      0.000000000000000e+00
    7.273367435188285e+00      0.000000000000000e+00
    7.280367435188285e+00      0.000000000000000e+00
    7.287367435188285e+00      0.000000000000000e+00
    7.294367435188285e+00      0.000000000000000e+00
    7.301367435188284e+00      0.000000000000000e+00
    7.308367435188285e+00      2.421307506053382e+00
    7.315367435188285e+00      0.000000000000000e+00
    7.322367435188284e+00      0.000000000000000e+00
    7.329367435188285e+00      0.000000000000000e+00
    7.336367435188285e+00      4.842615012106149e+00
    7.343367435188285e+00      0.000000000000000e+00
    7.350367435188285e+00      0.000000000000000e+00
    7.357367435188285e+00      2.421307506053075e+00
    7.364367435188285e+00      0.000000000000000e+00
    7.371367435188285e+00      0.000000000000000e+00
    7.378367435188284e+00      0.000000000000000e+00
    7.385367435188285e+00      4.842615012106764e+00
    7.392367435188285e+00      0.000000000000000e+00
    7.399367435188284e+00      0.000000000000000e+00
    7.406367435188285e+00      0.000000000000000e+00
    7.413367435188285e+00      2.421307506053075e+00
    7.420367435188285e+00      0.000000000000000e+00
    7.427367435188285e+00      0.000000000000000e+00
    7.434367435188284e+00      0.000000000000000e+00
    7.441367435188285e+00      4.842615012106764e+00
    7.448367435188285e+00      0.000000000000000e+00
    7.455367435188284e+00      0.000000000000000e+00
    7.462367435188285e+00      0.000000000000000e+00
    7.469367435188285e+00      2.421307506053075e+00
    7.476367435188285e+00      0.000000000000000e+00
    7.483367435188285e+00      0.000000000000000e+00
    7.490367435188285e+00      0.000000000000000e+00
    7.497367435188285e+00      7.263922518160145e+00
    7.504367435188285e+00      0.000000000000000e+00
    7.511367435188284e+00      0.000000000000000e+00
    7.518367435188285e+00      2.421307506053382e+00
    7.525367435188285e+00      0.000000000000000e+00
    7.532367435188284e+00      0.000000000000000e+00
    7.539367435188285e+00      0.000000000000000e+00
    7.546367435188285e+00      4.842615012106149e+00
    7.553367435188285e+00      0.000000000000000e+00
    7.560367435188285e+00      0.000000000000000e+00
    7.567367435188284e+00      0.000000000000000e+00
    7.574367435188285e+00      2.421307506053382e+00
    7.581367435188285e+00      0.000000000000000e+00
    7.588367435188284e+00      0.000000000000000e+00
    7.595367435188285e+00      0.000000000000000e+00
    7.602367435188285e+00      7.263922518159224e+00
    7.609367435188285e+00      0.000000000000000e+00
    7.616367435188285e+00      0.000000000000000e+00
    7.623367435188285e+00      0.000000000000000e+00
    7.630367435188285e+00      2.421307506053382e+00
    7.637367435188285e+00      0.000000000000000e+00
    7.644367435188284e+00      0.000000000000000e+00
    7.651367435188285e+00      0.000000000000000e+00
    7.658367435188285e+00      4.842615012106764e+00
    7.665367435188284e+00      2.421307506053075e+00
    7.672367435188285e+00      0.000000000000000e+00
    7.679367435188285e+00      4.842615012106149e+00
    7.686367435188285e+00      0.000000000000000e+00
    7.693367435188285e+00      2.421307506053382e+00
    7.700367435188284e+00      0.000000000000000e+00
    7.707367435188285e+00      2.421307506053382e+00
    7.714367435188285e+00      0.000000000000000e+00
    7.721367435188284e+00      0.000000000000000e+00
    7.728367435188285e+00      0.000000000000000e+00
    7.735367435188285e+00      2.421307506053382e+00
    7.742367435188284e+00      0.000000000000000e+00
    7.749367435188285e+00      0.000000000000000e+00
    7.756367435188285e+00      0.000000000000000e+00
    7.763367435188285e+00      4.842615012106764e+00
    7.770367435188285e+00      0.000000000000000e+00
    7.777367435188284e+00      0.000000000000000e+00
    7.784367435188285e+00      0.000000000000000e+00
    7.791367435188285e+00      2.421307506053382e+00
    7.798367435188284e+00      0.000000000000000e+00
    7.805367435188285e+00      0.000000000000000e+00
    7.812367435188285e+00      0.000000000000000e+00
    7.819367435188285e+00      9.685230024213528e+00
    7.826367435188285e+00      0.000000000000000e+00
    7.833367435188284e+00      0.000000000000000e+00
    7.840367435188285e+00      0.000000000000000e+00
    7.847367435188285e+00      0.000000000000000e+00
    7.854367435188284e+00      0.000000000000000e+00
    7.861367435188285e+00      0.000000000000000e+00
    7.868367435188285e+00      2.421307506053382e+00
    7.875367435188284e+00      0.000000000000000e+00
    7.882367435188285e+00      0.000000000000000e+00
    7.889367435188285e+00      0.000000000000000e+00
    7.896367435188285e+00      0.000000000000000e+00
    7.903367435188285e+00      0.000000000000000e+00
    7.910367435188284e+00      0.000000000000000e+00
    7.917367435188285e+00      0.000000000000000e+00
    7.924367435188285e+00      7.263922518160145e+00
    7.931367435188284e+00      0.000000000000000e+00
    7.938367435188285e+00      0.000000000000000e+00
    7.945367435188285e+00      0.000000000000000e+00
    7.952367435188284e+00      0.000000000000000e+00
    7.959367435188285e+00      0.000000000000000e+00
    7.966367435188284e+00      0.000000000000000e+00
    7.973367435188285e+00      0.000000000000000e+00
    7.980367435188285e+00      2.421307506053382e+00
    7.987367435188284e+00      0.000000000000000e+00
    7.994367435188285e+00      0.000000000000000e+00
    8.001367435188286e+00      0.000000000000000e+00
    8.008367435188283e+00      0.000000000000000e+00
    8.015367435188285e+00      0.000000000000000e+00
    8.022367435188285e+00      0.000000000000000e+00
    8.029367435188284e+00      4.842615012105535e+00
    8.036367435188286e+00      0.000000000000000e+00
    8.043367435188284e+00      0.000000000000000e+00
    8.050367435188285e+00      0.000000000000000e+00
    8.057367435188285e+00      0.000000000000000e+00
    8.064367435188284e+00      0.000000000000000e+00
    8.071367435188286e+00      0.000000000000000e+00
    8.078367435188284e+00      0.000000000000000e+00
    8.085367435188285e+00      2.421307506053382e+00
    8.092367435188285e+00      0.000000000000000e+00
    8.099367435188285e+00      0.000000000000000e+00
    8.106367435188286e+00      0.000000000000000e+00
    8.113367435188284e+00      0.000000000000000e+00
    8.120367435188285e+00      0.000000000000000e+00
    8.127367435188285e+00      0.000000000000000e+00
    8.134367435188285e+00      0.000000000000000e+00
    8.141367435188284e+00      0.000000000000000e+00
    8.148367435188284e+00      0.000000000000000e+00
    8.155367435188285e+00      0.000000000000000e+00
    8.162367435188285e+00      0.000000000000000e+00
    8.169367435188285e+00      0.000000000000000e+00
    8.176367435188284e+00      0.000000000000000e+00
    8.183367435188284e+00      0.000000000000000e+00
    8.190367435188286e+00      0.000000000000000e+00
    8.197367435188283e+00      0.000000000000000e+00
    8.204367435188285e+00      0.000000000000000e+00
    8.211367435188285e+00      0.000000000000000e+00
    8.218367435188284e+00      0.000000000000000e+00
    8.225367435188286e+00      0.000000000000000e+00
    8.232367435188284e+00      0.000000000000000e+00
    8.239367435188285e+00      0.000000000000000e+00
    8.246367435188285e+00      0.000000000000000e+00
    8.253367435188284e+00      0.000000000000000e+00
    8.260367435188286e+00      0.000000000000000e+00
    8.267367435188284e+00      0.000000000000000e+00
    8.274367435188285e+00      0.000000000000000e+00
    8.281367435188285e+00      0.000000000000000e+00
    8.288367435188285e+00      0.000000000000000e+00
    8.295367435188284e+00      0.000000000000000e+00
    8.302367435188284e+00      0.000000000000000e+00
    8.309367435188285e+00      0.000000000000000e+00
    8.316367435188285e+00      0.000000000000000e+00
    8.323367435188285e+00      0.000000000000000e+00
    8.330367435188284e+00      0.000000000000000e+00
    8.337367435188284e+00      0.000000000000000e+00
    8.344367435188285e+00      0.000000000000000e+00
    8.351367435188283e+00      2.421307506052767e+00
    8.358367435188285e+00      0.000000000000000e+00
    8.365367435188285e+00      0.000000000000000e+00
    8.372367435188284e+00      0.000000000000000e+00
    8.379367435188286e+00      0.000000000000000e+00
    8.386367435188284e+00      0.000000000000000e+00
    8.393367435188285e+00      0.000000000000000e+00
    8.400367435188285e+00      0.000000000000000e+00
    8.407367435188284e+00      0.000000000000000e+00
    8.414367435188286e+00      0.000000000000000e+00
    8.421367435188284e+00      0.000000000000000e+00
    8.428367435188285e+00      0.000000000000000e+00
    8.435367435188285e+00      0.000000000000000e+00
    8.442367435188284e+00      0.000000000000000e+00
    8.449367435188286e+00      0.000000000000000e+00
    8.456367435188284e+00      0.000000000000000e+00
    8.463367435188285e+00      0.000000000000000e+00
    8.470367435188285e+00      0.000000000000000e+00
    8.477367435188285e+00      0.000000000000000e+00
    8.484367435188284e+00      0.000000000000000e+00
    8.491367435188284e+00      0.000000000000000e+00
    8.498367435188285e+00      0.000000000000000e+00
    8.505367435188283e+00      0.000000000000000e+00
    8.512367435188285e+00      0.000000000000000e+00
    8.519367435188284e+00      0.000000000000000e+00
    8.526367435188284e+00      0.000000000000000e+00
    8.533367435188286e+00      0.000000000000000e+00
    8.540367435188283e+00      0.000000000000000e+00
    8.547367435188285e+00      0.000000000000000e+00
    8.554367435188285e+00      0.000000000000000e+00
    8.561367435188284e+00      0.000000000000000e+00
    8.568367435188286e+00      7.263922518161989e+00
    8.575367435188284e+00      0.000000000000000e+00
    8.582367435188285e+00      0.000000000000000e+00
    8.589367435188285e+00      0.000000000000000e+00
    8.596367435188284e+00      0.000000000000000e+00
    8.603367435188286e+00      0.000000000000000e+00
    8.610367435188284e+00      0.000000000000000e+00
    8.617367435188285e+00      0.000000000000000e+00
    8.624367435188285e+00      0.000000000000000e+00
    8.631367435188285e+00      0.000000000000000e+00
    8.638367435188284e+00      0.000000000000000e+00
    8.645367435188284e+00      0.000000000000000e+00
    8.652367435188285e+00      0.000000000000000e+00
    8.659367435188285e+00      0.000000000000000e+00
    8.666367435188285e+00      0.000000000000000e+00
    8.673367435188284e+00      0.000000000000000e+00
    8.680367435188284e+00      0.000000000000000e+00
    8.687367435188285e+00      0.000000000000000e+00
    8.694367435188283e+00      0.000000000000000e+00
    8.701367435188285e+00      0.000000000000000e+00
    8.708367435188284e+00      0.000000000000000e+00
    8.715367435188284e+00      0.000000000000000e+00
    8.722367435188286e+00      0.000000000000000e+00
    8.729367435188284e+00      0.000000000000000e+00
    8.736367435188285e+00      0.000000000000000e+00
    8.743367435188285e+00      0.000000000000000e+00
    8.750367435188284e+00      0.000000000000000e+00
    8.757367435188286e+00      0.000000000000000e+00
    8.764367435188284e+00      0.000000000000000e+00
    8.771367435188285e+00      0.000000000000000e+00
    8.778367435188285e+00      2.421307506053382e+00
