                     bin:                     prob.:
    1.086910502082278e+00      2.707216005903037e+00
    1.093171233588525e+00      0.000000000000000e+00
    1.099431965094772e+00      0.000000000000000e+00
    1.105692696601019e+00      0.000000000000000e+00
    1.111953428107266e+00      0.000000000000000e+00
    1.118214159613513e+00      0.000000000000000e+00
    1.124474891119760e+00      0.000000000000000e+00
    1.130735622626006e+00      0.000000000000000e+00
    1.136996354132253e+00      0.000000000000000e+00
    1.143257085638500e+00      0.000000000000000e+00
    1.149517817144747e+00      0.000000000000000e+00
    1.155778548650994e+00      0.000000000000000e+00
    1.162039280157241e+00      0.000000000000000e+00
    1.168300011663487e+00      5.414432011806074e+00
    1.174560743169734e+00      0.000000000000000e+00
    1.180821474675981e+00      0.000000000000000e+00
    1.187082206182228e+00      0.000000000000000e+00
    1.193342937688475e+00      0.000000000000000e+00
    1.199603669194722e+00      0.000000000000000e+00
    1.205864400700968e+00      0.000000000000000e+00
    1.212125132207215e+00      0.000000000000000e+00
    1.218385863713462e+00      0.000000000000000e+00
    1.224646595219709e+00      0.000000000000000e+00
    1.230907326725956e+00      0.000000000000000e+00
    1.237168058232202e+00      0.000000000000000e+00
    1.243428789738449e+00      0.000000000000000e+00
    1.249689521244696e+00      0.000000000000000e+00
    1.255950252750943e+00      2.707216005903037e+00
    1.262210984257190e+00      0.000000000000000e+00
    1.268471715763437e+00      0.000000000000000e+00
    1.274732447269683e+00      0.000000000000000e+00
    1.280993178775930e+00      0.000000000000000e+00
    1.287253910282177e+00      0.000000000000000e+00
    1.293514641788424e+00      0.000000000000000e+00
    1.299775373294671e+00      0.000000000000000e+00
    1.306036104800918e+00      0.000000000000000e+00
    1.312296836307165e+00      0.000000000000000e+00
    1.318557567813411e+00      0.000000000000000e+00
    1.324818299319658e+00      0.000000000000000e+00
    1.331079030825905e+00      0.000000000000000e+00
    1.337339762332152e+00      0.000000000000000e+00
    1.343600493838399e+00      8.121648017709113e+00
    1.349861225344646e+00      0.000000000000000e+00
    1.356121956850892e+00      0.000000000000000e+00
    1.362382688357139e+00      0.000000000000000e+00
    1.368643419863386e+00      0.000000000000000e+00
    1.374904151369633e+00      0.000000000000000e+00
    1.381164882875880e+00      0.000000000000000e+00
    1.387425614382127e+00      0.000000000000000e+00
    1.393686345888373e+00      0.000000000000000e+00
    1.399947077394620e+00      0.000000000000000e+00
    1.406207808900867e+00      0.000000000000000e+00
    1.412468540407114e+00      0.000000000000000e+00
    1.418729271913361e+00      0.000000000000000e+00
    1.424990003419607e+00      0.000000000000000e+00
    1.431250734925854e+00      2.707216005903037e+00
    1.437511466432101e+00      0.000000000000000e+00
    1.443772197938348e+00      0.000000000000000e+00
    1.450032929444595e+00      0.000000000000000e+00
    1.456293660950842e+00      0.000000000000000e+00
    1.462554392457089e+00      0.000000000000000e+00
    1.468815123963335e+00      0.000000000000000e+00
    1.475075855469582e+00      0.000000000000000e+00
    1.481336586975829e+00      0.000000000000000e+00
    1.487597318482076e+00      0.000000000000000e+00
    1.493858049988323e+00      0.000000000000000e+00
    1.500118781494570e+00      0.000000000000000e+00
    1.506379513000816e+00      0.000000000000000e+00
    1.512640244507063e+00      0.000000000000000e+00
    1.518900976013310e+00      5.414432011806074e+00
    1.525161707519557e+00      0.000000000000000e+00
    1.531422439025804e+00      0.000000000000000e+00
    1.537683170532051e+00      0.000000000000000e+00
    1.543943902038297e+00      0.000000000000000e+00
    1.550204633544544e+00      0.000000000000000e+00
    1.556465365050791e+00      0.000000000000000e+00
    1.562726096557038e+00      0.000000000000000e+00
    1.568986828063285e+00      0.000000000000000e+00
    1.575247559569532e+00      0.000000000000000e+00
    1.581508291075779e+00      0.000000000000000e+00
    1.587769022582025e+00      0.000000000000000e+00
    1.594029754088272e+00      0.000000000000000e+00
    1.600290485594519e+00      0.000000000000000e+00
    1.606551217100766e+00      2.707216005903037e+00
    1.612811948607013e+00      0.000000000000000e+00
    1.619072680113260e+00      0.000000000000000e+00
    1.625333411619506e+00      0.000000000000000e+00
    1.631594143125753e+00      0.000000000000000e+00
    1.637854874632000e+00      0.000000000000000e+00
    1.644115606138247e+00      0.000000000000000e+00
    1.650376337644494e+00      0.000000000000000e+00
    1.656637069150741e+00      0.000000000000000e+00
    1.662897800656987e+00      0.000000000000000e+00
    1.669158532163234e+00      0.000000000000000e+00
    1.675419263669481e+00      0.000000000000000e+00
    1.681679995175728e+00      0.000000000000000e+00
    1.687940726681975e+00      0.000000000000000e+00
    1.694201458188222e+00      0.000000000000000e+00
    1.700462189694468e+00      0.000000000000000e+00
    1.706722921200715e+00      0.000000000000000e+00
    1.712983652706962e+00      2.707216005903133e+00
    1.719244384213209e+00      0.000000000000000e+00
    1.725505115719456e+00      0.000000000000000e+00
    1.731765847225702e+00      0.000000000000000e+00
    1.738026578731949e+00      5.414432011806074e+00
    1.744287310238196e+00      0.000000000000000e+00
    1.750548041744443e+00      0.000000000000000e+00
    1.756808773250690e+00      2.707216005903037e+00
    1.763069504756937e+00      0.000000000000000e+00
    1.769330236263184e+00      0.000000000000000e+00
    1.775590967769430e+00      0.000000000000000e+00
    1.781851699275677e+00      5.414432011806074e+00
    1.788112430781924e+00      0.000000000000000e+00
    1.794373162288171e+00      0.000000000000000e+00
    1.800633893794418e+00      2.707216005903037e+00
    1.806894625300665e+00      0.000000000000000e+00
    1.813155356806911e+00      0.000000000000000e+00
    1.819416088313158e+00      5.414432011806074e+00
    1.825676819819405e+00      0.000000000000000e+00
    1.831937551325652e+00      0.000000000000000e+00
    1.838198282831899e+00      0.000000000000000e+00
    1.844459014338145e+00      2.707216005903037e+00
    1.850719745844392e+00      0.000000000000000e+00
    1.856980477350639e+00      0.000000000000000e+00
    1.863241208856886e+00      8.121648017709113e+00
    1.869501940363133e+00      0.000000000000000e+00
    1.875762671869380e+00      0.000000000000000e+00
    1.882023403375626e+00      0.000000000000000e+00
    1.888284134881873e+00      2.707216005903037e+00
    1.894544866388120e+00      0.000000000000000e+00
    1.900805597894367e+00      0.000000000000000e+00
    1.907066329400614e+00      5.414432011806074e+00
    1.913327060906861e+00      0.000000000000000e+00
    1.919587792413108e+00      0.000000000000000e+00
    1.925848523919354e+00      0.000000000000000e+00
    1.932109255425601e+00      2.707216005903037e+00
    1.938369986931848e+00      0.000000000000000e+00
    1.944630718438095e+00      0.000000000000000e+00
    1.950891449944342e+00      8.121648017709113e+00
    1.957152181450589e+00      0.000000000000000e+00
    1.963412912956835e+00      0.000000000000000e+00
    1.969673644463082e+00      0.000000000000000e+00
    1.975934375969329e+00      2.707216005903037e+00
    1.982195107475576e+00      0.000000000000000e+00
    1.988455838981823e+00      0.000000000000000e+00
    1.994716570488070e+00      8.121648017709113e+00
    2.000977301994316e+00      0.000000000000000e+00
    2.007238033500563e+00      2.707216005903037e+00
    2.013498765006810e+00      0.000000000000000e+00
    2.019759496513057e+00      5.414432011806074e+00
    2.026020228019304e+00      2.707216005903037e+00
    2.032280959525551e+00      0.000000000000000e+00
    2.038541691031797e+00      2.707216005903037e+00
    2.044802422538044e+00      0.000000000000000e+00
    2.051063154044291e+00      0.000000000000000e+00
    2.057323885550538e+00      0.000000000000000e+00
    2.063584617056785e+00      2.707216005903037e+00
    2.069845348563032e+00      0.000000000000000e+00
    2.076106080069279e+00      0.000000000000000e+00
    2.082366811575525e+00      5.414432011806074e+00
    2.088627543081772e+00      0.000000000000000e+00
    2.094888274588019e+00      0.000000000000000e+00
    2.101149006094266e+00      0.000000000000000e+00
    2.107409737600513e+00      2.707216005903037e+00
    2.113670469106760e+00      0.000000000000000e+00
    2.119931200613006e+00      0.000000000000000e+00
    2.126191932119253e+00      5.414432011806074e+00
    2.132452663625500e+00      0.000000000000000e+00
    2.138713395131747e+00      0.000000000000000e+00
    2.144974126637994e+00      0.000000000000000e+00
    2.151234858144241e+00      0.000000000000000e+00
    2.157495589650487e+00      0.000000000000000e+00
    2.163756321156734e+00      0.000000000000000e+00
    2.170017052662981e+00      2.707216005903037e+00
    2.176277784169228e+00      0.000000000000000e+00
    2.182538515675475e+00      0.000000000000000e+00
    2.188799247181722e+00      0.000000000000000e+00
    2.195059978687969e+00      0.000000000000000e+00
    2.201320710194215e+00      0.000000000000000e+00
    2.207581441700462e+00      0.000000000000000e+00
    2.213842173206709e+00      1.082886402361215e+01
    2.220102904712956e+00      0.000000000000000e+00
    2.226363636219203e+00      0.000000000000000e+00
    2.232624367725450e+00      0.000000000000000e+00
    2.238885099231696e+00      0.000000000000000e+00
    2.245145830737943e+00      0.000000000000000e+00
    2.251406562244190e+00      0.000000000000000e+00
    2.257667293750437e+00      2.707216005903037e+00
    2.263928025256684e+00      0.000000000000000e+00
    2.270188756762931e+00      0.000000000000000e+00
    2.276449488269177e+00      0.000000000000000e+00
    2.282710219775424e+00      0.000000000000000e+00
    2.288970951281671e+00      0.000000000000000e+00
    2.295231682787918e+00      0.000000000000000e+00
    2.301492414294165e+00      5.414432011806074e+00
    2.307753145800412e+00      0.000000000000000e+00
    2.314013877306659e+00      0.000000000000000e+00
    2.320274608812905e+00      0.000000000000000e+00
    2.326535340319152e+00      0.000000000000000e+00
    2.332796071825399e+00      0.000000000000000e+00
    2.339056803331646e+00      0.000000000000000e+00
    2.345317534837893e+00      2.707216005903229e+00
    2.351578266344139e+00      0.000000000000000e+00
    2.357838997850386e+00      0.000000000000000e+00
    2.364099729356633e+00      0.000000000000000e+00
    2.370360460862880e+00      0.000000000000000e+00
    2.376621192369127e+00      0.000000000000000e+00
    2.382881923875373e+00      0.000000000000000e+00
    2.389142655381620e+00      0.000000000000000e+00
    2.395403386887867e+00      0.000000000000000e+00
    2.401664118394114e+00      0.000000000000000e+00
    2.407924849900361e+00      0.000000000000000e+00
    2.414185581406608e+00      0.000000000000000e+00
    2.420446312912854e+00      0.000000000000000e+00
    2.426707044419101e+00      0.000000000000000e+00
    2.432967775925348e+00      0.000000000000000e+00
    2.439228507431595e+00      0.000000000000000e+00
    2.445489238937842e+00      0.000000000000000e+00
    2.451749970444089e+00      0.000000000000000e+00
    2.458010701950335e+00      0.000000000000000e+00
    2.464271433456582e+00      0.000000000000000e+00
    2.470532164962829e+00      0.000000000000000e+00
    2.476792896469076e+00      0.000000000000000e+00
    2.483053627975323e+00      0.000000000000000e+00
    2.489314359481570e+00      0.000000000000000e+00
    2.495575090987816e+00      0.000000000000000e+00
    2.501835822494063e+00      0.000000000000000e+00
    2.508096554000310e+00      0.000000000000000e+00
    2.514357285506557e+00      0.000000000000000e+00
    2.520618017012804e+00      0.000000000000000e+00
    2.526878748519051e+00      0.000000000000000e+00
    2.533139480025298e+00      0.000000000000000e+00
    2.539400211531544e+00      0.000000000000000e+00
    2.545660943037791e+00      0.000000000000000e+00
    2.551921674544038e+00      0.000000000000000e+00
    2.558182406050285e+00      0.000000000000000e+00
    2.564443137556532e+00      0.000000000000000e+00
    2.570703869062779e+00      0.000000000000000e+00
    2.576964600569025e+00      0.000000000000000e+00
    2.583225332075272e+00      0.000000000000000e+00
    2.589486063581519e+00      0.000000000000000e+00
    2.595746795087766e+00      0.000000000000000e+00
    2.602007526594012e+00      0.000000000000000e+00
    2.608268258100259e+00      0.000000000000000e+00
    2.614528989606506e+00      0.000000000000000e+00
    2.620789721112753e+00      0.000000000000000e+00
    2.627050452619000e+00      0.000000000000000e+00
    2.633311184125247e+00      0.000000000000000e+00
    2.639571915631493e+00      0.000000000000000e+00
    2.645832647137740e+00      0.000000000000000e+00
    2.652093378643987e+00      0.000000000000000e+00
    2.658354110150234e+00      0.000000000000000e+00
    2.664614841656481e+00      0.000000000000000e+00
    2.670875573162728e+00      0.000000000000000e+00
    2.677136304668974e+00      0.000000000000000e+00
    2.683397036175221e+00      0.000000000000000e+00
    2.689657767681468e+00      0.000000000000000e+00
    2.695918499187715e+00      0.000000000000000e+00
    2.702179230693962e+00      0.000000000000000e+00
    2.708439962200209e+00      0.000000000000000e+00
    2.714700693706456e+00      0.000000000000000e+00
    2.720961425212702e+00      0.000000000000000e+00
    2.727222156718949e+00      0.000000000000000e+00
    2.733482888225196e+00      0.000000000000000e+00
    2.739743619731443e+00      0.000000000000000e+00
    2.746004351237690e+00      0.000000000000000e+00
    2.752265082743937e+00      0.000000000000000e+00
    2.758525814250183e+00      0.000000000000000e+00
    2.764786545756430e+00      0.000000000000000e+00
    2.771047277262677e+00      0.000000000000000e+00
    2.777308008768924e+00      0.000000000000000e+00
    2.783568740275171e+00      0.000000000000000e+00
    2.789829471781418e+00      0.000000000000000e+00
    2.796090203287664e+00      0.000000000000000e+00
    2.802350934793911e+00      0.000000000000000e+00
    2.808611666300158e+00      0.000000000000000e+00
    2.814872397806405e+00      0.000000000000000e+00
    2.821133129312652e+00      0.000000000000000e+00
    2.827393860818899e+00      0.000000000000000e+00
    2.833654592325145e+00      0.000000000000000e+00
    2.839915323831392e+00      0.000000000000000e+00
    2.846176055337639e+00      0.000000000000000e+00
    2.852436786843886e+00      0.000000000000000e+00
    2.858697518350133e+00      0.000000000000000e+00
    2.864958249856380e+00      0.000000000000000e+00
    2.871218981362627e+00      0.000000000000000e+00
    2.877479712868873e+00      0.000000000000000e+00
    2.883740444375120e+00      0.000000000000000e+00
    2.890001175881367e+00      0.000000000000000e+00
    2.896261907387614e+00      0.000000000000000e+00
    2.902522638893861e+00      0.000000000000000e+00
    2.908783370400108e+00      0.000000000000000e+00
    2.915044101906354e+00      0.000000000000000e+00
    2.921304833412601e+00      0.000000000000000e+00
    2.927565564918848e+00      0.000000000000000e+00
    2.933826296425095e+00      0.000000000000000e+00
    2.940087027931342e+00      0.000000000000000e+00
    2.946347759437589e+00      0.000000000000000e+00
    2.952608490943835e+00      0.000000000000000e+00
    2.958869222450082e+00      0.000000000000000e+00
    2.965129953956329e+00      0.000000000000000e+00
    2.971390685462576e+00      0.000000000000000e+00
    2.977651416968823e+00      0.000000000000000e+00
    2.983912148475070e+00      0.000000000000000e+00
    2.990172879981317e+00      0.000000000000000e+00
    2.996433611487563e+00      0.000000000000000e+00
    3.002694342993810e+00      0.000000000000000e+00
    3.008955074500057e+00      0.000000000000000e+00
    3.015215806006304e+00      0.000000000000000e+00
    3.021476537512551e+00      0.000000000000000e+00
    3.027737269018798e+00      0.000000000000000e+00
    3.033998000525044e+00      0.000000000000000e+00
    3.040258732031291e+00      0.000000000000000e+00
    3.046519463537538e+00      0.000000000000000e+00
    3.052780195043785e+00      0.000000000000000e+00
    3.059040926550032e+00      0.000000000000000e+00
    3.065301658056279e+00      0.000000000000000e+00
    3.071562389562525e+00      0.000000000000000e+00
    3.077823121068772e+00      0.000000000000000e+00
    3.084083852575019e+00      0.000000000000000e+00
    3.090344584081266e+00      0.000000000000000e+00
    3.096605315587513e+00      0.000000000000000e+00
    3.102866047093760e+00      0.000000000000000e+00
    3.109126778600007e+00      0.000000000000000e+00
    3.115387510106253e+00      0.000000000000000e+00
    3.121648241612500e+00      0.000000000000000e+00
    3.127908973118747e+00      0.000000000000000e+00
    3.134169704624994e+00      0.000000000000000e+00
    3.140430436131241e+00      0.000000000000000e+00
    3.146691167637488e+00      0.000000000000000e+00
    3.152951899143734e+00      0.000000000000000e+00
    3.159212630649981e+00      0.000000000000000e+00
    3.165473362156228e+00      0.000000000000000e+00
    3.171734093662474e+00      0.000000000000000e+00
    3.177994825168721e+00      0.000000000000000e+00
    3.184255556674968e+00      0.000000000000000e+00
    3.190516288181215e+00      0.000000000000000e+00
    3.196777019687462e+00      0.000000000000000e+00
    3.203037751193709e+00      0.000000000000000e+00
    3.209298482699956e+00      0.000000000000000e+00
    3.215559214206202e+00      0.000000000000000e+00
    3.221819945712449e+00      0.000000000000000e+00
    3.228080677218696e+00      0.000000000000000e+00
    3.234341408724943e+00      0.000000000000000e+00
    3.240602140231190e+00      0.000000000000000e+00
    3.246862871737437e+00      0.000000000000000e+00
    3.253123603243683e+00      0.000000000000000e+00
    3.259384334749930e+00      0.000000000000000e+00
    3.265645066256177e+00      0.000000000000000e+00
    3.271905797762424e+00      0.000000000000000e+00
    3.278166529268671e+00      0.000000000000000e+00
    3.284427260774918e+00      0.000000000000000e+00
    3.290687992281164e+00      0.000000000000000e+00
    3.296948723787411e+00      0.000000000000000e+00
    3.303209455293658e+00      0.000000000000000e+00
    3.309470186799905e+00      0.000000000000000e+00
    3.315730918306152e+00      0.000000000000000e+00
    3.321991649812399e+00      0.000000000000000e+00
    3.328252381318646e+00      0.000000000000000e+00
    3.334513112824892e+00      0.000000000000000e+00
    3.340773844331139e+00      0.000000000000000e+00
    3.347034575837386e+00      0.000000000000000e+00
    3.353295307343633e+00      0.000000000000000e+00
    3.359556038849880e+00      0.000000000000000e+00
    3.365816770356127e+00      0.000000000000000e+00
    3.372077501862373e+00      0.000000000000000e+00
    3.378338233368620e+00      0.000000000000000e+00
    3.384598964874867e+00      0.000000000000000e+00
    3.390859696381114e+00      0.000000000000000e+00
    3.397120427887361e+00      0.000000000000000e+00
    3.403381159393608e+00      0.000000000000000e+00
    3.409641890899854e+00      0.000000000000000e+00
    3.415902622406101e+00      0.000000000000000e+00
    3.422163353912348e+00      0.000000000000000e+00
    3.428424085418595e+00      0.000000000000000e+00
    3.434684816924842e+00      0.000000000000000e+00
    3.440945548431089e+00      0.000000000000000e+00
    3.447206279937336e+00      0.000000000000000e+00
    3.453467011443582e+00      0.000000000000000e+00
    3.459727742949829e+00      0.000000000000000e+00
    3.465988474456076e+00      0.000000000000000e+00
    3.472249205962323e+00      0.000000000000000e+00
    3.478509937468570e+00      0.000000000000000e+00
    3.484770668974817e+00      0.000000000000000e+00
    3.491031400481063e+00      0.000000000000000e+00
    3.497292131987310e+00      0.000000000000000e+00
    3.503552863493557e+00      0.000000000000000e+00
    3.509813594999804e+00      0.000000000000000e+00
    3.516074326506051e+00      0.000000000000000e+00
    3.522335058012298e+00      0.000000000000000e+00
    3.528595789518544e+00      0.000000000000000e+00
    3.534856521024791e+00      0.000000000000000e+00
    3.541117252531038e+00      0.000000000000000e+00
    3.547377984037285e+00      0.000000000000000e+00
    3.553638715543532e+00      0.000000000000000e+00
    3.559899447049779e+00      0.000000000000000e+00
    3.566160178556026e+00      0.000000000000000e+00
    3.572420910062272e+00      0.000000000000000e+00
    3.578681641568519e+00      0.000000000000000e+00
    3.584942373074766e+00      0.000000000000000e+00
    3.591203104581013e+00      0.000000000000000e+00
    3.597463836087260e+00      0.000000000000000e+00
    3.603724567593507e+00      0.000000000000000e+00
    3.609985299099753e+00      0.000000000000000e+00
    3.616246030606000e+00      0.000000000000000e+00
    3.622506762112247e+00      0.000000000000000e+00
    3.628767493618493e+00      0.000000000000000e+00
    3.635028225124740e+00      0.000000000000000e+00
    3.641288956630987e+00      0.000000000000000e+00
    3.647549688137234e+00      0.000000000000000e+00
    3.653810419643481e+00      0.000000000000000e+00
    3.660071151149728e+00      0.000000000000000e+00
    3.666331882655975e+00      0.000000000000000e+00
    3.672592614162221e+00      0.000000000000000e+00
    3.678853345668468e+00      0.000000000000000e+00
    3.685114077174715e+00      0.000000000000000e+00
    3.691374808680962e+00      0.000000000000000e+00
    3.697635540187209e+00      0.000000000000000e+00
    3.703896271693456e+00      0.000000000000000e+00
    3.710157003199702e+00      0.000000000000000e+00
    3.716417734705949e+00      0.000000000000000e+00
    3.722678466212196e+00      0.000000000000000e+00
    3.728939197718443e+00      0.000000000000000e+00
    3.735199929224690e+00      0.000000000000000e+00
    3.741460660730937e+00      0.000000000000000e+00
    3.747721392237183e+00      0.000000000000000e+00
    3.753982123743430e+00      0.000000000000000e+00
    3.760242855249677e+00      0.000000000000000e+00
    3.766503586755924e+00      0.000000000000000e+00
    3.772764318262171e+00      0.000000000000000e+00
    3.779025049768418e+00      0.000000000000000e+00
    3.785285781274665e+00      0.000000000000000e+00
    3.791546512780911e+00      0.000000000000000e+00
    3.797807244287158e+00      0.000000000000000e+00
    3.804067975793405e+00      0.000000000000000e+00
    3.810328707299652e+00      0.000000000000000e+00
    3.816589438805899e+00      0.000000000000000e+00
    3.822850170312146e+00      0.000000000000000e+00
    3.829110901818392e+00      0.000000000000000e+00
    3.835371633324639e+00      0.000000000000000e+00
    3.841632364830886e+00      0.000000000000000e+00
    3.847893096337133e+00      0.000000000000000e+00
    3.854153827843380e+00      0.000000000000000e+00
    3.860414559349627e+00      0.000000000000000e+00
    3.866675290855873e+00      0.000000000000000e+00
    3.872936022362120e+00      0.000000000000000e+00
    3.879196753868367e+00      0.000000000000000e+00
    3.885457485374614e+00      0.000000000000000e+00
    3.891718216880861e+00      0.000000000000000e+00
    3.897978948387108e+00      0.000000000000000e+00
    3.904239679893355e+00      0.000000000000000e+00
    3.910500411399601e+00      0.000000000000000e+00
    3.916761142905848e+00      0.000000000000000e+00
    3.923021874412095e+00      0.000000000000000e+00
    3.929282605918342e+00      0.000000000000000e+00
    3.935543337424589e+00      0.000000000000000e+00
    3.941804068930836e+00      0.000000000000000e+00
    3.948064800437082e+00      0.000000000000000e+00
    3.954325531943329e+00      0.000000000000000e+00
    3.960586263449576e+00      0.000000000000000e+00
    3.966846994955823e+00      0.000000000000000e+00
    3.973107726462070e+00      0.000000000000000e+00
    3.979368457968317e+00      0.000000000000000e+00
    3.985629189474563e+00      0.000000000000000e+00
    3.991889920980810e+00      0.000000000000000e+00
    3.998150652487057e+00      0.000000000000000e+00
    4.004411383993304e+00      0.000000000000000e+00
    4.010672115499551e+00      0.000000000000000e+00
    4.016932847005798e+00      0.000000000000000e+00
    4.023193578512045e+00      0.000000000000000e+00
    4.029454310018291e+00      0.000000000000000e+00
    4.035715041524538e+00      0.000000000000000e+00
    4.041975773030785e+00      2.707216005903037e+00
    4.048236504537032e+00      0.000000000000000e+00
    4.054497236043279e+00      0.000000000000000e+00
    4.060757967549526e+00      0.000000000000000e+00
    4.067018699055772e+00      0.000000000000000e+00
    4.073279430562019e+00      0.000000000000000e+00
    4.079540162068266e+00      0.000000000000000e+00
    4.085800893574513e+00      0.000000000000000e+00
    4.092061625080760e+00      0.000000000000000e+00
    4.098322356587007e+00      0.000000000000000e+00
    4.104583088093253e+00      0.000000000000000e+00
    4.110843819599500e+00      0.000000000000000e+00
    4.117104551105747e+00      0.000000000000000e+00
    4.123365282611994e+00      0.000000000000000e+00
    4.129626014118241e+00      0.000000000000000e+00
    4.135886745624488e+00      0.000000000000000e+00
    4.142147477130735e+00      0.000000000000000e+00
    4.148408208636981e+00      0.000000000000000e+00
    4.154668940143228e+00      0.000000000000000e+00
    4.160929671649475e+00      0.000000000000000e+00
    4.167190403155722e+00      0.000000000000000e+00
    4.173451134661969e+00      0.000000000000000e+00
    4.179711866168216e+00      0.000000000000000e+00
    4.185972597674462e+00      0.000000000000000e+00
    4.192233329180709e+00      0.000000000000000e+00
    4.198494060686956e+00      0.000000000000000e+00
    4.204754792193203e+00      0.000000000000000e+00
    4.211015523699450e+00      0.000000000000000e+00
    4.217276255205697e+00      0.000000000000000e+00
    4.223536986711943e+00      0.000000000000000e+00
    4.229797718218190e+00      0.000000000000000e+00
    4.236058449724437e+00      0.000000000000000e+00
    4.242319181230684e+00      0.000000000000000e+00
    4.248579912736931e+00      0.000000000000000e+00
    4.254840644243178e+00      0.000000000000000e+00
    4.261101375749424e+00      0.000000000000000e+00
    4.267362107255671e+00      0.000000000000000e+00
    4.273622838761918e+00      0.000000000000000e+00
    4.279883570268165e+00      0.000000000000000e+00
    4.286144301774412e+00      0.000000000000000e+00
    4.292405033280659e+00      0.000000000000000e+00
    4.298665764786906e+00      0.000000000000000e+00
    4.304926496293152e+00      0.000000000000000e+00
    4.311187227799399e+00      0.000000000000000e+00
    4.317447959305646e+00      0.000000000000000e+00
    4.323708690811893e+00      0.000000000000000e+00
    4.329969422318140e+00      0.000000000000000e+00
    4.336230153824387e+00      0.000000000000000e+00
    4.342490885330633e+00      0.000000000000000e+00
    4.348751616836880e+00      0.000000000000000e+00
    4.355012348343127e+00      0.000000000000000e+00
    4.361273079849374e+00      0.000000000000000e+00
    4.367533811355621e+00      0.000000000000000e+00
    4.373794542861868e+00      0.000000000000000e+00
    4.380055274368114e+00      0.000000000000000e+00
    4.386316005874361e+00      0.000000000000000e+00
    4.392576737380608e+00      0.000000000000000e+00
    4.398837468886855e+00      0.000000000000000e+00
    4.405098200393102e+00      0.000000000000000e+00
    4.411358931899349e+00      0.000000000000000e+00
    4.417619663405596e+00      0.000000000000000e+00
    4.423880394911842e+00      0.000000000000000e+00
    4.430141126418089e+00      0.000000000000000e+00
    4.436401857924336e+00      0.000000000000000e+00
    4.442662589430583e+00      0.000000000000000e+00
    4.448923320936830e+00      0.000000000000000e+00
    4.455184052443077e+00      0.000000000000000e+00
    4.461444783949323e+00      0.000000000000000e+00
    4.467705515455570e+00      0.000000000000000e+00
    4.473966246961817e+00      0.000000000000000e+00
    4.480226978468064e+00      0.000000000000000e+00
    4.486487709974311e+00      0.000000000000000e+00
    4.492748441480558e+00      0.000000000000000e+00
    4.499009172986804e+00      0.000000000000000e+00
    4.505269904493051e+00      0.000000000000000e+00
    4.511530635999298e+00      0.000000000000000e+00
    4.517791367505545e+00      0.000000000000000e+00
    4.524052099011791e+00      0.000000000000000e+00
    4.530312830518038e+00      0.000000000000000e+00
    4.536573562024285e+00      0.000000000000000e+00
    4.542834293530531e+00      0.000000000000000e+00
    4.549095025036778e+00      0.000000000000000e+00
    4.555355756543025e+00      0.000000000000000e+00
    4.561616488049272e+00      0.000000000000000e+00
    4.567877219555519e+00      0.000000000000000e+00
    4.574137951061766e+00      0.000000000000000e+00
    4.580398682568013e+00      0.000000000000000e+00
    4.586659414074259e+00      0.000000000000000e+00
    4.592920145580506e+00      0.000000000000000e+00
    4.599180877086753e+00      0.000000000000000e+00
    4.605441608593000e+00      0.000000000000000e+00
    4.611702340099247e+00      0.000000000000000e+00
    4.617963071605494e+00      0.000000000000000e+00
    4.624223803111740e+00      0.000000000000000e+00
    4.630484534617987e+00      0.000000000000000e+00
    4.636745266124234e+00      0.000000000000000e+00
    4.643005997630481e+00      0.000000000000000e+00
    4.649266729136728e+00      0.000000000000000e+00
    4.655527460642975e+00      0.000000000000000e+00
    4.661788192149221e+00      0.000000000000000e+00
    4.668048923655468e+00      0.000000000000000e+00
    4.674309655161715e+00      0.000000000000000e+00
    4.680570386667962e+00      0.000000000000000e+00
    4.686831118174209e+00      0.000000000000000e+00
    4.693091849680456e+00      0.000000000000000e+00
    4.699352581186703e+00      0.000000000000000e+00
    4.705613312692949e+00      0.000000000000000e+00
    4.711874044199196e+00      0.000000000000000e+00
    4.718134775705443e+00      0.000000000000000e+00
    4.724395507211690e+00      0.000000000000000e+00
    4.730656238717937e+00      0.000000000000000e+00
    4.736916970224184e+00      0.000000000000000e+00
    4.743177701730430e+00      0.000000000000000e+00
    4.749438433236677e+00      0.000000000000000e+00
    4.755699164742924e+00      0.000000000000000e+00
    4.761959896249171e+00      0.000000000000000e+00
    4.768220627755418e+00      0.000000000000000e+00
    4.774481359261665e+00      0.000000000000000e+00
    4.780742090767911e+00      0.000000000000000e+00
    4.787002822274158e+00      0.000000000000000e+00
    4.793263553780405e+00      0.000000000000000e+00
    4.799524285286652e+00      0.000000000000000e+00
    4.805785016792899e+00      0.000000000000000e+00
    4.812045748299146e+00      0.000000000000000e+00
    4.818306479805393e+00      0.000000000000000e+00
    4.824567211311639e+00      0.000000000000000e+00
    4.830827942817886e+00      0.000000000000000e+00
    4.837088674324133e+00      0.000000000000000e+00
    4.843349405830380e+00      0.000000000000000e+00
    4.849610137336627e+00      0.000000000000000e+00
    4.855870868842874e+00      0.000000000000000e+00
    4.862131600349120e+00      0.000000000000000e+00
    4.868392331855367e+00      0.000000000000000e+00
    4.874653063361614e+00      0.000000000000000e+00
    4.880913794867861e+00      0.000000000000000e+00
    4.887174526374108e+00      0.000000000000000e+00
    4.893435257880355e+00      0.000000000000000e+00
    4.899695989386601e+00      0.000000000000000e+00
    4.905956720892848e+00      0.000000000000000e+00
    4.912217452399095e+00      0.000000000000000e+00
    4.918478183905342e+00      0.000000000000000e+00
    4.924738915411589e+00      0.000000000000000e+00
    4.930999646917836e+00      0.000000000000000e+00
    4.937260378424082e+00      0.000000000000000e+00
    4.943521109930329e+00      0.000000000000000e+00
    4.949781841436576e+00      0.000000000000000e+00
    4.956042572942823e+00      0.000000000000000e+00
    4.962303304449070e+00      0.000000000000000e+00
    4.968564035955317e+00      0.000000000000000e+00
    4.974824767461564e+00      0.000000000000000e+00
    4.981085498967809e+00      0.000000000000000e+00
    4.987346230474056e+00      0.000000000000000e+00
    4.993606961980303e+00      0.000000000000000e+00
    4.999867693486550e+00      0.000000000000000e+00
    5.006128424992797e+00      0.000000000000000e+00
    5.012389156499044e+00      0.000000000000000e+00
    5.018649888005291e+00      0.000000000000000e+00
    5.024910619511537e+00      0.000000000000000e+00
    5.031171351017784e+00      0.000000000000000e+00
    5.037432082524031e+00      0.000000000000000e+00
    5.043692814030278e+00      0.000000000000000e+00
    5.049953545536525e+00      0.000000000000000e+00
    5.056214277042772e+00      0.000000000000000e+00
    5.062475008549018e+00      0.000000000000000e+00
    5.068735740055265e+00      0.000000000000000e+00
    5.074996471561512e+00      0.000000000000000e+00
    5.081257203067759e+00      0.000000000000000e+00
    5.087517934574007e+00      0.000000000000000e+00
    5.093778666080254e+00      0.000000000000000e+00
    5.100039397586500e+00      0.000000000000000e+00
    5.106300129092747e+00      0.000000000000000e+00
    5.112560860598994e+00      0.000000000000000e+00
    5.118821592105241e+00      0.000000000000000e+00
    5.125082323611488e+00      0.000000000000000e+00
    5.131343055117735e+00      0.000000000000000e+00
    5.137603786623981e+00      0.000000000000000e+00
    5.143864518130228e+00      0.000000000000000e+00
    5.150125249636475e+00      0.000000000000000e+00
    5.156385981142722e+00      0.000000000000000e+00
    5.162646712648969e+00      0.000000000000000e+00
    5.168907444155216e+00      0.000000000000000e+00
    5.175168175661462e+00      0.000000000000000e+00
    5.181428907167709e+00      0.000000000000000e+00
    5.187689638673956e+00      0.000000000000000e+00
    5.193950370180203e+00      0.000000000000000e+00
    5.200211101686450e+00      0.000000000000000e+00
    5.206471833192697e+00      0.000000000000000e+00
    5.212732564698943e+00      0.000000000000000e+00
    5.218993296205189e+00      0.000000000000000e+00
    5.225254027711436e+00      0.000000000000000e+00
    5.231514759217683e+00      0.000000000000000e+00
    5.237775490723930e+00      0.000000000000000e+00
    5.244036222230177e+00      0.000000000000000e+00
    5.250296953736424e+00      0.000000000000000e+00
    5.256557685242671e+00      0.000000000000000e+00
    5.262818416748917e+00      0.000000000000000e+00
    5.269079148255164e+00      0.000000000000000e+00
    5.275339879761411e+00      0.000000000000000e+00
    5.281600611267658e+00      0.000000000000000e+00
    5.287861342773905e+00      0.000000000000000e+00
    5.294122074280152e+00      0.000000000000000e+00
    5.300382805786398e+00      0.000000000000000e+00
    5.306643537292645e+00      0.000000000000000e+00
    5.312904268798892e+00      0.000000000000000e+00
    5.319165000305139e+00      0.000000000000000e+00
    5.325425731811386e+00      0.000000000000000e+00
    5.331686463317633e+00      0.000000000000000e+00
    5.337947194823879e+00      0.000000000000000e+00
    5.344207926330126e+00      0.000000000000000e+00
    5.350468657836373e+00      0.000000000000000e+00
    5.356729389342620e+00      0.000000000000000e+00
    5.362990120848867e+00      0.000000000000000e+00
    5.369250852355114e+00      0.000000000000000e+00
    5.375511583861361e+00      0.000000000000000e+00
    5.381772315367607e+00      0.000000000000000e+00
    5.388033046873854e+00      0.000000000000000e+00
    5.394293778380101e+00      0.000000000000000e+00
    5.400554509886348e+00      0.000000000000000e+00
    5.406815241392595e+00      0.000000000000000e+00
    5.413075972898842e+00      0.000000000000000e+00
    5.419336704405088e+00      0.000000000000000e+00
    5.425597435911335e+00      0.000000000000000e+00
    5.431858167417582e+00      0.000000000000000e+00
    5.438118898923829e+00      0.000000000000000e+00
    5.444379630430076e+00      0.000000000000000e+00
    5.450640361936323e+00      0.000000000000000e+00
    5.456901093442569e+00      0.000000000000000e+00
    5.463161824948816e+00      0.000000000000000e+00
    5.469422556455063e+00      0.000000000000000e+00
    5.475683287961310e+00      0.000000000000000e+00
    5.481944019467557e+00      0.000000000000000e+00
    5.488204750973804e+00      0.000000000000000e+00
    5.494465482480051e+00      0.000000000000000e+00
    5.500726213986297e+00      0.000000000000000e+00
    5.506986945492544e+00      0.000000000000000e+00
    5.513247676998791e+00      0.000000000000000e+00
    5.519508408505038e+00      0.000000000000000e+00
    5.525769140011285e+00      0.000000000000000e+00
    5.532029871517532e+00      0.000000000000000e+00
    5.538290603023778e+00      0.000000000000000e+00
    5.544551334530025e+00      0.000000000000000e+00
    5.550812066036272e+00      0.000000000000000e+00
    5.557072797542519e+00      0.000000000000000e+00
    5.563333529048766e+00      0.000000000000000e+00
    5.569594260555013e+00      0.000000000000000e+00
    5.575854992061259e+00      0.000000000000000e+00
    5.582115723567506e+00      0.000000000000000e+00
    5.588376455073753e+00      0.000000000000000e+00
    5.594637186580000e+00      0.000000000000000e+00
    5.600897918086247e+00      0.000000000000000e+00
    5.607158649592494e+00      0.000000000000000e+00
    5.613419381098741e+00      0.000000000000000e+00
    5.619680112604987e+00      0.000000000000000e+00
    5.625940844111234e+00      0.000000000000000e+00
    5.632201575617481e+00      0.000000000000000e+00
    5.638462307123728e+00      0.000000000000000e+00
    5.644723038629975e+00      0.000000000000000e+00
    5.650983770136222e+00      0.000000000000000e+00
    5.657244501642468e+00      0.000000000000000e+00
    5.663505233148715e+00      0.000000000000000e+00
    5.669765964654962e+00      0.000000000000000e+00
    5.676026696161209e+00      0.000000000000000e+00
    5.682287427667456e+00      0.000000000000000e+00
    5.688548159173703e+00      0.000000000000000e+00
    5.694808890679949e+00      5.414432011806074e+00
    5.701069622186196e+00      0.000000000000000e+00
    5.707330353692443e+00      0.000000000000000e+00
    5.713591085198690e+00      0.000000000000000e+00
    5.719851816704937e+00      0.000000000000000e+00
    5.726112548211184e+00      0.000000000000000e+00
    5.732373279717430e+00      0.000000000000000e+00
    5.738634011223677e+00      0.000000000000000e+00
    5.744894742729924e+00      0.000000000000000e+00
    5.751155474236171e+00      0.000000000000000e+00
    5.757416205742418e+00      0.000000000000000e+00
    5.763676937248665e+00      0.000000000000000e+00
    5.769937668754912e+00      0.000000000000000e+00
    5.776198400261158e+00      0.000000000000000e+00
    5.782459131767405e+00      0.000000000000000e+00
    5.788719863273652e+00      0.000000000000000e+00
    5.794980594779899e+00      0.000000000000000e+00
    5.801241326286146e+00      0.000000000000000e+00
    5.807502057792393e+00      0.000000000000000e+00
    5.813762789298639e+00      0.000000000000000e+00
    5.820023520804886e+00      0.000000000000000e+00
    5.826284252311133e+00      0.000000000000000e+00
    5.832544983817380e+00      0.000000000000000e+00
    5.838805715323627e+00      0.000000000000000e+00
    5.845066446829874e+00      0.000000000000000e+00
    5.851327178336120e+00      0.000000000000000e+00
    5.857587909842367e+00      0.000000000000000e+00
    5.863848641348614e+00      0.000000000000000e+00
    5.870109372854861e+00      0.000000000000000e+00
    5.876370104361108e+00      0.000000000000000e+00
    5.882630835867355e+00      0.000000000000000e+00
    5.888891567373602e+00      0.000000000000000e+00
    5.895152298879848e+00      0.000000000000000e+00
    5.901413030386095e+00      0.000000000000000e+00
    5.907673761892342e+00      0.000000000000000e+00
    5.913934493398589e+00      0.000000000000000e+00
    5.920195224904836e+00      0.000000000000000e+00
    5.926455956411083e+00      0.000000000000000e+00
    5.932716687917329e+00      0.000000000000000e+00
    5.938977419423576e+00      0.000000000000000e+00
    5.945238150929823e+00      0.000000000000000e+00
    5.951498882436070e+00      0.000000000000000e+00
    5.957759613942317e+00      0.000000000000000e+00
    5.964020345448564e+00      0.000000000000000e+00
    5.970281076954810e+00      0.000000000000000e+00
    5.976541808461057e+00      0.000000000000000e+00
    5.982802539967304e+00      0.000000000000000e+00
    5.989063271473551e+00      0.000000000000000e+00
    5.995324002979798e+00      0.000000000000000e+00
    6.001584734486045e+00      0.000000000000000e+00
    6.007845465992292e+00      0.000000000000000e+00
    6.014106197498538e+00      0.000000000000000e+00
    6.020366929004785e+00      0.000000000000000e+00
    6.026627660511032e+00      0.000000000000000e+00
    6.032888392017279e+00      0.000000000000000e+00
    6.039149123523526e+00      0.000000000000000e+00
    6.045409855029773e+00      0.000000000000000e+00
    6.051670586536019e+00      0.000000000000000e+00
    6.057931318042266e+00      0.000000000000000e+00
    6.064192049548513e+00      0.000000000000000e+00
    6.070452781054760e+00      0.000000000000000e+00
    6.076713512561007e+00      0.000000000000000e+00
    6.082974244067254e+00      0.000000000000000e+00
    6.089234975573500e+00      0.000000000000000e+00
    6.095495707079747e+00      0.000000000000000e+00
    6.101756438585994e+00      0.000000000000000e+00
    6.108017170092241e+00      0.000000000000000e+00
    6.114277901598488e+00      0.000000000000000e+00
    6.120538633104735e+00      0.000000000000000e+00
    6.126799364610981e+00      0.000000000000000e+00
    6.133060096117227e+00      0.000000000000000e+00
    6.139320827623474e+00      0.000000000000000e+00
    6.145581559129721e+00      0.000000000000000e+00
    6.151842290635968e+00      0.000000000000000e+00
    6.158103022142215e+00      0.000000000000000e+00
    6.164363753648462e+00      0.000000000000000e+00
    6.170624485154709e+00      0.000000000000000e+00
    6.176885216660955e+00      0.000000000000000e+00
    6.183145948167202e+00      0.000000000000000e+00
    6.189406679673449e+00      0.000000000000000e+00
    6.195667411179696e+00      0.000000000000000e+00
    6.201928142685943e+00      0.000000000000000e+00
    6.208188874192190e+00      0.000000000000000e+00
    6.214449605698436e+00      0.000000000000000e+00
    6.220710337204683e+00      0.000000000000000e+00
    6.226971068710930e+00      0.000000000000000e+00
    6.233231800217177e+00      0.000000000000000e+00
    6.239492531723424e+00      0.000000000000000e+00
    6.245753263229671e+00      0.000000000000000e+00
    6.252013994735917e+00      0.000000000000000e+00
    6.258274726242164e+00      0.000000000000000e+00
    6.264535457748411e+00      0.000000000000000e+00
    6.270796189254658e+00      0.000000000000000e+00
    6.277056920760905e+00      0.000000000000000e+00
    6.283317652267152e+00      0.000000000000000e+00
    6.289578383773399e+00      0.000000000000000e+00
    6.295839115279645e+00      0.000000000000000e+00
    6.302099846785892e+00      0.000000000000000e+00
    6.308360578292139e+00      0.000000000000000e+00
    6.314621309798386e+00      0.000000000000000e+00
    6.320882041304633e+00      0.000000000000000e+00
    6.327142772810880e+00      0.000000000000000e+00
    6.333403504317126e+00      0.000000000000000e+00
    6.339664235823373e+00      0.000000000000000e+00
    6.345924967329620e+00      0.000000000000000e+00
    6.352185698835867e+00      0.000000000000000e+00
    6.358446430342114e+00      0.000000000000000e+00
    6.364707161848361e+00      0.000000000000000e+00
    6.370967893354607e+00      0.000000000000000e+00
    6.377228624860854e+00      0.000000000000000e+00
    6.383489356367101e+00      0.000000000000000e+00
    6.389750087873348e+00      0.000000000000000e+00
    6.396010819379595e+00      0.000000000000000e+00
    6.402271550885842e+00      0.000000000000000e+00
    6.408532282392088e+00      0.000000000000000e+00
    6.414793013898335e+00      0.000000000000000e+00
    6.421053745404582e+00      0.000000000000000e+00
    6.427314476910829e+00      0.000000000000000e+00
    6.433575208417076e+00      0.000000000000000e+00
    6.439835939923323e+00      0.000000000000000e+00
    6.446096671429570e+00      0.000000000000000e+00
    6.452357402935816e+00      0.000000000000000e+00
    6.458618134442063e+00      0.000000000000000e+00
    6.464878865948310e+00      0.000000000000000e+00
    6.471139597454557e+00      0.000000000000000e+00
    6.477400328960804e+00      0.000000000000000e+00
    6.483661060467051e+00      0.000000000000000e+00
    6.489921791973297e+00      0.000000000000000e+00
    6.496182523479544e+00      0.000000000000000e+00
    6.502443254985791e+00      0.000000000000000e+00
    6.508703986492038e+00      0.000000000000000e+00
    6.514964717998285e+00      0.000000000000000e+00
    6.521225449504532e+00      0.000000000000000e+00
    6.527486181010778e+00      0.000000000000000e+00
    6.533746912517025e+00      0.000000000000000e+00
    6.540007644023272e+00      0.000000000000000e+00
    6.546268375529519e+00      0.000000000000000e+00
    6.552529107035766e+00      0.000000000000000e+00
    6.558789838542013e+00      0.000000000000000e+00
    6.565050570048260e+00      0.000000000000000e+00
    6.571311301554506e+00      0.000000000000000e+00
    6.577572033060753e+00      0.000000000000000e+00
    6.583832764567000e+00      0.000000000000000e+00
    6.590093496073247e+00      0.000000000000000e+00
    6.596354227579494e+00      0.000000000000000e+00
    6.602614959085741e+00      0.000000000000000e+00
    6.608875690591987e+00      0.000000000000000e+00
    6.615136422098234e+00      0.000000000000000e+00
    6.621397153604481e+00      0.000000000000000e+00
    6.627657885110728e+00      0.000000000000000e+00
    6.633918616616975e+00      0.000000000000000e+00
    6.640179348123222e+00      0.000000000000000e+00
    6.646440079629468e+00      0.000000000000000e+00
    6.652700811135715e+00      0.000000000000000e+00
    6.658961542641962e+00      0.000000000000000e+00
    6.665222274148209e+00      0.000000000000000e+00
    6.671483005654456e+00      0.000000000000000e+00
    6.677743737160703e+00      0.000000000000000e+00
    6.684004468666950e+00      0.000000000000000e+00
    6.690265200173196e+00      0.000000000000000e+00
    6.696525931679443e+00      0.000000000000000e+00
    6.702786663185690e+00      0.000000000000000e+00
    6.709047394691937e+00      0.000000000000000e+00
    6.715308126198184e+00      0.000000000000000e+00
    6.721568857704431e+00      0.000000000000000e+00
    6.727829589210677e+00      0.000000000000000e+00
    6.734090320716924e+00      0.000000000000000e+00
    6.740351052223171e+00      0.000000000000000e+00
    6.746611783729418e+00      0.000000000000000e+00
    6.752872515235665e+00      0.000000000000000e+00
    6.759133246741912e+00      0.000000000000000e+00
    6.765393978248158e+00      0.000000000000000e+00
    6.771654709754405e+00      0.000000000000000e+00
    6.777915441260652e+00      0.000000000000000e+00
    6.784176172766899e+00      0.000000000000000e+00
    6.790436904273146e+00      0.000000000000000e+00
    6.796697635779393e+00      0.000000000000000e+00
    6.802958367285640e+00      0.000000000000000e+00
    6.809219098791886e+00      0.000000000000000e+00
    6.815479830298133e+00      0.000000000000000e+00
    6.821740561804380e+00      0.000000000000000e+00
    6.828001293310627e+00      0.000000000000000e+00
    6.834262024816874e+00      0.000000000000000e+00
    6.840522756323121e+00      0.000000000000000e+00
    6.846783487829367e+00      0.000000000000000e+00
    6.853044219335614e+00      0.000000000000000e+00
    6.859304950841861e+00      0.000000000000000e+00
    6.865565682348108e+00      0.000000000000000e+00
    6.871826413854355e+00      0.000000000000000e+00
    6.878087145360602e+00      0.000000000000000e+00
    6.884347876866848e+00      0.000000000000000e+00
    6.890608608373095e+00      0.000000000000000e+00
    6.896869339879342e+00      0.000000000000000e+00
    6.903130071385589e+00      0.000000000000000e+00
    6.909390802891836e+00      0.000000000000000e+00
    6.915651534398083e+00      0.000000000000000e+00
    6.921912265904330e+00      0.000000000000000e+00
    6.928172997410576e+00      0.000000000000000e+00
    6.934433728916823e+00      0.000000000000000e+00
    6.940694460423070e+00      0.000000000000000e+00
    6.946955191929317e+00      0.000000000000000e+00
    6.953215923435564e+00      0.000000000000000e+00
    6.959476654941811e+00      0.000000000000000e+00
    6.965737386448057e+00      0.000000000000000e+00
    6.971998117954304e+00      0.000000000000000e+00
    6.978258849460551e+00      0.000000000000000e+00
    6.984519580966798e+00      0.000000000000000e+00
    6.990780312473045e+00      0.000000000000000e+00
    6.997041043979292e+00      0.000000000000000e+00
    7.003301775485538e+00      0.000000000000000e+00
    7.009562506991785e+00      0.000000000000000e+00
    7.015823238498032e+00      0.000000000000000e+00
    7.022083970004279e+00      0.000000000000000e+00
    7.028344701510526e+00      0.000000000000000e+00
    7.034605433016773e+00      0.000000000000000e+00
    7.040866164523019e+00      0.000000000000000e+00
    7.047126896029265e+00      0.000000000000000e+00
    7.053387627535512e+00      0.000000000000000e+00
    7.059648359041759e+00      0.000000000000000e+00
    7.065909090548006e+00      0.000000000000000e+00
    7.072169822054253e+00      0.000000000000000e+00
    7.078430553560500e+00      0.000000000000000e+00
    7.084691285066747e+00      0.000000000000000e+00
    7.090952016572993e+00      0.000000000000000e+00
    7.097212748079240e+00      0.000000000000000e+00
    7.103473479585487e+00      0.000000000000000e+00
    7.109734211091734e+00      0.000000000000000e+00
    7.115994942597981e+00      0.000000000000000e+00
    7.122255674104228e+00      0.000000000000000e+00
    7.128516405610474e+00      0.000000000000000e+00
    7.134777137116721e+00      0.000000000000000e+00
    7.141037868622968e+00      0.000000000000000e+00
    7.147298600129215e+00      0.000000000000000e+00
    7.153559331635462e+00      0.000000000000000e+00
    7.159820063141709e+00      0.000000000000000e+00
    7.166080794647955e+00      0.000000000000000e+00
    7.172341526154202e+00      0.000000000000000e+00
    7.178602257660449e+00      0.000000000000000e+00
    7.184862989166696e+00      0.000000000000000e+00
    7.191123720672943e+00      0.000000000000000e+00
    7.197384452179190e+00      0.000000000000000e+00
    7.203645183685436e+00      0.000000000000000e+00
    7.209905915191683e+00      0.000000000000000e+00
    7.216166646697930e+00      0.000000000000000e+00
    7.222427378204177e+00      0.000000000000000e+00
    7.228688109710424e+00      0.000000000000000e+00
    7.234948841216671e+00      0.000000000000000e+00
    7.241209572722918e+00      0.000000000000000e+00
    7.247470304229164e+00      0.000000000000000e+00
    7.253731035735411e+00      0.000000000000000e+00
    7.259991767241658e+00      0.000000000000000e+00
    7.266252498747905e+00      0.000000000000000e+00
    7.272513230254152e+00      0.000000000000000e+00
    7.278773961760399e+00      0.000000000000000e+00
    7.285034693266645e+00      0.000000000000000e+00
    7.291295424772892e+00      0.000000000000000e+00
    7.297556156279139e+00      0.000000000000000e+00
    7.303816887785386e+00      0.000000000000000e+00
    7.310077619291633e+00      0.000000000000000e+00
    7.316338350797880e+00      0.000000000000000e+00
    7.322599082304126e+00      0.000000000000000e+00
    7.328859813810373e+00      0.000000000000000e+00
    7.335120545316620e+00      0.000000000000000e+00
    7.341381276822867e+00      2.707216005903037e+00
