#  Species 1: 137 CH3CN
#  1e+15 200.0 2.0 0.0 0.7   
#  Species 2: 154 CH3{13}CN
#  1e+19 350.0 4.5 0.0 0.1   
# N(cm^-2) T(K) dv(km/s) vlsr(km/s) size(") 
# isorato:  60.0 
238850.0  0.0
238850.1  0.0
238850.2  0.0
238850.30000000002  0.0
238850.40000000002  0.0
238850.50000000003  0.0
238850.60000000003  0.0
238850.70000000004  0.0
238850.80000000005  0.0
238850.90000000005  0.0
238851.00000000006  0.0
238851.10000000006  0.0
238851.20000000007  0.0
238851.30000000008  0.0
238851.40000000008  0.0
238851.5000000001  0.0
238851.6000000001  0.0
238851.7000000001  0.0
238851.8000000001  0.0
238851.9000000001  0.0
238852.00000000012  0.0
238852.10000000012  0.0
238852.20000000013  0.0
238852.30000000013  0.0
238852.40000000014  0.0
238852.50000000015  0.0
238852.60000000015  0.0
238852.70000000016  0.0
238852.80000000016  0.0
238852.90000000017  0.0
238853.00000000017  0.0
238853.10000000018  0.0
238853.2000000002  0.0
238853.3000000002  0.0
238853.4000000002  0.0
238853.5000000002  0.0
238853.6000000002  0.0
238853.70000000022  0.0
238853.80000000022  0.0
238853.90000000023  0.0
238854.00000000023  0.0
238854.10000000024  0.0
238854.20000000024  0.0
238854.30000000025  0.0
238854.40000000026  0.0
238854.50000000026  0.0
238854.60000000027  0.0
238854.70000000027  0.0
238854.80000000028  0.0
238854.90000000029  0.0
238855.0000000003  0.0
238855.1000000003  0.0
238855.2000000003  0.0
238855.3000000003  0.0
238855.4000000003  0.0
238855.50000000032  0.0
238855.60000000033  0.0
238855.70000000033  0.0
238855.80000000034  0.0
238855.90000000034  0.0
238856.00000000035  0.0
238856.10000000036  0.0
238856.20000000036  0.0
238856.30000000037  0.0
238856.40000000037  0.0
238856.50000000038  0.0
238856.60000000038  0.0
238856.7000000004  0.0
238856.8000000004  0.0
238856.9000000004  0.0
238857.0000000004  0.0
238857.1000000004  0.0
238857.20000000042  0.0
238857.30000000042  0.0
238857.40000000043  0.0
238857.50000000044  0.0
238857.60000000044  0.0
238857.70000000045  0.0
238857.80000000045  0.0
238857.90000000046  0.0
238858.00000000047  0.0
238858.10000000047  0.0
238858.20000000048  0.0
238858.30000000048  0.0
238858.4000000005  0.0
238858.5000000005  0.0
238858.6000000005  0.0
238858.7000000005  0.0
238858.8000000005  0.0
238858.90000000052  0.0
238859.00000000052  0.0
238859.10000000053  0.0
238859.20000000054  0.0
238859.30000000054  0.0
238859.40000000055  0.0
238859.50000000055  0.0
238859.60000000056  0.0
238859.70000000056  0.0
238859.80000000057  0.0
238859.90000000058  0.0
238860.00000000058  0.0
238860.1000000006  0.0
238860.2000000006  0.0
238860.3000000006  0.0
238860.4000000006  0.0
238860.5000000006  0.0
238860.60000000062  0.0
238860.70000000062  0.0
238860.80000000063  0.0
238860.90000000063  0.0
238861.00000000064  0.0
238861.10000000065  0.0
238861.20000000065  0.0
238861.30000000066  0.0
238861.40000000066  0.0
238861.50000000067  0.0
238861.60000000068  0.0
238861.70000000068  0.0
238861.8000000007  0.0
238861.9000000007  0.0
238862.0000000007  0.0
238862.1000000007  0.0
238862.2000000007  0.0
238862.30000000072  0.0
238862.40000000072  0.0
238862.50000000073  0.0
238862.60000000073  0.0
238862.70000000074  0.0
238862.80000000075  0.0
238862.90000000075  0.0
238863.00000000076  0.0
238863.10000000076  0.0
238863.20000000077  0.0
238863.30000000077  0.0
238863.40000000078  0.0
238863.5000000008  0.0
238863.6000000008  0.0
238863.7000000008  0.0
238863.8000000008  0.0
238863.9000000008  0.0
238864.00000000081  0.0
238864.10000000082  0.0
238864.20000000083  0.0
238864.30000000083  0.0
238864.40000000084  0.0
238864.50000000084  0.0
238864.60000000085  0.0
238864.70000000086  0.0
238864.80000000086  0.0
238864.90000000087  0.0
238865.00000000087  0.0
238865.10000000088  0.0
238865.20000000088  0.0
238865.3000000009  0.0
238865.4000000009  0.0
238865.5000000009  0.0
238865.6000000009  0.0
238865.7000000009  0.0
238865.80000000092  0.0
238865.90000000093  0.0
238866.00000000093  0.0
238866.10000000094  0.0
238866.20000000094  0.0
238866.30000000095  0.0
238866.40000000095  0.0
238866.50000000096  0.0
238866.60000000097  0.0
238866.70000000097  0.0
238866.80000000098  0.0
238866.90000000098  0.0
238867.000000001  0.0
238867.100000001  0.0
238867.200000001  0.0
238867.300000001  0.0
238867.400000001  0.0
238867.50000000102  0.0
238867.60000000102  0.0
238867.70000000103  0.0
238867.80000000104  0.0
238867.90000000104  0.0
238868.00000000105  0.0
238868.10000000105  0.0
238868.20000000106  0.0
238868.30000000107  0.0
238868.40000000107  0.0
238868.50000000108  0.0
238868.60000000108  0.0
238868.7000000011  0.0
238868.8000000011  0.0
238868.9000000011  0.0
238869.0000000011  0.0
238869.1000000011  0.0
238869.20000000112  0.0
238869.30000000112  0.0
238869.40000000113  0.0
238869.50000000114  0.0
238869.60000000114  0.0
238869.70000000115  0.0
238869.80000000115  0.0
238869.90000000116  0.0
238870.00000000116  0.0
238870.10000000117  0.0
238870.20000000118  0.0
238870.30000000118  0.0
238870.4000000012  0.0
238870.5000000012  0.0
238870.6000000012  0.0
238870.7000000012  0.0
238870.8000000012  0.0
238870.90000000122  0.0
238871.00000000122  0.0
238871.10000000123  0.0
238871.20000000123  0.0
238871.30000000124  0.0
238871.40000000125  0.0
238871.50000000125  0.0
238871.60000000126  0.0
238871.70000000126  0.0
238871.80000000127  0.0
238871.90000000127  0.0
238872.00000000128  0.0
238872.1000000013  0.0
238872.2000000013  0.0
238872.3000000013  0.0
238872.4000000013  0.0
238872.5000000013  0.0
238872.60000000132  0.0
238872.70000000132  0.0
238872.80000000133  0.0
238872.90000000133  0.0
238873.00000000134  0.0
238873.10000000134  0.0
238873.20000000135  0.0
238873.30000000136  0.0
238873.40000000136  0.0
238873.50000000137  0.0
238873.60000000137  0.0
238873.70000000138  0.0
238873.80000000139  0.0
238873.9000000014  0.0
238874.0000000014  0.0
238874.1000000014  0.0
238874.2000000014  0.0
238874.3000000014  0.0
238874.40000000142  0.0
238874.50000000143  0.0
238874.60000000143  0.0
238874.70000000144  0.0
238874.80000000144  0.0
238874.90000000145  0.0
238875.00000000146  0.0
238875.10000000146  0.0
238875.20000000147  0.0
238875.30000000147  0.0
238875.40000000148  0.0
238875.50000000148  0.0
238875.6000000015  0.0
238875.7000000015  0.0
238875.8000000015  0.0
238875.9000000015  0.0
238876.0000000015  0.0
238876.10000000152  0.0
238876.20000000153  0.0
238876.30000000153  0.0
238876.40000000154  0.0
238876.50000000154  0.0
238876.60000000155  0.0
238876.70000000155  0.0
238876.80000000156  0.0
238876.90000000157  0.0
238877.00000000157  0.0
238877.10000000158  0.0
238877.20000000158  0.0
238877.3000000016  0.0
238877.4000000016  0.0
238877.5000000016  0.0
238877.6000000016  0.0
238877.7000000016  0.0
238877.80000000162  0.0
238877.90000000162  0.0
238878.00000000163  0.0
238878.10000000164  0.0
238878.20000000164  0.0
238878.30000000165  0.0
238878.40000000165  0.0
238878.50000000166  0.0
238878.60000000166  0.0
238878.70000000167  0.0
238878.80000000168  0.0
238878.90000000168  0.0
238879.0000000017  0.0
238879.1000000017  0.0
238879.2000000017  0.0
238879.3000000017  0.0
238879.4000000017  0.0
238879.50000000172  0.0
238879.60000000172  0.0
238879.70000000173  0.0
238879.80000000173  0.0
238879.90000000174  0.0
238880.00000000175  0.0
238880.10000000175  0.0
238880.20000000176  0.0
238880.30000000176  0.0
238880.40000000177  0.0
238880.50000000178  0.0
238880.60000000178  0.0
238880.7000000018  0.0
238880.8000000018  0.0
238880.9000000018  0.0
238881.0000000018  0.0
238881.1000000018  0.0
238881.20000000182  0.0
238881.30000000182  0.0
238881.40000000183  0.0
238881.50000000183  0.0
238881.60000000184  0.0
238881.70000000185  0.0
238881.80000000185  0.0
238881.90000000186  0.0
238882.00000000186  0.0
238882.10000000187  0.0
238882.20000000187  0.0
238882.30000000188  0.0
238882.4000000019  0.0
238882.5000000019  0.0
238882.6000000019  0.0
238882.7000000019  0.0
238882.8000000019  0.0
238882.90000000192  0.0
238883.00000000192  0.0
238883.10000000193  0.0
238883.20000000193  0.0
238883.30000000194  0.0
238883.40000000194  0.0
238883.50000000195  0.0
238883.60000000196  0.0
238883.70000000196  0.0
238883.80000000197  0.0
238883.90000000197  0.0
238884.00000000198  0.0
238884.10000000198  0.0
238884.200000002  0.0
238884.300000002  0.0
238884.400000002  0.0
238884.500000002  0.0
238884.600000002  0.0
238884.70000000202  0.0
238884.80000000203  0.0
238884.90000000203  0.0
238885.00000000204  0.0
238885.10000000204  0.0
238885.20000000205  0.0
238885.30000000205  0.0
238885.40000000206  0.0
238885.50000000207  0.0
238885.60000000207  0.0
238885.70000000208  0.0
238885.80000000208  0.0
238885.9000000021  0.0
238886.0000000021  0.0
238886.1000000021  0.0
238886.2000000021  0.0
238886.3000000021  0.0
238886.40000000212  0.0
238886.50000000212  0.0
238886.60000000213  0.0
238886.70000000214  0.0
238886.80000000214  0.0
238886.90000000215  0.0
238887.00000000215  0.0
238887.10000000216  0.0
238887.20000000217  0.0
238887.30000000217  0.0
238887.40000000218  0.0
238887.50000000218  0.0
238887.6000000022  0.0
238887.7000000022  0.0
238887.8000000022  0.0
238887.9000000022  0.0
238888.0000000022  0.0
238888.10000000222  0.0
238888.20000000222  0.0
238888.30000000223  0.0
238888.40000000224  0.0
238888.50000000224  0.0
238888.60000000225  0.0
238888.70000000225  0.0
238888.80000000226  0.0
238888.90000000226  0.0
238889.00000000227  0.0
238889.10000000228  0.0
238889.20000000228  0.0
238889.3000000023  0.0
238889.4000000023  0.0
238889.5000000023  0.0
238889.6000000023  0.0
238889.7000000023  0.0
238889.80000000232  0.0
238889.90000000232  0.0
238890.00000000233  0.0
238890.10000000233  0.0
238890.20000000234  0.0
238890.30000000235  0.0
238890.40000000235  0.0
238890.50000000236  0.0
238890.60000000236  0.0
238890.70000000237  0.0
238890.80000000237  0.0
238890.90000000238  0.0
238891.0000000024  0.0
238891.1000000024  0.0
238891.2000000024  0.0
238891.3000000024  0.0
238891.4000000024  0.0
238891.50000000242  0.0
238891.60000000242  0.0
238891.70000000243  0.0
238891.80000000243  0.0
238891.90000000244  0.0
238892.00000000244  0.0
238892.10000000245  0.0
238892.20000000246  0.0
238892.30000000246  0.0
238892.40000000247  0.0
238892.50000000247  0.0
238892.60000000248  0.0
238892.7000000025  0.0
238892.8000000025  0.0
238892.9000000025  0.0
238893.0000000025  0.0
238893.1000000025  0.0
238893.20000000251  0.0
238893.30000000252  0.0
238893.40000000253  0.0
238893.50000000253  0.0
238893.60000000254  0.0
238893.70000000254  0.0
238893.80000000255  0.0
238893.90000000256  0.0
238894.00000000256  0.0
238894.10000000257  0.0
238894.20000000257  0.0
238894.30000000258  0.0
238894.40000000258  0.0
238894.5000000026  0.0
238894.6000000026  0.0
238894.7000000026  0.0
238894.8000000026  0.0
238894.9000000026  0.0
238895.00000000262  0.0
238895.10000000263  0.0
238895.20000000263  0.0
238895.30000000264  0.0
238895.40000000264  0.0
238895.50000000265  0.0
238895.60000000265  0.0
238895.70000000266  0.0
238895.80000000267  0.0
238895.90000000267  0.0
238896.00000000268  0.0
238896.10000000268  0.0
238896.2000000027  0.0
238896.3000000027  0.0
238896.4000000027  0.0
238896.5000000027  0.0
238896.6000000027  0.0
238896.70000000272  0.0
238896.80000000272  0.0
238896.90000000273  0.0
238897.00000000274  0.0
238897.10000000274  0.0
238897.20000000275  0.0
238897.30000000275  0.0
238897.40000000276  0.0
238897.50000000276  0.0
238897.60000000277  0.0
238897.70000000278  0.0
238897.80000000278  0.0
238897.9000000028  0.0
238898.0000000028  0.0
238898.1000000028  0.0
238898.2000000028  0.0
238898.3000000028  0.0
238898.40000000282  0.0
238898.50000000282  0.0
238898.60000000283  0.0
238898.70000000283  0.0
238898.80000000284  0.0
238898.90000000285  0.0
238899.00000000285  0.0
238899.10000000286  0.0
238899.20000000286  0.0
238899.30000000287  0.0
238899.40000000288  0.0
238899.50000000288  0.0
238899.6000000029  0.0
238899.7000000029  0.0
238899.8000000029  0.0
238899.9000000029  0.0
238900.0000000029  0.0
238900.10000000292  0.0
238900.20000000292  0.0
238900.30000000293  0.0
238900.40000000293  0.0
238900.50000000294  0.0
238900.60000000295  0.0
238900.70000000295  0.0
238900.80000000296  0.0
238900.90000000296  0.0
238901.00000000297  0.0
238901.10000000297  0.0
238901.20000000298  0.0
238901.300000003  0.0
238901.400000003  0.0
238901.500000003  0.0
238901.600000003  0.0
238901.700000003  0.0
238901.80000000302  0.0
238901.90000000302  0.0
238902.00000000303  0.0
238902.10000000303  0.0
238902.20000000304  0.0
238902.30000000304  0.0
238902.40000000305  0.0
238902.50000000306  0.0
238902.60000000306  0.0
238902.70000000307  0.0
238902.80000000307  0.0
238902.90000000308  0.0
238903.00000000309  0.0
238903.1000000031  0.0
238903.2000000031  0.0
238903.3000000031  0.0
238903.4000000031  0.0
238903.5000000031  0.0
238903.60000000312  0.0
238903.70000000313  0.0
238903.80000000313  0.0
238903.90000000314  0.0
238904.00000000314  0.0
238904.10000000315  0.0
238904.20000000315  0.0
238904.30000000316  0.0
238904.40000000317  0.0
238904.50000000317  0.0
238904.60000000318  0.0
238904.70000000318  0.0
238904.8000000032  0.0
238904.9000000032  0.0
238905.0000000032  0.0
238905.1000000032  0.0
238905.2000000032  0.0
238905.30000000322  0.0
238905.40000000322  0.0
238905.50000000323  0.0
238905.60000000324  0.0
238905.70000000324  0.0
238905.80000000325  0.0
238905.90000000325  0.0
238906.00000000326  0.0
238906.10000000327  0.0
238906.20000000327  0.0
238906.30000000328  0.0
238906.40000000328  0.0
238906.5000000033  0.0
238906.6000000033  0.0
238906.7000000033  0.0
238906.8000000033  0.0
238906.9000000033  0.0
238907.00000000332  0.0
238907.10000000332  0.0
238907.20000000333  4.6074255521944e-15
238907.30000000334  9.2148511043888e-15
238907.40000000334  2.761679773755077e-14
238907.50000000335  9.20652443170411e-14
238907.60000000335  2.808031585033177e-13
238907.70000000336  8.516520821899576e-13
238907.80000000336  2.5227320232801276e-12
238907.90000000337  7.296607762441454e-12
238908.00000000338  2.0651480525657462e-11
238908.10000000338  5.718062134896229e-11
238908.2000000034  1.5489093341258808e-10
238908.3000000034  4.105306650181717e-10
238908.4000000034  1.0645849202184365e-09
238908.5000000034  2.701065593413432e-09
238908.6000000034  6.705169780518716e-09
238908.70000000342  1.6285644388602805e-08
238908.80000000342  3.87008132485267e-08
238908.90000000343  8.998195510923068e-08
238909.00000000343  2.0469670258815853e-07
238909.10000000344  4.556028265489953e-07
238909.20000000345  9.921608581098251e-07
238909.30000000345  2.1139654807766917e-06
238909.40000000346  4.406906248144438e-06
238909.50000000346  8.988554246192049e-06
238909.60000000347  1.793766782595685e-05
238909.70000000347  3.5023713598508754e-05
238909.80000000348  6.690806266579363e-05
238909.9000000035  0.00012505892864014823
238910.0000000035  0.00022870246139228279
238910.1000000035  0.00040921043070440977
238910.2000000035  0.0007163776249395903
238910.3000000035  0.0012270334126552318
238910.40000000352  0.002056312997541415
238910.50000000352  0.0033716278388035703
238910.60000000353  0.00540886802126056
238910.70000000353  0.00848961110626456
238910.80000000354  0.013037119564772881
238910.90000000354  0.019587775987017025
238911.00000000355  0.028793523720599595
238911.10000000356  0.04141014427874973
238911.20000000356  0.05826618080126189
238911.30000000357  0.08020838614353998
238911.40000000357  0.10802201271679757
238911.50000000358  0.14232811560088768
238911.6000000036  0.1834650029688403
238911.7000000036  0.23136631152404832
238911.8000000036  0.2854528076181069
238911.9000000036  0.34455762540557694
238912.0000000036  0.40690408379562903
238912.10000000361  0.4701508007446883
238912.20000000362  0.5315106786765572
238912.30000000363  0.5879395298964452
238912.40000000363  0.6363784949088498
238912.50000000364  0.67402422401561
238912.60000000364  0.6985941527400029
238912.70000000365  0.7085525763897367
238912.80000000366  0.7032671265557855
238912.90000000366  0.6830741357786235
238913.00000000367  0.6492438074680059
238913.10000000367  0.603850037512961
238913.20000000368  0.5495628638489596
238913.30000000368  0.4893916847686792
238913.4000000037  0.42641292377168527
238913.5000000037  0.36351588983164634
238913.6000000037  0.3031953704630587
238913.7000000037  0.24741019978135625
238913.8000000037  0.19751562552951407
238913.90000000372  0.15426601924918049
238914.00000000373  0.11787535452290598
238914.10000000373  0.08811725154560524
238914.20000000374  0.06444466883989802
238914.30000000374  0.046111062750507775
238914.40000000375  0.03227897745235772
238914.50000000375  0.02210728107504642
238914.60000000376  0.014813440455966553
238914.70000000377  0.009711474579589513
238914.80000000377  0.006229110835986318
238914.90000000378  0.003909137752414832
238915.00000000378  0.002400223961517206
238915.1000000038  0.0014419154655796185
238915.2000000038  0.0008475123810542107
238915.3000000038  0.0004873839239947497
238915.4000000038  0.00027423046719879385
238915.5000000038  0.00015096624761137822
238915.60000000382  8.131372578296103e-05
238915.70000000382  4.285167694284553e-05
238915.80000000383  2.209488853299746e-05
238915.90000000384  1.1146432249392602e-05
238916.00000000384  5.501739747754142e-06
238916.10000000385  2.6569557056987936e-06
238916.20000000385  1.2554190160218859e-06
238916.30000000386  5.803810404769738e-07
238916.40000000386  2.6251724763448614e-07
238916.50000000387  1.1617765249827272e-07
238916.60000000388  5.030457497778862e-08
238916.70000000388  2.1311423098469007e-08
238916.8000000039  8.833597076041144e-09
238916.9000000039  3.5824719302191e-09
238917.0000000039  1.4215021937324934e-09
238917.1000000039  5.518674961457748e-10
238917.2000000039  2.096217088798369e-10
238917.30000000392  7.790437739352285e-11
238917.40000000392  2.8326785361798557e-11
238917.50000000393  1.0077577661249393e-11
238917.60000000393  3.508054957634954e-12
238917.70000000394  1.1969591984239969e-12
238917.80000000395  3.9593328615694645e-13
238917.90000000395  1.2889689315898067e-13
238918.00000000396  4.143907439413397e-14
238918.10000000396  1.3822276656583199e-14
238918.20000000397  4.6074255521944e-15
238918.30000000398  0.0
238918.40000000398  0.0
238918.500000004  0.0
238918.600000004  0.0
238918.700000004  0.0
238918.800000004  0.0
238918.900000004  0.0
238919.00000000402  0.0
238919.10000000402  0.0
238919.20000000403  0.0
238919.30000000403  0.0
238919.40000000404  0.0
238919.50000000405  0.0
238919.60000000405  0.0
238919.70000000406  0.0
238919.80000000406  0.0
238919.90000000407  0.0
238920.00000000407  0.0
238920.10000000408  0.0
238920.2000000041  0.0
238920.3000000041  0.0
238920.4000000041  0.0
238920.5000000041  0.0
238920.6000000041  0.0
238920.70000000412  0.0
238920.80000000412  0.0
238920.90000000413  0.0
238921.00000000413  0.0
238921.10000000414  0.0
238921.20000000414  0.0
238921.30000000415  0.0
238921.40000000416  0.0
238921.50000000416  0.0
238921.60000000417  0.0
238921.70000000417  0.0
238921.80000000418  0.0
238921.90000000419  0.0
238922.0000000042  0.0
238922.1000000042  0.0
238922.2000000042  0.0
238922.3000000042  0.0
238922.4000000042  0.0
238922.50000000422  0.0
238922.60000000423  0.0
238922.70000000423  0.0
238922.80000000424  0.0
238922.90000000424  0.0
238923.00000000425  0.0
238923.10000000425  0.0
238923.20000000426  0.0
238923.30000000427  0.0
238923.40000000427  0.0
238923.50000000428  0.0
238923.60000000428  0.0
238923.7000000043  0.0
238923.8000000043  0.0
238923.9000000043  0.0
238924.0000000043  0.0
238924.1000000043  0.0
238924.20000000432  0.0
238924.30000000432  0.0
238924.40000000433  0.0
238924.50000000434  0.0
238924.60000000434  0.0
238924.70000000435  0.0
238924.80000000435  0.0
238924.90000000436  0.0
238925.00000000437  0.0
238925.10000000437  0.0
238925.20000000438  0.0
238925.30000000438  0.0
238925.4000000044  0.0
238925.5000000044  0.0
238925.6000000044  0.0
238925.7000000044  0.0
238925.8000000044  0.0
238925.90000000442  0.0
238926.00000000442  0.0
238926.10000000443  0.0
238926.20000000444  0.0
238926.30000000444  0.0
238926.40000000445  0.0
238926.50000000445  0.0
238926.60000000446  0.0
238926.70000000446  0.0
238926.80000000447  0.0
238926.90000000448  0.0
238927.00000000448  0.0
238927.1000000045  0.0
238927.2000000045  0.0
238927.3000000045  0.0
238927.4000000045  0.0
238927.5000000045  0.0
238927.60000000452  0.0
238927.70000000452  0.0
238927.80000000453  0.0
238927.90000000453  0.0
238928.00000000454  0.0
238928.10000000455  0.0
238928.20000000455  0.0
238928.30000000456  0.0
238928.40000000456  0.0
238928.50000000457  0.0
238928.60000000458  0.0
238928.70000000458  0.0
238928.8000000046  0.0
238928.9000000046  0.0
238929.0000000046  0.0
238929.1000000046  0.0
238929.2000000046  0.0
238929.30000000462  0.0
238929.40000000462  0.0
238929.50000000463  0.0
238929.60000000463  0.0
238929.70000000464  0.0
238929.80000000464  0.0
238929.90000000465  0.0
238930.00000000466  0.0
238930.10000000466  0.0
238930.20000000467  0.0
238930.30000000467  0.0
238930.40000000468  0.0
238930.5000000047  0.0
238930.6000000047  0.0
238930.7000000047  0.0
238930.8000000047  0.0
238930.9000000047  0.0
238931.00000000471  0.0
238931.10000000472  0.0
238931.20000000473  0.0
238931.30000000473  0.0
238931.40000000474  0.0
238931.50000000474  0.0
238931.60000000475  0.0
238931.70000000476  0.0
238931.80000000476  0.0
238931.90000000477  0.0
238932.00000000477  0.0
238932.10000000478  0.0
238932.20000000478  0.0
238932.3000000048  0.0
238932.4000000048  0.0
238932.5000000048  0.0
238932.6000000048  0.0
238932.7000000048  0.0
238932.80000000482  0.0
238932.90000000483  0.0
238933.00000000483  0.0
238933.10000000484  0.0
238933.20000000484  0.0
238933.30000000485  0.0
238933.40000000485  0.0
238933.50000000486  0.0
238933.60000000487  0.0
238933.70000000487  0.0
238933.80000000488  0.0
238933.90000000488  0.0
238934.0000000049  0.0
238934.1000000049  0.0
238934.2000000049  0.0
238934.3000000049  0.0
238934.4000000049  0.0
238934.50000000492  0.0
238934.60000000492  0.0
238934.70000000493  0.0
238934.80000000494  0.0
238934.90000000494  0.0
238935.00000000495  0.0
238935.10000000495  0.0
238935.20000000496  0.0
238935.30000000497  0.0
238935.40000000497  0.0
238935.50000000498  0.0
238935.60000000498  0.0
238935.700000005  0.0
238935.800000005  0.0
238935.900000005  0.0
238936.000000005  0.0
238936.100000005  0.0
238936.20000000502  0.0
238936.30000000502  0.0
238936.40000000503  0.0
238936.50000000503  0.0
238936.60000000504  0.0
238936.70000000505  0.0
238936.80000000505  0.0
238936.90000000506  0.0
238937.00000000506  0.0
238937.10000000507  0.0
238937.20000000508  0.0
238937.30000000508  0.0
238937.4000000051  0.0
238937.5000000051  0.0
238937.6000000051  0.0
238937.7000000051  0.0
238937.8000000051  0.0
238937.90000000512  0.0
238938.00000000512  0.0
238938.10000000513  0.0
238938.20000000513  0.0
238938.30000000514  0.0
238938.40000000515  0.0
238938.50000000515  0.0
238938.60000000516  0.0
238938.70000000516  0.0
238938.80000000517  0.0
238938.90000000517  0.0
238939.00000000518  0.0
238939.1000000052  0.0
238939.2000000052  0.0
238939.3000000052  0.0
238939.4000000052  0.0
238939.5000000052  0.0
238939.60000000522  0.0
238939.70000000522  0.0
238939.80000000523  0.0
238939.90000000523  0.0
238940.00000000524  0.0
238940.10000000524  0.0
238940.20000000525  0.0
238940.30000000526  0.0
238940.40000000526  0.0
238940.50000000527  0.0
238940.60000000527  0.0
238940.70000000528  0.0
238940.80000000529  0.0
238940.9000000053  0.0
238941.0000000053  0.0
238941.1000000053  0.0
238941.2000000053  0.0
238941.3000000053  0.0
238941.40000000532  0.0
238941.50000000533  0.0
238941.60000000533  0.0
238941.70000000534  0.0
238941.80000000534  0.0
238941.90000000535  0.0
238942.00000000536  0.0
238942.10000000536  0.0
238942.20000000537  0.0
238942.30000000537  0.0
238942.40000000538  0.0
238942.50000000538  0.0
238942.6000000054  0.0
238942.7000000054  0.0
238942.8000000054  0.0
238942.9000000054  0.0
238943.0000000054  0.0
238943.10000000542  0.0
238943.20000000542  0.0
238943.30000000543  0.0
238943.40000000544  0.0
238943.50000000544  0.0
238943.60000000545  0.0
238943.70000000545  0.0
238943.80000000546  0.0
238943.90000000547  0.0
238944.00000000547  0.0
238944.10000000548  0.0
238944.20000000548  0.0
238944.3000000055  0.0
238944.4000000055  0.0
238944.5000000055  0.0
238944.6000000055  0.0
238944.7000000055  0.0
238944.80000000552  0.0
238944.90000000552  0.0
238945.00000000553  0.0
238945.10000000554  0.0
238945.20000000554  0.0
238945.30000000555  0.0
238945.40000000555  0.0
238945.50000000556  0.0
238945.60000000556  0.0
238945.70000000557  0.0
238945.80000000558  0.0
238945.90000000558  0.0
238946.0000000056  0.0
238946.1000000056  0.0
238946.2000000056  0.0
238946.3000000056  0.0
238946.4000000056  0.0
238946.50000000562  0.0
238946.60000000562  0.0
238946.70000000563  0.0
238946.80000000563  0.0
238946.90000000564  0.0
238947.00000000565  0.0
238947.10000000565  0.0
238947.20000000566  0.0
238947.30000000566  0.0
238947.40000000567  0.0
238947.50000000568  0.0
238947.60000000568  0.0
238947.7000000057  0.0
238947.8000000057  0.0
238947.9000000057  0.0
238948.0000000057  0.0
238948.1000000057  0.0
238948.20000000572  0.0
238948.30000000572  0.0
238948.40000000573  0.0
238948.50000000573  0.0
238948.60000000574  0.0
238948.70000000575  0.0
238948.80000000575  0.0
238948.90000000576  0.0
238949.00000000576  0.0
238949.10000000577  0.0
238949.20000000577  0.0
238949.30000000578  0.0
238949.4000000058  0.0
238949.5000000058  0.0
238949.6000000058  0.0
238949.7000000058  0.0
238949.8000000058  0.0
238949.90000000581  0.0
238950.00000000582  0.0
238950.10000000583  0.0
238950.20000000583  0.0
238950.30000000584  0.0
238950.40000000584  0.0
238950.50000000585  0.0
238950.60000000586  0.0
238950.70000000586  0.0
238950.80000000587  0.0
238950.90000000587  0.0
238951.00000000588  0.0
238951.10000000588  0.0
238951.2000000059  0.0
238951.3000000059  0.0
238951.4000000059  0.0
238951.5000000059  0.0
238951.6000000059  0.0
238951.70000000592  0.0
238951.80000000593  0.0
238951.90000000593  0.0
238952.00000000594  0.0
238952.10000000594  0.0
238952.20000000595  0.0
238952.30000000595  0.0
238952.40000000596  0.0
238952.50000000597  0.0
238952.60000000597  0.0
238952.70000000598  0.0
238952.80000000598  0.0
238952.900000006  0.0
238953.000000006  0.0
238953.100000006  0.0
238953.200000006  0.0
238953.300000006  0.0
238953.40000000602  0.0
238953.50000000602  0.0
238953.60000000603  0.0
238953.70000000604  0.0
238953.80000000604  0.0
238953.90000000605  0.0
238954.00000000605  0.0
238954.10000000606  0.0
238954.20000000607  0.0
238954.30000000607  0.0
238954.40000000608  0.0
238954.50000000608  0.0
238954.6000000061  0.0
238954.7000000061  0.0
238954.8000000061  0.0
238954.9000000061  0.0
238955.0000000061  0.0
238955.10000000612  0.0
238955.20000000612  0.0
238955.30000000613  0.0
238955.40000000614  0.0
238955.50000000614  0.0
238955.60000000615  0.0
238955.70000000615  0.0
238955.80000000616  0.0
238955.90000000616  0.0
238956.00000000617  0.0
238956.10000000618  0.0
238956.20000000618  0.0
238956.3000000062  0.0
238956.4000000062  0.0
238956.5000000062  0.0
238956.6000000062  0.0
238956.7000000062  0.0
238956.80000000622  0.0
238956.90000000622  0.0
238957.00000000623  0.0
238957.10000000623  0.0
238957.20000000624  0.0
238957.30000000625  0.0
238957.40000000625  0.0
238957.50000000626  0.0
238957.60000000626  0.0
238957.70000000627  0.0
238957.80000000627  0.0
238957.90000000628  0.0
238958.0000000063  0.0
238958.1000000063  0.0
238958.2000000063  0.0
238958.3000000063  0.0
238958.4000000063  0.0
238958.50000000632  0.0
238958.60000000632  0.0
238958.70000000633  0.0
238958.80000000633  0.0
238958.90000000634  0.0
238959.00000000634  0.0
238959.10000000635  0.0
238959.20000000636  0.0
238959.30000000636  0.0
238959.40000000637  0.0
238959.50000000637  0.0
238959.60000000638  0.0
238959.70000000639  0.0
238959.8000000064  0.0
238959.9000000064  0.0
238960.0000000064  0.0
238960.1000000064  0.0
238960.2000000064  0.0
238960.30000000642  0.0
238960.40000000643  0.0
238960.50000000643  0.0
238960.60000000644  0.0
238960.70000000644  0.0
238960.80000000645  0.0
238960.90000000646  0.0
238961.00000000646  0.0
238961.10000000647  0.0
238961.20000000647  0.0
238961.30000000648  0.0
238961.40000000648  0.0
238961.5000000065  0.0
238961.6000000065  0.0
238961.7000000065  0.0
238961.8000000065  0.0
238961.9000000065  0.0
238962.00000000652  0.0
238962.10000000653  0.0
238962.20000000653  0.0
238962.30000000654  0.0
238962.40000000654  0.0
238962.50000000655  0.0
238962.60000000655  0.0
238962.70000000656  0.0
238962.80000000657  0.0
238962.90000000657  0.0
238963.00000000658  0.0
238963.10000000658  0.0
238963.2000000066  0.0
238963.3000000066  0.0
238963.4000000066  0.0
238963.5000000066  0.0
238963.6000000066  0.0
238963.70000000662  0.0
238963.80000000662  0.0
238963.90000000663  0.0
238964.00000000664  0.0
238964.10000000664  0.0
238964.20000000665  0.0
238964.30000000665  0.0
238964.40000000666  0.0
238964.50000000666  0.0
238964.60000000667  0.0
238964.70000000668  0.0
238964.80000000668  0.0
238964.9000000067  0.0
238965.0000000067  0.0
238965.1000000067  0.0
238965.2000000067  0.0
238965.3000000067  0.0
238965.40000000672  0.0
238965.50000000672  0.0
238965.60000000673  0.0
238965.70000000673  0.0
238965.80000000674  0.0
238965.90000000675  0.0
238966.00000000675  0.0
238966.10000000676  0.0
238966.20000000676  0.0
238966.30000000677  0.0
238966.40000000678  0.0
238966.50000000678  0.0
238966.6000000068  0.0
238966.7000000068  0.0
238966.8000000068  4.6074255521944e-15
238966.9000000068  1.3822276656583199e-14
238967.0000000068  4.143907439413397e-14
238967.10000000682  1.381394998389851e-13
238967.20000000682  4.374556272779273e-13
238967.30000000683  1.3491985306757215e-12
238967.40000000683  4.0475955920271645e-12
238967.50000000684  1.188951714858888e-11
238967.60000000685  3.4181185659676316e-11
238967.70000000685  9.612918794310588e-11
238967.80000000686  2.6451651979897406e-10
238967.90000000686  7.12160552751584e-10
238968.00000000687  1.875972016618377e-09
238968.10000000687  4.835049444151807e-09
238968.20000000688  1.2192693965573653e-08
238968.3000000069  3.0083153940152485e-08
238968.4000000069  7.262261741969311e-08
238968.5000000069  1.715320596673564e-07
238968.6000000069  3.96409058078806e-07
238968.7000000069  8.963274357176587e-07
238968.80000000692  1.9829632527945673e-06
238968.90000000692  4.292274559530851e-06
238969.00000000693  9.090445495935073e-06
238969.10000000693  1.883682366674022e-05
238969.20000000694  3.8190468432147684e-05
238969.30000000694  7.575774885157371e-05
238969.40000000695  0.00014703604704058293
238969.50000000696  0.00027921909501812947
238969.60000000696  0.0005187889386580047
238969.70000000697  0.0009431053123039601
238969.80000000697  0.0016774628446158402
238969.90000000698  0.0029192267444498876
238970.00000000698  0.004970537654197166
238970.100000007  0.008280511681060115
238970.200000007  0.013496645939256063
238970.300000007  0.0215230925010908
238970.400000007  0.03358050503806603
238970.500000007  0.051258413868731645
238970.60000000702  0.07654697365613608
238970.70000000703  0.11183126395942897
238970.80000000703  0.1598293012805237
238970.90000000704  0.22345599161468666
238971.00000000704  0.3056008126730193
238971.10000000705  0.4088179275907838
238971.20000000705  0.534943441204434
238971.30000000706  0.6846737410320768
238971.40000000707  0.8571576769273634
238971.50000000707  1.0496687918782899
238971.60000000708  1.2574268906620447
238971.70000000708  1.4736274906170899
238971.8000000071  1.689712907784852
238971.9000000071  1.8958835997798038
238972.0000000071  2.081809888319243
238972.1000000071  2.2374705442166043
238972.2000000071  2.354022834599693
238972.30000000712  2.4246020857905464
238972.40000000712  2.4449573237241715
238972.50000000713  2.413849962959324
238972.60000000714  2.3331705881884237
238972.70000000714  2.2077608056874345
238972.80000000715  2.04496005766069
238972.90000000715  1.8539286825362478
238973.00000000716  1.6448253135961441
238973.10000000717  1.4279349619426391
238973.20000000717  1.2128496677658012
238973.30000000718  1.0077937376529171
238973.40000000718  0.8191608068220048
238973.5000000072  0.6512946510912814
238973.6000000072  0.5065072030726268
238973.7000000072  0.3852937743086116
238973.8000000072  0.286683468081392
238973.9000000072  0.2086550715315012
238974.00000000722  0.14855433538503288
238974.10000000722  0.10346356956653904
238974.20000000723  0.0704937620946921
238974.30000000724  0.046988228479633715
238974.40000000724  0.03064183390448913
238974.50000000725  0.01954959432633807
238974.60000000725  0.012202982175661653
238974.70000000726  0.007452559686231874
238974.80000000726  0.004453081434213996
238974.90000000727  0.0026033625258294335
238975.00000000728  0.001489119902703201
238975.10000000728  0.0008333878120743432
238975.2000000073  0.00045633945614778626
238975.3000000073  0.0002444853775254996
238975.4000000073  0.00012815693621162638
238975.5000000073  6.572883265687501e-05
238975.6000000073  3.2983324299074024e-05
238975.70000000732  1.6194133126617993e-05
238975.80000000732  7.779394572998699e-06
238975.90000000733  3.6564423420704095e-06
238976.00000000733  1.6814985861202114e-06
238976.10000000734  7.5658745746221e-07
238976.20000000735  3.3307851782238274e-07
238976.30000000735  1.4346929316788604e-07
238976.40000000736  6.046390033098703e-08
238976.50000000736  2.4932061110094494e-08
238976.60000000737  1.0058773897148043e-08
238976.70000000737  3.970608702941192e-09
238976.80000000738  1.5335336056576665e-09
238976.9000000074  5.795018909182659e-10
238977.0000000074  2.1425963780963286e-10
238977.1000000074  7.7510747820142e-11
238977.2000000074  2.7431779070496987e-11
238977.3000000074  9.500039643839386e-12
238977.40000000742  3.2188696152957164e-12
238977.50000000742  1.0683398610211725e-12
238977.60000000743  3.4536262738527057e-13
238977.70000000743  1.1052270210143433e-13
238977.80000000744  3.222422328974517e-14
238977.90000000744  9.2148511043888e-15
238978.00000000745  4.6074255521944e-15
238978.10000000746  0.0
238978.20000000746  0.0
238978.30000000747  0.0
238978.40000000747  0.0
238978.50000000748  0.0
238978.6000000075  0.0
238978.7000000075  0.0
238978.8000000075  0.0
238978.9000000075  0.0
238979.0000000075  0.0
238979.10000000751  0.0
238979.20000000752  0.0
238979.30000000753  0.0
238979.40000000753  0.0
238979.50000000754  0.0
238979.60000000754  0.0
238979.70000000755  0.0
238979.80000000756  0.0
238979.90000000756  0.0
238980.00000000757  0.0
238980.10000000757  0.0
238980.20000000758  0.0
238980.30000000758  0.0
238980.4000000076  0.0
238980.5000000076  0.0
238980.6000000076  0.0
238980.7000000076  0.0
238980.8000000076  0.0
238980.90000000762  0.0
238981.00000000763  0.0
238981.10000000763  0.0
238981.20000000764  0.0
238981.30000000764  0.0
238981.40000000765  0.0
238981.50000000765  0.0
238981.60000000766  0.0
238981.70000000767  0.0
238981.80000000767  0.0
238981.90000000768  0.0
238982.00000000768  0.0
238982.1000000077  0.0
238982.2000000077  0.0
238982.3000000077  0.0
238982.4000000077  0.0
238982.5000000077  0.0
238982.60000000772  0.0
238982.70000000772  0.0
238982.80000000773  0.0
238982.90000000774  0.0
238983.00000000774  0.0
238983.10000000775  0.0
238983.20000000775  0.0
238983.30000000776  0.0
238983.40000000776  0.0
238983.50000000777  0.0
238983.60000000778  0.0
238983.70000000778  0.0
238983.8000000078  0.0
238983.9000000078  0.0
238984.0000000078  0.0
238984.1000000078  0.0
238984.2000000078  0.0
238984.30000000782  0.0
238984.40000000782  0.0
238984.50000000783  0.0
238984.60000000783  0.0
238984.70000000784  0.0
238984.80000000785  0.0
238984.90000000785  0.0
238985.00000000786  0.0
238985.10000000786  0.0
238985.20000000787  0.0
238985.30000000788  0.0
238985.40000000788  0.0
238985.5000000079  0.0
238985.6000000079  0.0
238985.7000000079  0.0
238985.8000000079  0.0
238985.9000000079  0.0
238986.00000000792  0.0
238986.10000000792  0.0
238986.20000000793  0.0
238986.30000000793  0.0
238986.40000000794  0.0
238986.50000000795  0.0
238986.60000000795  0.0
238986.70000000796  0.0
238986.80000000796  0.0
238986.90000000797  0.0
238987.00000000797  0.0
238987.10000000798  0.0
238987.200000008  0.0
238987.300000008  0.0
238987.400000008  0.0
238987.500000008  0.0
238987.600000008  0.0
238987.70000000802  0.0
238987.80000000802  0.0
238987.90000000803  0.0
238988.00000000803  0.0
238988.10000000804  0.0
238988.20000000804  0.0
238988.30000000805  0.0
238988.40000000806  0.0
238988.50000000806  0.0
238988.60000000807  0.0
238988.70000000807  0.0
238988.80000000808  0.0
238988.90000000809  0.0
238989.0000000081  0.0
238989.1000000081  0.0
238989.2000000081  0.0
238989.3000000081  0.0
238989.4000000081  0.0
238989.50000000812  0.0
238989.60000000813  0.0
238989.70000000813  0.0
238989.80000000814  0.0
238989.90000000814  0.0
238990.00000000815  0.0
238990.10000000815  0.0
238990.20000000816  0.0
238990.30000000817  0.0
238990.40000000817  0.0
238990.50000000818  0.0
238990.60000000818  0.0
238990.7000000082  0.0
238990.8000000082  0.0
238990.9000000082  0.0
238991.0000000082  0.0
238991.1000000082  0.0
238991.20000000822  0.0
238991.30000000822  0.0
238991.40000000823  0.0
238991.50000000824  0.0
238991.60000000824  0.0
238991.70000000825  0.0
238991.80000000825  0.0
238991.90000000826  0.0
238992.00000000827  0.0
238992.10000000827  0.0
238992.20000000828  0.0
238992.30000000828  0.0
238992.4000000083  0.0
238992.5000000083  0.0
238992.6000000083  0.0
238992.7000000083  0.0
238992.8000000083  0.0
238992.90000000832  0.0
238993.00000000832  0.0
238993.10000000833  0.0
238993.20000000834  0.0
238993.30000000834  0.0
238993.40000000835  0.0
238993.50000000835  0.0
238993.60000000836  0.0
238993.70000000836  0.0
238993.80000000837  0.0
238993.90000000838  0.0
238994.00000000838  0.0
238994.1000000084  0.0
238994.2000000084  0.0
238994.3000000084  0.0
238994.4000000084  0.0
238994.5000000084  0.0
238994.60000000842  0.0
238994.70000000842  0.0
238994.80000000843  0.0
238994.90000000843  0.0
238995.00000000844  0.0
238995.10000000845  0.0
238995.20000000845  0.0
238995.30000000846  0.0
238995.40000000846  0.0
238995.50000000847  0.0
238995.60000000848  0.0
238995.70000000848  0.0
238995.8000000085  0.0
238995.9000000085  0.0
238996.0000000085  0.0
238996.1000000085  0.0
238996.2000000085  0.0
238996.30000000852  0.0
238996.40000000852  0.0
238996.50000000853  0.0
238996.60000000853  0.0
238996.70000000854  0.0
238996.80000000854  0.0
238996.90000000855  0.0
238997.00000000856  0.0
238997.10000000856  0.0
238997.20000000857  0.0
238997.30000000857  0.0
238997.40000000858  0.0
238997.5000000086  0.0
238997.6000000086  0.0
238997.7000000086  0.0
238997.8000000086  0.0
238997.9000000086  0.0
238998.00000000861  0.0
238998.10000000862  0.0
238998.20000000863  0.0
238998.30000000863  0.0
238998.40000000864  0.0
238998.50000000864  0.0
238998.60000000865  0.0
238998.70000000866  0.0
238998.80000000866  0.0
238998.90000000867  0.0
238999.00000000867  0.0
238999.10000000868  0.0
238999.20000000868  0.0
238999.3000000087  0.0
238999.4000000087  0.0
238999.5000000087  0.0
238999.6000000087  0.0
238999.7000000087  0.0
238999.80000000872  0.0
238999.90000000873  0.0
239000.00000000873  0.0
239000.10000000874  0.0
239000.20000000874  0.0
239000.30000000875  0.0
239000.40000000875  0.0
239000.50000000876  0.0
239000.60000000877  0.0
239000.70000000877  0.0
239000.80000000878  0.0
239000.90000000878  0.0
239001.0000000088  0.0
239001.1000000088  0.0
239001.2000000088  0.0
239001.3000000088  0.0
239001.4000000088  0.0
239001.50000000882  0.0
239001.60000000882  0.0
239001.70000000883  0.0
239001.80000000884  0.0
239001.90000000884  0.0
239002.00000000885  0.0
239002.10000000885  0.0
239002.20000000886  0.0
239002.30000000887  0.0
239002.40000000887  0.0
239002.50000000888  0.0
239002.60000000888  0.0
239002.7000000089  0.0
239002.8000000089  0.0
239002.9000000089  0.0
239003.0000000089  0.0
239003.1000000089  0.0
239003.20000000892  0.0
239003.30000000892  0.0
239003.40000000893  0.0
239003.50000000893  0.0
239003.60000000894  0.0
239003.70000000895  0.0
239003.80000000895  0.0
239003.90000000896  0.0
239004.00000000896  0.0
239004.10000000897  0.0
239004.20000000898  0.0
239004.30000000898  0.0
239004.400000009  0.0
239004.500000009  0.0
239004.600000009  0.0
239004.700000009  0.0
239004.800000009  0.0
239004.90000000902  0.0
239005.00000000902  0.0
239005.10000000903  0.0
239005.20000000903  0.0
239005.30000000904  0.0
239005.40000000905  0.0
239005.50000000905  0.0
239005.60000000906  0.0
239005.70000000906  0.0
239005.80000000907  0.0
239005.90000000907  0.0
239006.00000000908  0.0
239006.1000000091  0.0
239006.2000000091  0.0
239006.3000000091  0.0
239006.4000000091  0.0
239006.5000000091  0.0
239006.60000000912  0.0
239006.70000000912  0.0
239006.80000000913  0.0
239006.90000000913  0.0
239007.00000000914  0.0
239007.10000000914  0.0
239007.20000000915  0.0
239007.30000000916  0.0
239007.40000000916  0.0
239007.50000000917  0.0
239007.60000000917  0.0
239007.70000000918  0.0
239007.80000000919  0.0
239007.9000000092  0.0
239008.0000000092  0.0
239008.1000000092  0.0
239008.2000000092  0.0
239008.3000000092  0.0
239008.40000000922  0.0
239008.50000000923  0.0
239008.60000000923  0.0
239008.70000000924  0.0
239008.80000000924  0.0
239008.90000000925  0.0
239009.00000000926  0.0
239009.10000000926  0.0
239009.20000000927  0.0
239009.30000000927  0.0
239009.40000000928  0.0
239009.50000000928  0.0
239009.6000000093  0.0
239009.7000000093  0.0
239009.8000000093  0.0
239009.9000000093  0.0
239010.0000000093  0.0
239010.10000000932  0.0
239010.20000000932  0.0
239010.30000000933  0.0
239010.40000000934  0.0
239010.50000000934  0.0
239010.60000000935  0.0
239010.70000000935  0.0
239010.80000000936  0.0
239010.90000000937  0.0
239011.00000000937  0.0
239011.10000000938  0.0
239011.20000000938  0.0
239011.3000000094  0.0
239011.4000000094  0.0
239011.5000000094  0.0
239011.6000000094  0.0
239011.7000000094  0.0
239011.80000000942  0.0
239011.90000000942  0.0
239012.00000000943  0.0
239012.10000000944  0.0
239012.20000000944  0.0
239012.30000000945  0.0
239012.40000000945  0.0
239012.50000000946  0.0
239012.60000000946  0.0
239012.70000000947  0.0
239012.80000000948  0.0
239012.90000000948  0.0
239013.0000000095  0.0
239013.1000000095  0.0
239013.2000000095  0.0
239013.3000000095  0.0
239013.4000000095  0.0
239013.50000000952  0.0
239013.60000000952  0.0
239013.70000000953  0.0
239013.80000000953  0.0
239013.90000000954  0.0
239014.00000000955  0.0
239014.10000000955  0.0
239014.20000000956  0.0
239014.30000000956  0.0
239014.40000000957  0.0
239014.50000000958  0.0
239014.60000000958  0.0
239014.7000000096  0.0
239014.8000000096  0.0
239014.9000000096  0.0
239015.0000000096  0.0
239015.1000000096  0.0
239015.20000000962  0.0
239015.30000000962  0.0
239015.40000000963  0.0
239015.50000000963  0.0
239015.60000000964  0.0
239015.70000000965  0.0
239015.80000000965  0.0
239015.90000000966  0.0
239016.00000000966  0.0
239016.10000000967  0.0
239016.20000000967  0.0
239016.30000000968  0.0
239016.4000000097  0.0
239016.5000000097  0.0
239016.6000000097  0.0
239016.7000000097  0.0
239016.8000000097  0.0
239016.90000000971  0.0
239017.00000000972  0.0
239017.10000000973  0.0
239017.20000000973  0.0
239017.30000000974  0.0
239017.40000000974  9.2148511043888e-15
239017.50000000975  2.3037127760971998e-14
239017.60000000976  7.829847881168917e-14
239017.70000000976  2.395028619872619e-13
239017.80000000977  7.461531392749521e-13
239017.90000000977  2.252226183330208e-12
239018.00000000978  6.660005880121389e-12
239018.10000000978  1.927530357548335e-11
239018.2000000098  5.459263596740982e-11
239018.3000000098  1.5129625330345675e-10
239018.4000000098  4.1025352559564965e-10
239018.5000000098  1.0884322332316287e-09
239018.6000000098  2.8253873962658105e-09
239018.70000000982  7.176030963895741e-09
239018.80000000983  1.78327836108938e-08
239018.90000000983  4.3359361046046985e-08
239019.00000000984  1.031514817451118e-07
239019.10000000984  2.4010264287888106e-07
239019.20000000985  5.468236265460114e-07
239019.30000000985  1.2185025929922766e-06
239019.40000000986  2.6566510127057352e-06
239019.50000000987  5.667237499618061e-06
239019.60000000987  1.1828704076899399e-05
239019.70000000988  2.4156374433093042e-05
239019.80000000988  4.8267537300000773e-05
239019.9000000099  9.436420341579765e-05
239020.0000000099  0.00018050451520831845
239020.1000000099  0.0003378293312262526
239020.2000000099  0.0006186355237630947
239020.3000000099  0.0011084092118011646
239020.40000000992  0.0019430879430588355
239020.50000000992  0.003332811461708468
239020.60000000993  0.0055931097603305335
239020.70000000994  0.009183703151684985
239020.80000000994  0.014753696051041348
239020.90000000995  0.023189836093471805
239021.00000000995  0.03566171660484305
239021.10000000996  0.053654571409438495
239021.20000000997  0.07897717992808043
239021.30000000997  0.11373021012043347
239021.40000000998  0.16022016432360994
239021.50000000998  0.22080710036720405
239021.60000001  0.29768134613728847
239021.70000001  0.39257567711960845
239021.80000001  0.5064339296924676
239021.90000001  0.6390724727292945
239022.00000001  0.7888838607142403
239022.10000001002  0.9526383415985169
239022.20000001002  1.1254353318447807
239022.30000001003  1.3008420677499912
239022.40000001004  1.4712317994497566
239022.50000001004  1.628303380712976
239022.60000001005  1.7637340346927428
239022.70000001005  1.869893637460185
239022.80000001006  1.9405365553366025
239022.90000001006  1.9713876473015366
239023.00000001007  1.9605515341022013
239023.10000001008  1.9086958655180402
239023.20000001008  1.8189866455768349
239023.3000000101  1.696783348122553
239023.4000000101  1.5491304158827521
239023.5000000101  1.3841065473975942
239023.6000000101  1.2101104845055988
239023.7000000101  1.0351685917446622
239023.80000001012  0.8663433849228074
239023.90000001012  0.7093036897148217
239024.00000001013  0.5680895312754018
239024.10000001013  0.4450737412494803
239024.20000001014  0.34109401054025823
239024.30000001015  0.25570905795953225
239024.40000001015  0.18752357342576323
239024.50000001016  0.1345284960714059
239024.60000001016  0.09441342131025993
239024.70000001017  0.06482264183306713
239024.80000001017  0.04354165779030206
239024.90000001018  0.02861401094068397
239025.0000000102  0.01839741020935634
239025.1000000102  0.011572994309063417
239025.2000000102  0.007122807673277359
239025.3000000102  0.004289207890762481
239025.4000000102  0.002527122121042835
239025.50000001022  0.0014568022561925464
239025.60000001022  0.0008216778268816671
239025.70000001023  0.00045345061683976784
239025.80000001023  0.00024484230259674833
239025.90000001024  0.0001293514466119694
239026.00000001024  6.686282343812411e-05
239026.10000001025  3.381635885441048e-05
239026.20000001026  1.6733922603262563e-05
239026.30000001026  8.102097934614694e-06
239026.40000001027  3.838186396709631e-06
239026.50000001027  1.7790308897702722e-06
239026.60000001028  8.06807213510341e-07
239026.70000001029  3.5800156325538346e-07
239026.8000000103  1.5542788422973075e-07
239026.9000000103  6.60239956040698e-08
239027.0000000103  2.7441229982771986e-08
239027.1000000103  1.1159229457158304e-08
239027.2000000103  4.440108336556392e-09
239027.30000001032  1.7285517184273402e-09
239027.40000001033  6.584134903953043e-10
239027.50000001033  2.4538460152712105e-10
239027.60000001034  8.948078389359182e-11
239027.70000001034  3.1924213272915836e-11
239027.80000001035  1.1146528144934109e-11
239027.90000001036  3.804567771936718e-12
239028.00000001036  1.2712608743470355e-12
239028.10000001037  4.145295218194178e-13
239028.20000001037  1.3358758543802196e-13
239028.30000001038  4.1466829969749597e-14
239028.40000001038  1.3822276656583199e-14
239028.5000000104  4.6074255521944e-15
239028.6000000104  0.0
239028.7000000104  0.0
239028.8000000104  0.0
239028.9000000104  0.0
239029.00000001042  0.0
239029.10000001042  0.0
239029.20000001043  0.0
239029.30000001044  0.0
239029.40000001044  0.0
239029.50000001045  0.0
239029.60000001045  0.0
239029.70000001046  0.0
239029.80000001047  0.0
239029.90000001047  0.0
239030.00000001048  0.0
239030.10000001048  0.0
239030.2000000105  0.0
239030.3000000105  0.0
239030.4000000105  0.0
239030.5000000105  0.0
239030.6000000105  0.0
239030.70000001052  0.0
239030.80000001052  0.0
239030.90000001053  0.0
239031.00000001054  0.0
239031.10000001054  0.0
239031.20000001055  0.0
239031.30000001055  0.0
239031.40000001056  0.0
239031.50000001056  0.0
239031.60000001057  0.0
239031.70000001058  0.0
239031.80000001058  0.0
239031.9000000106  0.0
239032.0000000106  0.0
239032.1000000106  0.0
239032.2000000106  0.0
239032.3000000106  0.0
239032.40000001062  0.0
239032.50000001062  0.0
239032.60000001063  0.0
239032.70000001063  0.0
239032.80000001064  0.0
239032.90000001065  0.0
239033.00000001065  0.0
239033.10000001066  0.0
239033.20000001066  0.0
239033.30000001067  0.0
239033.40000001068  0.0
239033.50000001068  0.0
239033.6000000107  0.0
239033.7000000107  0.0
239033.8000000107  0.0
239033.9000000107  0.0
239034.0000000107  0.0
239034.10000001072  0.0
239034.20000001072  0.0
239034.30000001073  0.0
239034.40000001073  0.0
239034.50000001074  0.0
239034.60000001075  0.0
239034.70000001075  0.0
239034.80000001076  0.0
239034.90000001076  0.0
239035.00000001077  0.0
239035.10000001077  0.0
239035.20000001078  0.0
239035.3000000108  0.0
239035.4000000108  0.0
239035.5000000108  0.0
239035.6000000108  0.0
239035.7000000108  0.0
239035.80000001081  0.0
239035.90000001082  0.0
239036.00000001083  0.0
239036.10000001083  0.0
239036.20000001084  0.0
239036.30000001084  0.0
239036.40000001085  0.0
239036.50000001086  0.0
239036.60000001086  0.0
239036.70000001087  0.0
239036.80000001087  0.0
239036.90000001088  0.0
239037.00000001088  0.0
239037.1000000109  0.0
239037.2000000109  0.0
239037.3000000109  0.0
239037.4000000109  0.0
239037.5000000109  0.0
239037.60000001092  0.0
239037.70000001093  0.0
239037.80000001093  0.0
239037.90000001094  0.0
239038.00000001094  0.0
239038.10000001095  0.0
239038.20000001095  0.0
239038.30000001096  0.0
239038.40000001097  0.0
239038.50000001097  0.0
239038.60000001098  0.0
239038.70000001098  0.0
239038.800000011  0.0
239038.900000011  0.0
239039.000000011  0.0
239039.100000011  0.0
239039.200000011  0.0
239039.30000001102  0.0
239039.40000001102  0.0
239039.50000001103  0.0
239039.60000001104  0.0
239039.70000001104  0.0
239039.80000001105  0.0
239039.90000001105  0.0
239040.00000001106  0.0
239040.10000001107  0.0
239040.20000001107  0.0
239040.30000001108  0.0
239040.40000001108  0.0
239040.5000000111  0.0
239040.6000000111  0.0
239040.7000000111  0.0
239040.8000000111  0.0
239040.9000000111  0.0
239041.00000001112  0.0
239041.10000001112  0.0
239041.20000001113  0.0
239041.30000001114  0.0
239041.40000001114  0.0
239041.50000001115  0.0
239041.60000001115  0.0
239041.70000001116  0.0
239041.80000001116  0.0
239041.90000001117  0.0
239042.00000001118  0.0
239042.10000001118  0.0
239042.2000000112  0.0
239042.3000000112  0.0
239042.4000000112  0.0
239042.5000000112  0.0
239042.6000000112  0.0
239042.70000001122  0.0
239042.80000001122  0.0
239042.90000001123  0.0
239043.00000001123  0.0
239043.10000001124  0.0
239043.20000001125  0.0
239043.30000001125  0.0
239043.40000001126  0.0
239043.50000001126  0.0
239043.60000001127  0.0
239043.70000001127  0.0
239043.80000001128  0.0
239043.9000000113  0.0
239044.0000000113  0.0
239044.1000000113  0.0
239044.2000000113  0.0
239044.3000000113  0.0
239044.40000001132  0.0
239044.50000001132  0.0
239044.60000001133  0.0
239044.70000001133  0.0
239044.80000001134  0.0
239044.90000001134  0.0
239045.00000001135  0.0
239045.10000001136  0.0
239045.20000001136  0.0
239045.30000001137  0.0
239045.40000001137  0.0
239045.50000001138  0.0
239045.60000001139  0.0
239045.7000000114  0.0
239045.8000000114  0.0
239045.9000000114  0.0
239046.0000000114  0.0
239046.1000000114  0.0
239046.20000001142  0.0
239046.30000001143  0.0
239046.40000001143  0.0
239046.50000001144  0.0
239046.60000001144  0.0
239046.70000001145  0.0
239046.80000001146  0.0
239046.90000001146  0.0
239047.00000001147  0.0
239047.10000001147  0.0
239047.20000001148  0.0
239047.30000001148  0.0
239047.4000000115  0.0
239047.5000000115  0.0
239047.6000000115  0.0
239047.7000000115  0.0
239047.8000000115  0.0
239047.90000001152  0.0
239048.00000001153  0.0
239048.10000001153  0.0
239048.20000001154  0.0
239048.30000001154  0.0
239048.40000001155  0.0
239048.50000001155  0.0
239048.60000001156  0.0
239048.70000001157  0.0
239048.80000001157  0.0
239048.90000001158  0.0
239049.00000001158  0.0
239049.1000000116  0.0
239049.2000000116  0.0
239049.3000000116  0.0
239049.4000000116  0.0
239049.5000000116  0.0
239049.60000001162  0.0
239049.70000001162  0.0
239049.80000001163  0.0
239049.90000001164  0.0
239050.00000001164  0.0
239050.10000001165  0.0
239050.20000001165  0.0
239050.30000001166  0.0
239050.40000001166  0.0
239050.50000001167  0.0
239050.60000001168  0.0
239050.70000001168  0.0
239050.8000000117  0.0
239050.9000000117  0.0
239051.0000000117  0.0
239051.1000000117  0.0
239051.2000000117  0.0
239051.30000001172  0.0
239051.40000001172  0.0
239051.50000001173  0.0
239051.60000001173  0.0
239051.70000001174  0.0
239051.80000001175  0.0
239051.90000001175  0.0
239052.00000001176  0.0
239052.10000001176  0.0
239052.20000001177  0.0
239052.30000001178  0.0
239052.40000001178  0.0
239052.5000000118  0.0
239052.6000000118  0.0
239052.7000000118  0.0
239052.8000000118  0.0
239052.9000000118  0.0
239053.00000001182  0.0
239053.10000001182  0.0
239053.20000001183  0.0
239053.30000001183  0.0
239053.40000001184  0.0
239053.50000001185  0.0
239053.60000001185  0.0
239053.70000001186  0.0
239053.80000001186  0.0
239053.90000001187  0.0
239054.00000001187  0.0
239054.10000001188  0.0
239054.2000000119  0.0
239054.3000000119  0.0
239054.4000000119  0.0
239054.5000000119  0.0
239054.6000000119  0.0
239054.70000001192  0.0
239054.80000001192  0.0
239054.90000001193  0.0
239055.00000001193  0.0
239055.10000001194  0.0
239055.20000001194  0.0
239055.30000001195  0.0
239055.40000001196  0.0
239055.50000001196  0.0
239055.60000001197  0.0
239055.70000001197  0.0
239055.80000001198  0.0
239055.90000001198  0.0
239056.000000012  0.0
239056.100000012  0.0
239056.200000012  0.0
239056.300000012  0.0
239056.400000012  0.0
239056.50000001202  0.0
239056.60000001203  0.0
239056.70000001203  0.0
239056.80000001204  0.0
239056.90000001204  0.0
239057.00000001205  0.0
239057.10000001205  0.0
239057.20000001206  0.0
239057.30000001207  0.0
239057.40000001207  0.0
239057.50000001208  0.0
239057.60000001208  0.0
239057.7000000121  0.0
239057.8000000121  0.0
239057.9000000121  0.0
239058.0000000121  0.0
239058.1000000121  0.0
239058.20000001212  0.0
239058.30000001212  0.0
239058.40000001213  0.0
239058.50000001214  0.0
239058.60000001214  0.0
239058.70000001215  4.6074255521944e-15
239058.80000001215  1.3822276656583199e-14
239058.90000001216  4.6074255521943996e-14
239059.00000001217  1.5201728764679956e-13
239059.10000001217  4.744815651491763e-13
239059.20000001218  1.460304099865084e-12
239059.30000001218  4.390127150699641e-12
239059.4000000122  1.2912448887902883e-11
239059.5000000122  3.715730501063774e-11
239059.6000000122  1.046310538210804e-10
239059.7000000122  2.882756533484354e-10
239059.8000000122  7.771164267644792e-10
239059.90000001222  2.0497080699399817e-09
239060.00000001222  5.289688631560097e-09
239060.10000001223  1.3356742961656565e-08
239060.20000001224  3.299918580057515e-08
239060.30000001224  7.976971047596315e-08
239060.40000001225  1.8867092418939357e-07
239060.50000001225  4.366204535144469e-07
239060.60000001226  9.88633489434898e-07
239060.70000001226  2.19027525710791e-06
239060.80000001227  4.74781964310278e-06
239060.90000001228  1.006982344245455e-05
239061.00000001228  2.0896887873267378e-05
239061.1000000123  4.2430041369695415e-05
239061.2000000123  8.429413022448262e-05
239061.3000000123  0.00016385253219086682
239061.4000000123  0.0003116310810102052
239061.5000000123  0.0005799090503560422
239061.60000001232  0.0010558690561380257
239061.70000001232  0.0018810076117450614
239061.80000001233  0.0032786887407253995
239061.90000001233  0.005591613920445743
239062.00000001234  0.00933036952557445
239062.10000001235  0.015232855595089967
239062.20000001235  0.02433207842361204
239062.30000001236  0.03802639533535085
239062.40000001236  0.05814194979165557
239062.50000001237  0.08697219724604857
239062.60000001237  0.12727501627952592
239062.70000001238  0.18220531100677717
239062.8000000124  0.25516195434741745
239062.9000000124  0.3495340939416637
239063.0000000124  0.46834435034751676
239063.1000000124  0.6138050870182439
239063.2000000124  0.7868265933640335
239063.30000001242  0.9865384056817503
239063.40000001242  1.2099011810334028
239063.50000001243  1.4514904449798185
239063.60000001243  1.7035209864553562
239063.70000001244  1.9561514291862911
239063.80000001244  2.1980671694010585
239063.90000001245  2.417294993410713
239064.00000001246  2.602164200346934
239064.10000001246  2.7423049762021336
239064.20000001247  2.829568773662391
239064.30000001247  2.858766390517409
239064.40000001248  2.8281428283118193
239064.5000000125  2.7395385533741017
239064.6000000125  2.598220391439953
239064.7000000125  2.412399644527477
239064.8000000125  2.1924885877083065
239064.9000000125  1.9501769279344414
239065.00000001251  1.6974329615968895
239065.10000001252  1.4455447441991847
239065.20000001253  1.204310156406763
239065.30000001253  0.9814602631156368
239065.40000001254  0.7823616131838306
239065.50000001254  0.6099982187442178
239065.60000001255  0.46519281474961555
239065.70000001256  0.34699812089217746
239065.80000001256  0.25317669625187433
239065.90000001257  0.1806922380980526
239066.00000001257  0.12615158938199994
239066.10000001258  0.08615917447467378
239066.20000001258  0.05756819027893165
239066.3000000126  0.0376313988018796
239066.4000000126  0.024066718958688532
239066.5000000126  0.015058845628439538
239066.6000000126  0.009218962078445192
239066.7000000126  0.005521960546806176
239066.80000001262  0.003236155082282449
239066.90000001263  0.0018556358567052844
239067.00000001263  0.0010410830274211746
239067.10000001264  0.000571489576583345
239067.20000001264  0.0003069462488001773
239067.30000001265  0.00016130501383540552
239067.40000001265  8.294022199356599e-05
239067.50000001266  4.172674117214337e-05
239067.60000001267  2.053977963534237e-05
239067.70000001267  9.892571067815492e-06
239067.80000001268  4.661811317641096e-06
239067.90000001268  2.1494746780259533e-06
239068.0000000127  9.697105252115534e-07
239068.1000000127  4.2803967453819425e-07
239068.2000000127  1.8486644295934163e-07
239068.3000000127  7.81203656763374e-08
239068.4000000127  3.230000586440518e-08
239068.50000001272  1.3066915688364489e-08
239068.60000001272  5.172205136405594e-09
239068.70000001273  2.0031349912130736e-09
239068.80000001274  7.590611472707565e-10
239068.90000001274  2.814324884248265e-10
239069.00000001275  1.0209705303410033e-10
239069.10000001275  3.6237512990311416e-11
239069.20000001276  1.2585932296360625e-11
239069.30000001276  4.275163556499706e-12
239069.40000001277  1.4235279621743757e-12
239069.50000001278  4.606870440682087e-13
239069.60000001278  1.4740986209460516e-13
239069.7000000128  4.6074255521943996e-14
239069.8000000128  1.3822276656583199e-14
239069.9000000128  4.6074255521944e-15
239070.0000000128  0.0
239070.1000000128  0.0
239070.20000001282  0.0
239070.30000001282  0.0
239070.40000001283  0.0
239070.50000001283  0.0
239070.60000001284  0.0
239070.70000001285  0.0
239070.80000001285  0.0
239070.90000001286  0.0
239071.00000001286  0.0
239071.10000001287  0.0
239071.20000001288  0.0
239071.30000001288  0.0
239071.4000000129  0.0
239071.5000000129  0.0
239071.6000000129  0.0
239071.7000000129  0.0
239071.8000000129  0.0
239071.90000001292  0.0
239072.00000001292  0.0
239072.10000001293  0.0
239072.20000001293  0.0
239072.30000001294  0.0
239072.40000001295  0.0
239072.50000001295  0.0
239072.60000001296  0.0
239072.70000001296  0.0
239072.80000001297  0.0
239072.90000001297  0.0
239073.00000001298  0.0
239073.100000013  0.0
239073.200000013  0.0
239073.300000013  0.0
239073.400000013  0.0
239073.500000013  0.0
239073.60000001302  0.0
239073.70000001302  0.0
239073.80000001303  0.0
239073.90000001303  0.0
239074.00000001304  0.0
239074.10000001304  0.0
239074.20000001305  0.0
239074.30000001306  0.0
239074.40000001306  0.0
239074.50000001307  0.0
239074.60000001307  0.0
239074.70000001308  0.0
239074.80000001309  0.0
239074.9000000131  0.0
239075.0000000131  0.0
239075.1000000131  0.0
239075.2000000131  0.0
239075.3000000131  0.0
239075.40000001312  0.0
239075.50000001313  0.0
239075.60000001313  0.0
239075.70000001314  0.0
239075.80000001314  0.0
239075.90000001315  0.0
239076.00000001315  0.0
239076.10000001316  0.0
239076.20000001317  0.0
239076.30000001317  0.0
239076.40000001318  0.0
239076.50000001318  0.0
239076.6000000132  0.0
239076.7000000132  0.0
239076.8000000132  0.0
239076.9000000132  0.0
239077.0000000132  0.0
239077.10000001322  0.0
239077.20000001322  0.0
239077.30000001323  0.0
239077.40000001324  0.0
239077.50000001324  0.0
239077.60000001325  0.0
239077.70000001325  0.0
239077.80000001326  0.0
239077.90000001327  0.0
239078.00000001327  0.0
239078.10000001328  0.0
239078.20000001328  0.0
239078.3000000133  0.0
239078.4000000133  0.0
239078.5000000133  0.0
239078.6000000133  0.0
239078.7000000133  0.0
239078.80000001332  0.0
239078.90000001332  0.0
239079.00000001333  0.0
239079.10000001334  0.0
239079.20000001334  0.0
239079.30000001335  0.0
239079.40000001335  0.0
239079.50000001336  0.0
239079.60000001336  0.0
239079.70000001337  0.0
239079.80000001338  0.0
239079.90000001338  0.0
239080.0000000134  0.0
239080.1000000134  0.0
239080.2000000134  0.0
239080.3000000134  0.0
239080.4000000134  0.0
239080.50000001342  0.0
239080.60000001342  0.0
239080.70000001343  0.0
239080.80000001343  0.0
239080.90000001344  0.0
239081.00000001345  0.0
239081.10000001345  0.0
239081.20000001346  0.0
239081.30000001346  0.0
239081.40000001347  0.0
239081.50000001348  0.0
239081.60000001348  0.0
239081.7000000135  0.0
239081.8000000135  0.0
239081.9000000135  0.0
239082.0000000135  0.0
239082.1000000135  0.0
239082.20000001352  0.0
239082.30000001352  0.0
239082.40000001353  0.0
239082.50000001353  0.0
239082.60000001354  0.0
239082.70000001354  0.0
239082.80000001355  0.0
239082.90000001356  0.0
239083.00000001356  0.0
239083.10000001357  0.0
239083.20000001357  0.0
239083.30000001358  0.0
239083.4000000136  0.0
239083.5000000136  0.0
239083.6000000136  0.0
239083.7000000136  0.0
239083.8000000136  0.0
239083.90000001361  0.0
239084.00000001362  0.0
239084.10000001363  0.0
239084.20000001363  0.0
239084.30000001364  0.0
239084.40000001364  0.0
239084.50000001365  0.0
239084.60000001366  0.0
239084.70000001366  0.0
239084.80000001367  0.0
239084.90000001367  0.0
239085.00000001368  0.0
239085.10000001368  0.0
239085.2000000137  0.0
239085.3000000137  0.0
239085.4000000137  0.0
239085.5000000137  0.0
239085.6000000137  0.0
239085.70000001372  0.0
239085.80000001373  0.0
239085.90000001373  0.0
239086.00000001374  0.0
239086.10000001374  0.0
239086.20000001375  0.0
239086.30000001375  0.0
239086.40000001376  0.0
239086.50000001377  0.0
239086.60000001377  0.0
239086.70000001378  0.0
239086.80000001378  0.0
239086.9000000138  0.0
239087.0000000138  0.0
239087.1000000138  0.0
239087.2000000138  0.0
239087.3000000138  0.0
239087.40000001382  0.0
239087.50000001382  0.0
239087.60000001383  0.0
239087.70000001384  0.0
239087.80000001384  0.0
239087.90000001385  0.0
239088.00000001385  0.0
239088.10000001386  0.0
239088.20000001387  0.0
239088.30000001387  0.0
239088.40000001388  0.0
239088.50000001388  0.0
239088.6000000139  0.0
239088.7000000139  0.0
239088.8000000139  0.0
239088.9000000139  0.0
239089.0000000139  0.0
239089.10000001392  0.0
239089.20000001392  0.0
239089.30000001393  0.0
239089.40000001393  0.0
239089.50000001394  0.0
239089.60000001395  0.0
239089.70000001395  0.0
239089.80000001396  0.0
239089.90000001396  0.0
239090.00000001397  0.0
239090.10000001398  0.0
239090.20000001398  0.0
239090.300000014  0.0
239090.400000014  0.0
239090.500000014  0.0
239090.600000014  0.0
239090.700000014  0.0
239090.80000001402  4.6074255521944e-15
239090.90000001402  1.3822276656583199e-14
239091.00000001403  4.1466829969749597e-14
239091.10000001403  1.290079154614432e-13
239091.20000001404  4.1927572524969037e-13
239091.30000001405  1.3176959523519827e-12
239091.40000001405  4.049816038076415e-12
239091.50000001406  1.2167905572013638e-11
239091.60000001406  3.576200446886446e-11
239091.70000001407  1.0284456619658044e-10
239091.80000001407  2.8937199858525275e-10
239091.90000001408  7.966521886615396e-10
239092.0000000141  2.1459445054272663e-09
239092.1000000141  5.655917706404168e-09
239092.2000000141  1.4585536639577512e-08
239092.3000000141  3.6802416059078524e-08
239092.4000000141  9.085837374134265e-08
239092.50000001412  2.194766401952819e-07
239092.60000001412  5.187359383707069e-07
239092.70000001413  1.1996071890008064e-06
239092.80000001413  2.714353909860634e-06
239092.90000001414  6.009364786146998e-06
239093.00000001414  1.3017432540590734e-05
239093.10000001415  2.7590321172749066e-05
239093.20000001416  5.721669783748107e-05
239093.30000001416  0.00011609763213643598
239093.40000001417  0.00023049331620289548
239093.50000001417  0.0004477416179655691
239093.60000001418  0.0008510014713856984
239093.70000001419  0.0015825816715014651
239093.8000000142  0.002879610082394818
239093.9000000142  0.00512661802201711
239094.0000000142  0.008930068296590016
239094.1000000142  0.015219496312528391
239094.2000000142  0.025378164702924755
239094.30000001422  0.04140226587296328
239094.40000001423  0.06608111023521271
239094.50000001423  0.10318107764733783
239094.60000001424  0.15760370460453874
239094.70000001424  0.23547451768673508
239094.80000001425  0.34410693744144216
239094.90000001426  0.4917791829776844
239095.00000001426  0.6872672158254833
239095.10000001427  0.9390989368895767
239095.20000001427  1.2545373701172715
239095.30000001428  1.638361486621603
239095.40000001428  2.091582924564846
239095.5000000143  2.61029727239993
239095.6000000143  3.18489736945642
239095.7000000143  3.7998541481430324
239095.8000000143  4.434191990605606
239095.9000000143  5.062664399483196
239096.00000001432  5.657504304115416
239096.10000001432  6.190520808769906
239096.20000001433  6.635270289385902
239096.30000001434  6.969051438246485
239096.40000001434  7.174543289369135
239096.50000001435  7.24098954154519
239096.60000001435  7.16489968755223
239096.70000001436  6.950270313578801
239096.80000001437  6.608331462960864
239096.90000001437  6.1568126146550375
239097.00000001438  5.6187260095212865
239097.10000001438  5.020700379842808
239097.2000000144  4.390967256710227
239097.3000000144  3.7571864171117992
239097.4000000144  3.144364176526257
239097.5000000144  2.5731357830632495
239097.6000000144  2.0586347666024207
239097.70000001442  1.6100664751029121
239097.80000001442  1.2309709988677793
239097.90000001443  0.920041547686177
239098.00000001444  0.6722894379844174
239098.10000001444  0.4803287504217063
239098.20000001445  0.3355853507435138
239098.30000001445  0.22929669740237785
239098.40000001446  0.153238354362671
239098.50000001446  0.10017300806876098
239098.60000001447  0.06405891087494589
239098.70000001448  0.04007554376482572
239098.80000001448  0.02452843097884408
239098.9000000145  0.014688076042939674
239099.0000000145  0.008605479476865852
239099.1000000145  0.004932956784089004
239099.2000000145  0.0027667273108014923
239099.3000000145  0.0015182919611118062
239099.40000001452  0.000815222328627907
239099.50000001452  0.00042828205505940353
239099.60000001453  0.00022014936947381547
239099.70000001453  0.00011072334295506026
239099.80000001454  5.448730739154861e-05
239099.90000001455  2.623530090786752e-05
239100.00000001455  1.235979789984687e-05
239100.10000001456  5.697329580445221e-06
239100.20000001456  2.5696027639299235e-06
239100.30000001457  1.1339536964416475e-06
239100.40000001458  4.896202197013366e-07
239100.50000001458  2.0685120485919306e-07
239100.6000000146  8.550498756254576e-08
239100.7000000146  3.458275227297136e-08
239100.8000000146  1.368555446745745e-08
239100.9000000146  5.2990716536971405e-09
239101.0000000146  2.007574967377579e-09
239101.10000001462  7.441822713616375e-10
239101.20000001462  2.6991278656574025e-10
239101.30000001463  9.578565718371124e-11
239101.40000001463  3.325706376955395e-11
239101.50000001464  1.1297629498585593e-11
239101.60000001465  3.7551350917652826e-12
239101.70000001465  1.2209955269071315e-12
239101.80000001466  3.8702374638432957e-13
239101.90000001466  1.197930643570544e-13
239102.00000001467  3.68594044175552e-14
239102.10000001467  9.2148511043888e-15
239102.20000001468  4.6074255521944e-15
239102.3000000147  0.0
239102.4000000147  0.0
239102.5000000147  0.0
239102.6000000147  0.0
239102.7000000147  0.0
239102.80000001471  0.0
239102.90000001472  0.0
239103.00000001473  0.0
239103.10000001473  0.0
239103.20000001474  0.0
239103.30000001474  0.0
239103.40000001475  0.0
239103.50000001476  0.0
239103.60000001476  0.0
239103.70000001477  0.0
239103.80000001477  0.0
239103.90000001478  0.0
239104.00000001478  0.0
239104.1000000148  0.0
239104.2000000148  0.0
239104.3000000148  0.0
239104.4000000148  0.0
239104.5000000148  0.0
239104.60000001482  0.0
239104.70000001483  0.0
239104.80000001483  0.0
239104.90000001484  0.0
239105.00000001484  0.0
239105.10000001485  0.0
239105.20000001485  0.0
239105.30000001486  0.0
239105.40000001487  0.0
239105.50000001487  0.0
239105.60000001488  0.0
239105.70000001488  0.0
239105.8000000149  0.0
239105.9000000149  0.0
239106.0000000149  0.0
239106.1000000149  0.0
239106.2000000149  0.0
239106.30000001492  0.0
239106.40000001492  0.0
239106.50000001493  0.0
239106.60000001494  0.0
239106.70000001494  0.0
239106.80000001495  0.0
239106.90000001495  0.0
239107.00000001496  0.0
239107.10000001497  0.0
239107.20000001497  0.0
239107.30000001498  0.0
239107.40000001498  0.0
239107.500000015  0.0
239107.600000015  0.0
239107.700000015  0.0
239107.800000015  0.0
239107.900000015  0.0
239108.00000001502  0.0
239108.10000001502  0.0
239108.20000001503  0.0
239108.30000001504  0.0
239108.40000001504  0.0
239108.50000001505  0.0
239108.60000001505  0.0
239108.70000001506  0.0
239108.80000001506  0.0
239108.90000001507  0.0
239109.00000001508  0.0
239109.10000001508  0.0
239109.2000000151  0.0
239109.3000000151  0.0
239109.4000000151  0.0
239109.5000000151  0.0
239109.6000000151  0.0
239109.70000001512  0.0
239109.80000001512  0.0
239109.90000001513  0.0
239110.00000001513  0.0
239110.10000001514  0.0
239110.20000001515  0.0
239110.30000001515  0.0
239110.40000001516  0.0
239110.50000001516  0.0
239110.60000001517  0.0
239110.70000001517  0.0
239110.80000001518  0.0
239110.9000000152  0.0
239111.0000000152  0.0
239111.1000000152  0.0
239111.2000000152  0.0
239111.3000000152  0.0
239111.40000001522  0.0
239111.50000001522  0.0
239111.60000001523  0.0
239111.70000001523  0.0
239111.80000001524  0.0
239111.90000001524  0.0
239112.00000001525  0.0
239112.10000001526  0.0
239112.20000001526  0.0
239112.30000001527  0.0
239112.40000001527  0.0
239112.50000001528  0.0
239112.60000001529  0.0
239112.7000000153  0.0
239112.8000000153  0.0
239112.9000000153  0.0
239113.0000000153  0.0
239113.1000000153  0.0
239113.20000001532  0.0
239113.30000001533  0.0
239113.40000001533  0.0
239113.50000001534  0.0
239113.60000001534  0.0
239113.70000001535  0.0
239113.80000001536  0.0
239113.90000001536  4.6074255521944e-15
239114.00000001537  2.3037127760971998e-14
239114.10000001537  7.37188088351104e-14
239114.20000001538  2.396138842897244e-13
239114.30000001538  7.510658761589184e-13
239114.4000000154  2.3038793095508936e-12
239114.5000000154  6.925515716460495e-12
239114.6000000154  2.0389467891845925e-11
239114.7000000154  5.872169417386885e-11
239114.8000000154  1.6547047065884612e-10
239114.90000001542  4.562362709847889e-10
239115.00000001543  1.2308164487606632e-09
239115.10000001543  3.24888574376736e-09
239115.20000001544  8.390986433459702e-09
239115.30000001544  2.1204485806114448e-08
239115.40000001545  5.2429898977912615e-08
239115.50000001545  1.2684309660948578e-07
239115.60000001546  3.0025561564839265e-07
239115.70000001547  6.954276456083708e-07
239115.80000001547  1.5759748365484771e-06
239115.90000001548  3.4944844665707464e-06
239116.00000001548  7.5814705362553525e-06
239116.1000000155  1.6093862223259814e-05
239116.2000000155  3.3427475107289384e-05
239116.3000000155  6.793339084179562e-05
239116.4000000155  0.00013508258216907154
239116.5000000155  0.00026281588518917154
239116.60000001552  0.0005003107196958068
239116.70000001552  0.0009318875357533507
239116.80000001553  0.0016983295222913752
239116.90000001554  0.0030284051736625406
239117.00000001554  0.00528369417006444
239117.10000001555  0.009019659214165782
239117.20000001555  0.015064926343860502
239117.30000001556  0.024618525729582424
239117.40000001556  0.0393610256537599
239117.50000001557  0.06156985811970592
239117.60000001558  0.09422184940420913
239117.70000001558  0.1410577937218022
239117.8000000156  0.20657639537097422
239117.9000000156  0.295920459372008
239118.0000000156  0.41461988218503965
239118.1000000156  0.5681668622629484
239118.2000000156  0.7614208457124941
239118.30000001562  0.9978736205527192
239118.40000001562  1.278844503402124
239118.50000001563  1.6027133769915511
239118.60000001563  1.9643241304511385
239118.70000001564  2.3546917618860124
239118.80000001565  2.7611166782025367
239118.90000001565  3.167751850581358
239119.00000001566  3.556594389878594
239119.10000001566  3.9088011719365414
239119.20000001567  4.206176569600668
239119.30000001568  4.432660150621429
239119.40000001568  4.575653406219356
239119.5000000157  4.627057599520894
239119.6000000157  4.583936097262758
239119.7000000157  4.448753218930557
239119.8000000157  4.229173857933723
239119.9000000157  3.9374370254899422
239120.00000001572  3.58934819028149
239120.10000001572  3.202973429880976
239120.20000001573  2.7971598080127738
239120.30000001573  2.3900406922276325
239120.40000001574  1.9976983436698539
239120.50000001575  1.63313884140024
239120.60000001575  1.3056852976120117
239120.70000001576  1.0208245076084634
239120.80000001576  0.7804674863881684
239120.90000001577  0.5835244312740215
239121.00000001577  0.4266622106247632
239121.10000001578  0.3051106583354136
239121.2000000158  0.21340703529354269
239121.3000000158  0.14600516536457506
239121.4000000158  0.09771552526421629
239121.5000000158  0.0639762788069384
239121.6000000158  0.0409783564822046
239121.70000001582  0.02567948183213653
239121.80000001582  0.015744410147256804
239121.90000001583  0.00944460967372715
239122.00000001583  0.005543264391855179
239122.10000001584  0.0031832857086461774
239122.20000001584  0.0017886159863950701
239122.30000001585  0.000983313555948634
239122.40000001586  0.0005289341675409343
239122.50000001586  0.00027838553449990866
239122.60000001587  0.00014335987588598442
239122.70000001587  7.223451265972458e-05
239122.80000001588  3.5612151377595325e-05
239122.90000001588  1.71786128686513e-05
239123.0000000159  8.108013053592655e-06
239123.1000000159  3.7443572155071436e-06
239123.2000000159  1.6919074796173383e-06
239123.3000000159  7.480187005082239e-07
239123.4000000159  3.2358234142160214e-07
239123.50000001592  1.3695997763685241e-07
239123.60000001593  5.672037009518682e-08
239123.70000001593  2.298375154086152e-08
239123.80000001594  9.112539778310946e-09
239123.90000001594  3.5350397886713125e-09
239124.00000001595  1.3417937871906815e-09
239124.10000001595  4.98325880560202e-10
239124.20000001596  1.8108464727717433e-10
239124.30000001597  6.438280464315937e-11
239124.40000001597  2.2399443411202924e-11
239124.50000001598  7.626232978452663e-12
239124.60000001598  2.538996790590886e-12
239124.700000016  8.294476216974545e-13
239124.800000016  2.626510120506964e-13
239124.900000016  8.293365993949919e-14
239125.000000016  2.3037127760971998e-14
239125.100000016  9.2148511043888e-15
239125.20000001602  0.0
239125.30000001602  0.0
239125.40000001603  0.0
239125.50000001604  0.0
239125.60000001604  0.0
239125.70000001605  0.0
239125.80000001605  0.0
239125.90000001606  0.0
239126.00000001607  0.0
239126.10000001607  0.0
239126.20000001608  0.0
239126.30000001608  0.0
239126.4000000161  0.0
239126.5000000161  0.0
239126.6000000161  0.0
239126.7000000161  0.0
239126.8000000161  0.0
239126.90000001612  0.0
239127.00000001612  0.0
239127.10000001613  0.0
239127.20000001614  0.0
239127.30000001614  0.0
239127.40000001615  0.0
239127.50000001615  0.0
239127.60000001616  0.0
239127.70000001616  9.2148511043888e-15
239127.80000001617  2.3037127760971998e-14
239127.90000001618  7.83262343873048e-14
239128.00000001618  2.442213098419188e-13
239128.1000000162  7.741585150711217e-13
239128.2000000162  2.382372077391892e-12
239128.3000000162  7.179368211041037e-12
239128.4000000162  2.116487540781975e-11
239128.5000000162  6.106620764612103e-11
239128.60000001622  1.7237433702632643e-10
239128.70000001622  4.76092887335966e-10
239128.80000001623  1.28662691611936e-09
239128.90000001623  3.4021247208304572e-09
239129.00000001624  8.802078566017002e-09
239129.10000001625  2.2282193729017408e-08
239129.20000001625  5.519097912021209e-08
239129.30000001626  1.337567995252087e-07
239129.40000001626  3.171766935206044e-07
239129.50000001627  7.359092454306548e-07
239129.60000001627  1.6706476276551196e-06
239129.70000001628  3.7109325232709267e-06
239129.8000000163  8.06526890001491e-06
239129.9000000163  1.7151109789087515e-05
239130.0000000163  3.568643452359077e-05
239130.1000000163  7.265267368403161e-05
239130.2000000163  0.00014472296987988464
239130.30000001632  0.00028207240132299694
239130.40000001632  0.000537923740545232
239130.50000001633  0.0010037309955836238
239130.60000001633  0.0018325239805483673
239130.70000001634  0.0032735305684325477
239130.80000001634  0.005721573377376998
239130.90000001635  0.009784614016844245
239131.00000001636  0.016371795819662388
239131.10000001636  0.02680195216330855
239131.20000001637  0.04292836083073698
239131.30000001637  0.06726927278681419
239131.40000001638  0.10312556506679066
239131.5000000164  0.1546575649804009
239131.6000000164  0.22688437065577413
239131.7000000164  0.32556355437278073
239131.8000000164  0.4569104802614945
239131.9000000164  0.6271282197909985
239132.00000001641  0.8417437158030652
239132.10000001642  1.1047831567856645
239132.20000001643  1.4178648373759324
239132.30000001643  1.7793314763260701
239132.40000001644  2.1835727904553206
239132.50000001644  2.6206899908491326
239132.60000001645  3.0766192553681897
239132.70000001646  3.5337639693586804
239132.80000001646  3.9721000560887534
239132.90000001647  4.370637113139056
239133.00000001647  4.709061850004769
239133.10000001648  4.969371856199148
239133.20000001648  5.137325744705254
239133.3000000165  5.2035772854127185
239133.4000000165  5.1644089012491285
239133.5000000165  5.022020461456758
239133.6000000165  4.784358611986543
239133.7000000165  4.464495179931507
239133.80000001652  4.0795901500203104
239133.90000001653  3.649512340580965
239134.00000001653  3.1952377728278787
239134.10000001654  2.7371905389935405
239134.20000001654  2.2937166473612405
239134.30000001655  1.8798729652634463
239134.40000001655  1.506666268930689
239134.50000001656  1.1808005858570922
239134.60000001657  0.904904383383362
239134.70000001657  0.6781355474867165
239134.80000001658  0.49701853502311555
239134.90000001658  0.35636049746954623
239135.0000000166  0.25011636712648655
239135.1000000166  0.17211466986815224
239135.2000000166  0.11660248058845876
239135.3000000166  0.07860858210884344
239135.4000000166  0.05415240501418067
239135.50000001662  0.04034114702490285
239135.60000001662  0.035400146378104125
239135.70000001663  0.03867510694701609
239135.80000001664  0.05063229684093723
239135.90000001664  0.07286702594993147
239136.00000001665  0.10811363841891264
239136.10000001665  0.16023376106757023
239136.20000001666  0.2341456644533531
239136.30000001666  0.33564894149019564
239136.40000001667  0.4710985374655464
239136.50000001668  0.6468938334519823
239136.60000001668  0.8687742767317514
239136.7000000167  1.1409524636224813
239136.8000000167  1.4651636243578123
239136.9000000167  1.8397569526799484
239137.0000000167  2.258985147417919
239137.1000000167  2.712650004055847
239137.20000001672  3.1862259048167196
239137.30000001672  3.661512594984638
239137.40000001673  4.1177790606154305
239137.50000001673  4.533275120776512
239137.60000001674  4.8869293445406825
239137.70000001675  5.1600340562827345
239137.80000001675  5.337738794286285
239137.90000001676  5.410218460174138
239138.00000001676  5.373432702332052
239138.10000001677  5.22943439879218
239138.20000001678  4.986213217766217
239138.30000001678  4.657081129362732
239138.4000000168  4.259631437577053
239138.5000000168  3.814339800868041
239138.6000000168  3.3429242260710703
239138.7000000168  2.86662970191883
239138.8000000168  2.4046336753211546
239138.90000001682  1.9727642298268364
239139.00000001682  1.5826772158916071
239139.10000001683  1.2415600485438905
239139.20000001683  0.9523388971573062
239139.30000001684  0.7142868876688704
239139.40000001685  0.5238824672426284
239139.50000001685  0.37575637701413733
239139.60000001686  0.2635878812933651
239139.70000001686  0.1808533899695605
239139.80000001687  0.12137888990994392
239139.90000001687  0.07969004797065424
239140.00000001688  0.05118394731944276
239140.1000000169  0.032162640883250604
239140.2000000169  0.019773013146401452
239140.3000000169  0.011893464051697278
239140.4000000169  0.006999487089922374
239140.5000000169  0.004030435419638767
239140.60000001692  0.0022707501912189176
239140.70000001692  0.0012517593597335397
239140.80000001693  0.0006751620008300929
239140.90000001693  0.0003563130738892528
239141.00000001694  0.00018398936825225753
239141.10000001694  9.295895735250692e-05
239141.20000001695  4.595444230254264e-05
239141.30000001696  2.222806227503149e-05
239141.40000001696  1.051994859010974e-05
239141.50000001697  4.87150966774208e-06
239141.60000001697  2.207249745728168e-06
239141.70000001698  9.785372114823332e-07
239141.80000001698  4.2446431530729356e-07
239141.900000017  1.8015361646916972e-07
239142.000000017  7.48139811490578e-08
239142.100000017  3.039908286206483e-08
239142.200000017  1.2085824674379353e-08
239142.300000017  4.7014288018232264e-09
239142.40000001702  1.7894586368250032e-09
239142.50000001703  6.66424526674092e-10
239142.60000001703  2.4283777766420656e-10
239142.70000001704  8.658199157629554e-11
239142.80000001704  3.020325656244438e-11
239142.90000001705  1.030892038400566e-11
239143.00000001705  3.4424407768796073e-12
239143.10000001706  1.1244338793403585e-12
239143.20000001707  3.5946245979801006e-13
239143.30000001707  1.1060596882828122e-13
239143.40000001708  3.22519788653608e-14
239143.50000001708  9.2148511043888e-15
239143.6000000171  4.6074255521944e-15
239143.7000000171  0.0
239143.8000000171  0.0
239143.9000000171  0.0
239144.0000000171  0.0
239144.10000001712  0.0
239144.20000001712  0.0
239144.30000001713  0.0
239144.40000001714  0.0
239144.50000001714  0.0
239144.60000001715  0.0
239144.70000001715  0.0
239144.80000001716  0.0
239144.90000001717  0.0
239145.00000001717  0.0
239145.10000001718  0.0
239145.20000001718  0.0
239145.3000000172  0.0
239145.4000000172  0.0
239145.5000000172  0.0
239145.6000000172  0.0
239145.7000000172  0.0
239145.80000001722  0.0
239145.90000001722  0.0
239146.00000001723  0.0
239146.10000001724  0.0
239146.20000001724  0.0
239146.30000001725  0.0
239146.40000001725  0.0
239146.50000001726  0.0
239146.60000001726  0.0
239146.70000001727  0.0
239146.80000001728  0.0
239146.90000001728  0.0
239147.0000000173  0.0
239147.1000000173  0.0
239147.2000000173  0.0
239147.3000000173  0.0
239147.4000000173  0.0
239147.50000001732  0.0
239147.60000001732  0.0
239147.70000001733  0.0
239147.80000001733  0.0
239147.90000001734  0.0
239148.00000001735  0.0
239148.10000001735  0.0
239148.20000001736  0.0
239148.30000001736  0.0
239148.40000001737  0.0
239148.50000001737  0.0
239148.60000001738  0.0
239148.7000000174  0.0
239148.8000000174  0.0
239148.9000000174  0.0
239149.0000000174  0.0
239149.1000000174  0.0
239149.20000001742  0.0
239149.30000001742  0.0
239149.40000001743  0.0
239149.50000001743  0.0
239149.60000001744  0.0
239149.70000001744  0.0
239149.80000001745  0.0
239149.90000001746  0.0
239150.00000001746  0.0
239150.10000001747  0.0
239150.20000001747  0.0
239150.30000001748  0.0
239150.4000000175  0.0
239150.5000000175  0.0
239150.6000000175  0.0
239150.7000000175  0.0
239150.8000000175  0.0
239150.90000001751  0.0
239151.00000001752  0.0
239151.10000001753  0.0
239151.20000001753  0.0
239151.30000001754  0.0
239151.40000001754  0.0
239151.50000001755  0.0
239151.60000001756  0.0
239151.70000001756  0.0
239151.80000001757  0.0
239151.90000001757  0.0
239152.00000001758  0.0
239152.10000001758  0.0
239152.2000000176  0.0
239152.3000000176  0.0
239152.4000000176  0.0
239152.5000000176  0.0
239152.6000000176  0.0
239152.70000001762  0.0
239152.80000001763  0.0
239152.90000001763  0.0
239153.00000001764  0.0
239153.10000001764  0.0
239153.20000001765  0.0
239153.30000001765  0.0
239153.40000001766  0.0
239153.50000001767  0.0
239153.60000001767  0.0
239153.70000001768  0.0
239153.80000001768  0.0
239153.9000000177  0.0
239154.0000000177  0.0
239154.1000000177  0.0
239154.2000000177  0.0
239154.3000000177  0.0
239154.40000001772  0.0
239154.50000001772  0.0
239154.60000001773  0.0
239154.70000001774  0.0
239154.80000001774  0.0
239154.90000001775  0.0
239155.00000001775  0.0
239155.10000001776  0.0
239155.20000001776  0.0
239155.30000001777  0.0
239155.40000001778  0.0
239155.50000001778  0.0
239155.6000000178  0.0
239155.7000000178  0.0
239155.8000000178  0.0
239155.9000000178  0.0
239156.0000000178  0.0
239156.10000001782  0.0
239156.20000001782  0.0
239156.30000001783  0.0
239156.40000001783  0.0
239156.50000001784  0.0
239156.60000001785  0.0
239156.70000001785  0.0
239156.80000001786  0.0
239156.90000001786  0.0
239157.00000001787  0.0
239157.10000001788  0.0
239157.20000001788  0.0
239157.3000000179  0.0
239157.4000000179  0.0
239157.5000000179  0.0
239157.6000000179  0.0
239157.7000000179  0.0
239157.80000001792  0.0
239157.90000001792  0.0
239158.00000001793  0.0
239158.10000001793  0.0
239158.20000001794  0.0
239158.30000001795  0.0
239158.40000001795  0.0
239158.50000001796  0.0
239158.60000001796  0.0
239158.70000001797  0.0
239158.80000001797  0.0
239158.90000001798  0.0
239159.000000018  0.0
239159.100000018  0.0
239159.200000018  0.0
239159.300000018  0.0
239159.400000018  0.0
239159.50000001802  0.0
239159.60000001802  0.0
239159.70000001803  0.0
239159.80000001803  0.0
239159.90000001804  0.0
239160.00000001804  0.0
239160.10000001805  0.0
239160.20000001806  0.0
239160.30000001806  0.0
239160.40000001807  0.0
239160.50000001807  0.0
239160.60000001808  0.0
239160.70000001809  0.0
239160.8000000181  0.0
239160.9000000181  0.0
239161.0000000181  0.0
239161.1000000181  0.0
239161.2000000181  0.0
239161.30000001812  0.0
239161.40000001813  0.0
239161.50000001813  0.0
239161.60000001814  0.0
239161.70000001814  0.0
239161.80000001815  0.0
239161.90000001815  0.0
239162.00000001816  0.0
239162.10000001817  0.0
239162.20000001817  0.0
239162.30000001818  0.0
239162.40000001818  0.0
239162.5000000182  0.0
239162.6000000182  0.0
239162.7000000182  0.0
239162.8000000182  0.0
239162.9000000182  0.0
239163.00000001822  0.0
239163.10000001822  0.0
239163.20000001823  0.0
239163.30000001824  0.0
239163.40000001824  0.0
239163.50000001825  0.0
239163.60000001825  0.0
239163.70000001826  0.0
239163.80000001827  0.0
239163.90000001827  0.0
239164.00000001828  0.0
239164.10000001828  0.0
239164.2000000183  0.0
239164.3000000183  0.0
239164.4000000183  0.0
239164.5000000183  0.0
239164.6000000183  0.0
239164.70000001832  0.0
239164.80000001832  0.0
239164.90000001833  0.0
239165.00000001834  0.0
239165.10000001834  0.0
239165.20000001835  0.0
239165.30000001835  0.0
239165.40000001836  0.0
239165.50000001836  0.0
239165.60000001837  0.0
239165.70000001838  0.0
239165.80000001838  0.0
239165.9000000184  0.0
239166.0000000184  0.0
239166.1000000184  0.0
239166.2000000184  0.0
239166.3000000184  0.0
239166.40000001842  0.0
239166.50000001842  0.0
239166.60000001843  0.0
239166.70000001843  0.0
239166.80000001844  0.0
239166.90000001845  0.0
239167.00000001845  0.0
239167.10000001846  0.0
239167.20000001846  0.0
239167.30000001847  0.0
239167.40000001848  0.0
239167.50000001848  0.0
239167.6000000185  0.0
239167.7000000185  0.0
239167.8000000185  0.0
239167.9000000185  0.0
239168.0000000185  0.0
239168.10000001852  0.0
239168.20000001852  0.0
239168.30000001853  0.0
239168.40000001853  0.0
239168.50000001854  0.0
239168.60000001854  0.0
239168.70000001855  0.0
239168.80000001856  0.0
239168.90000001856  0.0
239169.00000001857  0.0
239169.10000001857  0.0
239169.20000001858  0.0
239169.3000000186  0.0
239169.4000000186  0.0
239169.5000000186  0.0
239169.6000000186  0.0
239169.7000000186  0.0
239169.80000001861  0.0
239169.90000001862  0.0
239170.00000001863  0.0
239170.10000001863  0.0
239170.20000001864  0.0
239170.30000001864  0.0
239170.40000001865  0.0
239170.50000001866  0.0
239170.60000001866  0.0
239170.70000001867  0.0
239170.80000001867  0.0
239170.90000001868  0.0
239171.00000001868  0.0
239171.1000000187  0.0
239171.2000000187  0.0
239171.3000000187  0.0
239171.4000000187  0.0
239171.5000000187  0.0
239171.60000001872  0.0
239171.70000001873  0.0
239171.80000001873  0.0
239171.90000001874  0.0
239172.00000001874  0.0
239172.10000001875  0.0
239172.20000001875  0.0
239172.30000001876  0.0
239172.40000001877  0.0
239172.50000001877  0.0
239172.60000001878  0.0
239172.70000001878  0.0
239172.8000000188  0.0
239172.9000000188  0.0
239173.0000000188  0.0
239173.1000000188  0.0
239173.2000000188  0.0
239173.30000001882  0.0
239173.40000001882  0.0
239173.50000001883  0.0
239173.60000001884  0.0
239173.70000001884  0.0
239173.80000001885  0.0
239173.90000001885  0.0
239174.00000001886  0.0
239174.10000001887  0.0
239174.20000001887  0.0
239174.30000001888  0.0
239174.40000001888  0.0
239174.5000000189  0.0
239174.6000000189  0.0
239174.7000000189  0.0
239174.8000000189  0.0
239174.9000000189  0.0
239175.00000001892  0.0
239175.10000001892  0.0
239175.20000001893  0.0
239175.30000001893  0.0
239175.40000001894  0.0
239175.50000001895  0.0
239175.60000001895  0.0
239175.70000001896  0.0
239175.80000001896  0.0
239175.90000001897  0.0
239176.00000001898  0.0
239176.10000001898  0.0
239176.200000019  0.0
239176.300000019  0.0
239176.400000019  0.0
239176.500000019  0.0
239176.600000019  0.0
239176.70000001902  0.0
239176.80000001902  0.0
239176.90000001903  0.0
239177.00000001903  0.0
239177.10000001904  0.0
239177.20000001905  0.0
239177.30000001905  0.0
239177.40000001906  0.0
239177.50000001906  0.0
239177.60000001907  0.0
239177.70000001907  0.0
239177.80000001908  0.0
239177.9000000191  0.0
239178.0000000191  0.0
239178.1000000191  0.0
239178.2000000191  0.0
239178.3000000191  0.0
239178.40000001912  0.0
239178.50000001912  0.0
239178.60000001913  0.0
239178.70000001913  0.0
239178.80000001914  0.0
239178.90000001914  0.0
239179.00000001915  0.0
239179.10000001916  0.0
239179.20000001916  0.0
239179.30000001917  0.0
239179.40000001917  0.0
239179.50000001918  0.0
239179.60000001919  0.0
239179.7000000192  0.0
239179.8000000192  0.0
239179.9000000192  0.0
