 238850.5 4.063873008282315e-05
 238851.0 2.593962600347388e-05
 238851.5 1.586177304113701e-05
 238852.0 9.423885960646583e-06
 238852.5 5.439909109825058e-06
 238853.0 3.050956204050936e-06
 238853.5 1.66250266223078e-06
 238854.0 8.801771167604722e-07
 238854.5 4.527499543882652e-07
 238855.0 2.26269811706703e-07
 238855.5 1.098686754075207e-07
 238856.0 5.183217396953488e-08
 238856.5 2.375759040884606e-08
 238857.0 1.057990908770456e-08
 238857.5 4.577593304411209e-09
 238858.0 1.924275822018373e-09
 238858.5 7.859073253291271e-10
 238859.0 3.118517527544995e-10
 238859.5 1.202255517362971e-10
 238860.0 4.503167283509413e-11
 238860.5 1.638733593267716e-11
 238861.0 5.793782120733226e-12
 238861.5 1.990185793943056e-12
 238862.0 6.641770466941921e-13
 238862.5 2.153416334138569e-13
 238863.0 6.789013795582832e-14
 238863.5 2.07334149848748e-14
 238864.0 5.953570969552402e-15
 238864.5 1.817990202823694e-15
 238865.0 5.273559366969494e-16
 238865.5 0.0
 238866.0 0.0
 238866.5 0.0
 238867.0 0.0
 238867.5 0.0
 238868.0 0.0
 238868.5 0.0
 238869.0 0.0
 238869.5 0.0
 238870.0 0.0
 238870.5 0.0
 238871.0 0.0
 238871.5 0.0
 238872.0 0.0
 238872.5 0.0
 238873.0 0.0
 238873.5 0.0
 238874.0 0.0
 238874.5 0.0
 238875.0 0.0
 238875.5 0.0
 238876.0 0.0
 238876.5 0.0
 238877.0 0.0
 238877.5 0.0
 238878.0 0.0
 238878.5 0.0
 238879.0 0.0
 238879.5 0.0
 238880.0 0.0
 238880.5 0.0
 238881.0 0.0
 238881.5 0.0
 238882.0 0.0
 238882.5 0.0
 238883.0 0.0
 238883.5 0.0
 238884.0 0.0
 238884.5 0.0
 238885.0 0.0
 238885.5 0.0
 238886.0 0.0
 238886.5 0.0
 238887.0 0.0
 238887.5 0.0
 238888.0 0.0
 238888.5 0.0
 238889.0 3.05311331771918e-16
 238889.5 8.743006318923108e-16
 238890.0 2.650657471292561e-15
 238890.5 8.798517470154366e-15
 238891.0 2.933764342571976e-14
 238891.5 9.620082508376981e-14
 238892.0 3.06810132855162e-13
 238892.5 9.514888876793748e-13
 238893.0 2.868830173419212e-12
 238893.5 8.404124618444087e-12
 238894.0 2.391858933137314e-11
 238894.5 6.613740111127697e-11
 238895.0 1.776787605933805e-10
 238895.5 4.637695227849292e-10
 238896.0 1.176109681866322e-09
 238896.5 2.897834597281879e-09
 238897.0 6.937138322116176e-09
 238897.5 1.613499900354753e-08
 238898.0 3.646198071249884e-08
 238898.5 8.005623636231363e-08
 238899.0 1.707790260180309e-07
 238899.5 3.539640712341141e-07
 238900.0 7.128036728087928e-07
 238900.5 1.394657480363604e-06
 238901.0 2.651263155073469e-06
 238901.5 4.896959195782591e-06
 238902.0 8.78798284766058e-06
 238902.5 1.532292358058518e-05
 238903.0 2.595878715075384e-05
 238903.5 4.272853881587269e-05
 238904.0 6.833497974935432e-05
 238904.5 0.0001061842137029256
 238905.0 0.0001603132280008079
 238905.5 0.000235165529305581
 238906.0 0.0003351860361334863
 238906.5 0.0004642726073019743
 238907.0 0.0006253544086838869
 238907.5 0.00082109845365895
 238908.0 0.001058408385973986
 238908.5 0.001361077324040394
 238909.0 0.001791241520140735
 238909.5 0.002462263454393931
 238910.0 0.003499502570393165
 238910.5 0.004916394457232354
 238911.0 0.006468035978394265
 238911.5 0.007653460403898651
 238912.0 0.008058147837118515
 238912.5 0.007277815744795094
 238913.0 0.005884384213073718
 238913.5 0.004336174578665503
 238914.0 0.003052615253925361
 238914.5 0.002167311016989873
 238915.0 0.001604780422835878
 238915.5 0.001234260059165271
 238916.0 0.000961427154794775
 238916.5 0.0007415711846851247
 238917.0 0.0005595530625447515
 238917.5 0.000411047561286973
 238918.0 0.0002935273829388907
 238918.5 0.0002036769146538941
 238919.0 0.0001373204680844425
 238919.5 8.995437006041607e-05
 238920.0 5.725342345003215e-05
 238920.5 3.540563011097952e-05
 238921.0 2.127327690026881e-05
 238921.5 1.241901448154059e-05
 238922.0 7.044172350451072e-06
 238922.5 3.88206039111938e-06
 238923.0 2.078659745080591e-06
 238923.5 1.081415577225409e-06
 238924.0 5.466246248975182e-07
 238924.5 2.684555263920974e-07
 238925.0 1.280976888035079e-07
 238925.5 5.938752249690094e-08
 238926.0 2.675058258239105e-08
 238926.5 1.170724051036132e-08
 238927.0 4.978038120606598e-09
 238927.5 2.056569553543497e-09
 238928.0 8.254848610222965e-10
 238928.5 3.219246813568333e-10
 238929.0 1.219770673355214e-10
 238929.5 4.490360860920362e-11
 238930.0 1.606065280768121e-11
 238930.5 5.580938489124776e-12
 238931.0 1.884062350576698e-12
 238931.5 6.179640132941699e-13
 238932.0 1.970923424465809e-13
 238932.5 6.100675520315235e-14
 238933.0 1.817990202823694e-14
 238933.5 5.273559366969494e-15
 238934.0 1.457167719820518e-15
 238934.5 2.914335439641036e-16
 238935.0 0.0
 238935.5 0.0
 238936.0 0.0
 238936.5 0.0
 238937.0 0.0
 238937.5 0.0
 238938.0 0.0
 238938.5 0.0
 238939.0 0.0
 238939.5 0.0
 238940.0 0.0
 238940.5 0.0
 238941.0 0.0
 238941.5 0.0
 238942.0 0.0
 238942.5 0.0
 238943.0 0.0
 238943.5 0.0
 238944.0 0.0
 238944.5 0.0
 238945.0 0.0
 238945.5 0.0
 238946.0 0.0
 238946.5 0.0
 238947.0 0.0
 238947.5 0.0
 238948.0 0.0
 238948.5 0.0
 238949.0 7.771561172376096e-16
 238949.5 3.108624468950438e-15
 238950.0 1.049160758270773e-14
 238950.5 3.694267114440208e-14
 238951.0 1.248723346947145e-13
 238951.5 4.088396288182139e-13
 238952.0 1.301972418765729e-12
 238952.5 4.030012434874664e-12
 238953.0 1.211997169292545e-11
 238953.5 3.541268667195396e-11
 238954.0 1.00529820579176e-10
 238954.5 2.772746754420297e-10
 238955.0 7.430335791092091e-10
 238955.5 1.93460081288066e-09
 238956.0 4.893951924267448e-09
 238956.5 1.202857918825018e-08
 238957.0 2.872474727522167e-08
 238957.5 6.664786804388978e-08
 238958.0 1.502468392061695e-07
 238958.5 3.290897343521948e-07
 238959.0 7.003483087353324e-07
 238959.5 1.4481228916563e-06
 238960.0 2.909304239795407e-06
 238960.5 5.678923495427979e-06
 238961.0 1.077052288067648e-05
 238961.5 1.98473321631476e-05
 238962.0 3.553552227922308e-05
 238962.5 6.181858308186572e-05
 238963.0 0.0001044892592232533
 238963.5 0.0001716014278401456
 238964.0 0.0002738211972147242
 238964.5 0.0004245319233068812
 238965.0 0.000639515602203794
 238965.5 0.000936034328955837
 238966.0 0.001331210318360893
 238966.5 0.001839884080579723
 238967.0 0.00247311560793112
 238967.5 0.003241537597030067
 238968.0 0.004174457989077632
 238968.5 0.005371649803574741
 238969.0 0.0070874570586974
 238969.5 0.009772571930937002
 238970.0 0.01390021793262808
 238970.5 0.0194661707920769
 238971.0 0.02544020606505627
 238971.5 0.02984306702927735
 238972.0 0.03112698326777844
 238972.5 0.02786651688585574
 238973.0 0.02236599357131014
 238973.5 0.01640546835178558
 238974.0 0.01153891977000943
 238974.5 0.00821181806564493
 238975.0 0.006100107719741177
 238975.5 0.004700341797978458
 238976.0 0.00366145063381873
 238976.5 0.002821020634912158
 238977.0 0.002125177185503424
 238977.5 0.001558387505603012
 238978.0 0.001110822898382186
 238978.5 0.0007693965472439779
 238979.0 0.0005177968703213853
 238979.5 0.0003385842212564882
 238980.0 0.0002151152735917067
 238980.5 0.0001327922713662277
 238981.0 7.964731503552758e-05
 238981.5 4.641581023441532e-05
 238982.0 2.628189954631543e-05
 238982.5 1.445915984038537e-05
 238983.0 7.72901689108374e-06
 238983.5 4.01420622295201e-06
 238984.0 2.025669620819848e-06
 238984.5 9.931853557909598e-07
 238985.0 4.731337949759329e-07
 238985.5 2.189922712475534e-07
 238986.0 9.848360134345757e-08
 238986.5 4.303170091091157e-08
 238987.0 1.826844932273364e-08
 238987.5 7.535334550778927e-09
 238988.0 3.019883190735762e-09
 238988.5 1.175881336745732e-09
 238989.0 4.448583168503717e-10
 238989.5 1.635172969249865e-10
 238990.0 5.839662087225861e-11
 238990.5 2.026240286667758e-11
 238991.0 6.830758181308738e-12
 238991.5 2.237376950375847e-12
 238992.0 7.122080702970379e-13
 238992.5 2.201572257831685e-13
 238993.0 6.612765890423589e-14
 238993.5 1.944278071874805e-14
 238994.0 5.440092820663267e-15
 238994.5 1.554312234475219e-15
 238995.0 3.885780586188048e-16
 238995.5 0.0
 238996.0 0.0
 238996.5 0.0
 238997.0 0.0
 238997.5 0.0
 238998.0 0.0
 238998.5 0.0
 238999.0 0.0
 238999.5 3.469446951953614e-16
 239000.0 1.360023205165817e-15
 239000.5 4.107825191113079e-15
 239001.0 1.440514374451141e-14
 239001.5 4.973799150320701e-14
 239002.0 1.653538417301093e-13
 239002.5 5.337674746641596e-13
 239003.0 1.674049787681042e-12
 239003.5 5.102016031877099e-12
 239004.0 1.510708225183066e-11
 239004.5 4.346088766649103e-11
 239005.0 1.214810751992701e-10
 239005.5 3.299185646898906e-10
 239006.0 8.705503540262782e-10
 239006.5 2.231883039494065e-09
 239007.0 5.559556481848915e-09
 239007.5 1.345553365950103e-08
 239008.0 3.164133027810934e-08
 239008.5 7.229403330144546e-08
 239009.0 1.604888847234198e-07
 239009.5 3.461649603353489e-07
 239010.0 7.254671179762751e-07
 239010.5 1.477235224756068e-06
 239011.0 2.922669178645476e-06
 239011.5 5.618346292771137e-06
 239012.0 1.04938996514925e-05
 239012.5 1.90443231982973e-05
 239013.0 3.358110883629195e-05
 239013.5 5.75341799329554e-05
 239014.0 9.577644273550678e-05
 239014.5 0.0001549150978029101
 239015.0 0.0002434620972558837
 239015.5 0.0003717678745106534
 239016.0 0.0005515898902937327
 239016.5 0.0007951901250460025
 239017.0 0.001113963385570238
 239017.5 0.001516981448954832
 239018.0 0.002011124502199479
 239018.5 0.002607901566816867
 239019.0 0.003347512088432911
 239019.5 0.004349387376189021
 239020.0 0.00586729305161085
 239020.5 0.008256680426655935
 239021.0 0.0117301407749686
 239021.5 0.01594005040130593
 239022.0 0.01976060345241716
 239022.5 0.02194227481311198
 239023.0 0.02090949003250743
 239023.5 0.0177262821818412
 239024.0 0.01350751424378996
 239024.5 0.009626988742592185
 239025.0 0.00677245392492512
 239025.5 0.004921780992297203
 239026.0 0.003736699335331578
 239026.5 0.002905396964862805
 239027.0 0.002255043043635441
 239027.5 0.001718828859447352
 239028.0 0.001277279391814518
 239028.5 0.0009230606850793438
 239029.0 0.0006482809389863065
 239029.5 0.0004424000108756987
 239030.0 0.0002933407585307135
 239030.5 0.0001889873948909965
 239031.0 0.0001183030541525854
 239031.5 7.19550835401872e-05
 239032.0 4.252350612356237e-05
 239032.5 2.441733549639336e-05
 239033.0 1.362286886186226e-05
 239033.5 7.384811082575271e-06
 239034.0 3.889645839152966e-06
 239034.5 1.990581138575087e-06
 239035.0 9.898015356224477e-07
 239035.5 4.782048765583635e-07
 239036.0 2.244795141714828e-07
 239036.5 1.023847878423023e-07
 239037.0 4.53721453047562e-08
 239037.5 1.95360825572255e-08
 239038.0 8.172953799845395e-09
 239038.5 3.322103009351096e-09
 239039.0 1.312014608068068e-09
 239039.5 5.034484495958225e-10
 239040.0 1.876988564575299e-10
 239040.5 6.799209806285234e-11
 239041.0 2.393027442870732e-11
 239041.5 8.184702915414732e-12
 239042.0 2.725097925093678e-12
 239042.5 8.998357614586894e-13
 239043.0 3.513023205670152e-13
 239043.5 3.357869537978786e-13
 239044.0 8.383571614700713e-13
 239044.5 2.56100696205408e-12
 239045.0 7.788880651560248e-12
 239045.5 2.30678531831785e-11
 239046.0 6.639455651935577e-11
 239046.5 1.856794440424636e-10
 239047.0 5.045303064221685e-10
 239047.5 1.331999788245497e-09
 239048.0 3.416769880915105e-09
 239048.5 8.51574676052902e-09
 239049.0 2.062178089401456e-08
 239049.5 4.85206846922992e-08
 239050.0 1.1092409130109e-07
 239050.5 2.463904783672755e-07
 239051.0 5.317676369798185e-07
 239051.5 1.115117578290303e-06
 239052.0 2.272066347230872e-06
 239052.5 4.498044308035021e-06
 239053.0 8.652260229141673e-06
 239053.5 1.61710884032662e-05
 239054.0 2.936658354359134e-05
 239054.5 5.181705068980913e-05
 239055.0 8.883775402186711e-05
 239055.5 0.0001479886792185164
 239056.0 0.0002395332394952016
 239056.5 0.0003767121921567779
 239057.0 0.0005756524707981464
 239057.5 0.0008547099779740303
 239058.0 0.001233078596332371
 239058.5 0.001728660315706038
 239059.0 0.002355770104794389
 239059.5 0.003125198439939247
 239060.0 0.004054400597901797
 239060.5 0.005204104395575088
 239061.0 0.006756284214091648
 239061.5 0.00910157337993378
 239062.0 0.01279503829870868
 239062.5 0.01818438533464506
 239063.0 0.02475923659392019
 239063.5 0.0307901670196091
 239064.0 0.03431826575783167
 239064.5 0.03283507481586807
 239065.0 0.02793994322306285
 239065.5 0.02135136036159427
 239066.0 0.01523851057991096
 239066.5 0.01071669329557509
 239067.0 0.007777967349882009
 239067.5 0.005898674918828797
 239068.0 0.004585155226232276
 239068.5 0.003560290871030491
 239069.0 0.002715822640613486
 239069.5 0.00202001528745191
 239070.0 0.001461235751737164
 239070.5 0.001027265222998314
 239071.0 0.0007017272511120193
 239071.5 0.0004657613375133041
 239072.0 0.0003003762444139801
 239072.5 0.0001882237475933218
 239073.0 0.0001146013518306538
 239073.5 6.779712581120312e-05
 239074.0 3.897074093658914e-05
 239074.5 2.176563807705645e-05
 239075.0 1.181160580626672e-05
 239075.5 6.228029672497581e-06
 239076.0 3.190773775474387e-06
 239076.5 1.588345427905313e-06
 239077.0 7.682478610770982e-07
 239077.5 3.610722058566829e-07
 239078.0 1.64972678518005e-07
 239078.5 7.347959586623265e-08
 239079.0 3.246958982239256e-08
 239079.5 1.573189052639368e-08
 239080.0 1.196197482733474e-08
 239080.5 1.88150191815506e-08
 239081.0 4.189922478414765e-08
 239081.5 9.856128257990093e-08
 239082.0 2.284406099700709e-07
 239082.5 5.155840473725082e-07
 239083.0 1.131040343979595e-06
 239083.5 2.410925160095667e-06
 239084.0 4.993412735312952e-06
 239084.5 1.004886474657851e-05
 239085.0 1.964909649353197e-05
 239085.5 3.733144540987721e-05
 239086.0 6.891507314372991e-05
 239086.5 0.0001236121846492355
 239087.0 0.0002154350068936661
 239087.5 0.000364820539573929
 239088.0 0.0006002748258701202
 239088.5 0.0009596842517636817
 239089.0 0.00149077902256009
 239089.5 0.002250111825612619
 239090.0 0.003299906936395217
 239090.5 0.004702377217724873
 239091.0 0.006512030579863382
 239091.5 0.008769728172161803
 239092.0 0.01151242547546899
 239092.5 0.01483568993646722
 239093.0 0.01906992269353644
 239093.5 0.02507994078528719
 239094.0 0.03444632701195111
 239094.5 0.04892003045809563
 239095.0 0.06869548917340593
 239095.5 0.09037670105699536
 239096.0 0.1070149753723544
 239096.5 0.1128440832165593
 239097.0 0.1021653576968879
 239097.5 0.08282584389055762
 239098.0 0.06116942315509055
 239098.5 0.04311010215243088
 239099.0 0.03060619443534589
 239099.5 0.02265136148478929
 239100.0 0.01741864349466798
 239100.5 0.01357315275509086
 239101.0 0.01047686737046326
 239101.5 0.007912447041010698
 239102.0 0.005818149708822121
 239102.5 0.004158916901999918
 239103.0 0.002888841145695945
 239103.5 0.001949752996704662
 239104.0 0.001278631317091355
 239104.5 0.0008147633583179548
 239105.0 0.0005045199113682952
 239105.5 0.0003036931238278029
 239106.0 0.0001779343773736231
 239106.5 0.0001019614839899707
 239107.0 5.814987309424313e-05
 239107.5 3.498483897491911e-05
 239108.0 2.569473162550295e-05
 239108.5 2.724666332289127e-05
 239109.0 3.978248696263897e-05
 239109.5 6.650126190871353e-05
 239110.0 0.0001139422423035164
 239110.5 0.000192573304238039
 239111.0 0.0003175305321818367
 239111.5 0.0005092809116734875
 239112.0 0.0007938999689613563
 239112.5 0.00120259278376926
 239113.0 0.001770078671827977
 239113.5 0.002531575458419505
 239114.0 0.003518563817484693
 239114.5 0.004755069232260267
 239115.0 0.006261203849512995
 239115.5 0.008082756799767596
 239116.0 0.01038034269445082
 239116.5 0.01359225337227596
 239117.0 0.01856081229331095
 239117.5 0.02630146457677714
 239118.0 0.03711253219140115
 239118.5 0.04938453391747019
 239119.0 0.05938378437137382
 239119.5 0.06369168360277053
 239120.0 0.05861378470707096
 239120.5 0.04818795602226131
 239121.0 0.03592408762303174
 239121.5 0.02539055063112805
 239122.0 0.01796983733875768
 239122.5 0.01323834156967035
 239123.0 0.01017374101674991
 239123.5 0.00797992047855714
 239124.0 0.006265123739098433
 239124.5 0.004901988402607152
 239125.0 0.003871436482483753
 239125.5 0.00318196374210282
 239126.0 0.002844336879360115
 239126.5 0.002868698015099508
 239127.0 0.003266452830135838
 239127.5 0.00405080409285806
 239128.0 0.005235099221796838
 239128.5 0.006832370503398799
 239129.0 0.008868387543145034
 239129.5 0.01143834625072081
 239130.0 0.0148495558947979
 239130.5 0.01983542582708156
 239131.0 0.0276205826884896
 239131.5 0.03938493358803249
 239132.0 0.05492226967707444
 239132.5 0.07134606737277568
 239133.0 0.08356682114961375
 239133.5 0.08793940389787734
 239134.0 0.08163079245731536
 239134.5 0.07094434407899775
 239135.0 0.06112282103566587
 239135.5 0.05713465213886337
 239136.0 0.06133679546308851
 239136.5 0.07303027668326155
 239137.0 0.08816371394494295
 239137.5 0.1000300951951398
 239138.0 0.1032477662950469
 239138.5 0.09274723354680312
 239139.0 0.07499272140350793
 239139.5 0.05538426543762899
 239140.0 0.0390151022344267
 239140.5 0.02760478577515774
 239141.0 0.02029486061593125
 239141.5 0.0154844934859828
 239142.0 0.01198135550557343
 239142.5 0.009197507793363716
 239143.0 0.006918243317286923
 239143.5 0.005072476390038966
 239144.0 0.003618696903158719
 239144.5 0.002510320528981605
 239145.0 0.001692960430292545
 239145.5 0.001109807702644017
 239146.0 0.0007071184300999622
 239146.5 0.0004378749369977619
 239147.0 0.0002635108158159233
 239147.5 0.0001541059231535136
 239148.0 8.757876063275605e-05
 239148.5 4.836441119031309e-05
 239149.0 2.595326756833771e-05
 239149.5 1.353288448983914e-05
 239150.0 6.609894825856943e-06
