 238850.5 4.953140986377535e-06
 238851.0 8.9001395915051e-06
 238851.5 3.951781637837126e-07
 238852.0 1.665184205792518e-06
 238852.5 6.116989842713752e-08
 238853.0 3.648315333998615e-06
 238853.5 4.025105734058891e-08
 238854.0 2.551664291439026e-07
 238854.5 5.443674257871745e-06
 238855.0 2.090796134802189e-06
 238855.5 6.107778881120782e-06
 238856.0 2.467283936541077e-06
 238856.5 2.042104530757485e-06
 238857.0 1.107209180306896e-05
 238857.5 5.53048960450791e-06
 238858.0 5.496949819016355e-07
 238858.5 2.757765682833671e-07
 238859.0 8.952733980018528e-07
 238859.5 8.451974423593329e-08
 238860.0 1.979650426153786e-07
 238860.5 1.440754086186426e-06
 238861.0 3.001004059855736e-06
 238861.5 1.472377696802664e-06
 238862.0 2.215931665624144e-06
 238862.5 2.626523907716315e-07
 238863.0 1.606087132543899e-06
 238863.5 7.138035595178908e-07
 238864.0 3.417485646332484e-07
 238864.5 1.329373166649542e-06
 238865.0 1.040503494135696e-06
 238865.5 7.203422391098432e-08
 238866.0 5.057856416542293e-07
 238866.5 7.867194161724149e-08
 238867.0 5.247500239458755e-06
 238867.5 6.552316695537858e-09
 238868.0 9.591192054467433e-07
 238868.5 2.2298952691326e-06
 238869.0 2.009284284576435e-06
 238869.5 4.087113573660398e-09
 238870.0 3.892795892841714e-06
 238870.5 8.564281629505592e-07
 238871.0 6.154664517399013e-06
 238871.5 3.84499796718704e-07
 238872.0 7.450579967155104e-07
 238872.5 2.215986758432973e-10
 238873.0 2.124619407651418e-06
 238873.5 1.630323872493497e-06
 238874.0 6.102092469393158e-06
 238874.5 1.028106674658813e-07
 238875.0 5.963252310985331e-08
 238875.5 2.6690502903912e-06
 238876.0 1.604489336902111e-09
 238876.5 3.168732532180486e-08
 238877.0 5.92664470154897e-06
 238877.5 1.965463068290673e-07
 238878.0 2.428195574947154e-06
 238878.5 9.963510496296665e-08
 238879.0 3.834856345948907e-07
 238879.5 3.071570766417166e-07
 238880.0 1.297466927806568e-08
 238880.5 3.761090632994918e-06
 238881.0 3.033123150385654e-09
 238881.5 1.905029929226875e-06
 238882.0 1.1474275303355e-07
 238882.5 1.198620254464262e-06
 238883.0 3.111884035650618e-06
 238883.5 1.175184676353505e-07
 238884.0 9.519782705608044e-06
 238884.5 1.072433389405284e-05
 238885.0 7.033933980715543e-07
 238885.5 2.978872531087824e-06
 238886.0 1.039168434658944e-05
 238886.5 2.178818673084641e-06
 238887.0 2.360460647115714e-06
 238887.5 1.042124536106137e-06
 238888.0 5.965971457075894e-06
 238888.5 2.795843227372173e-08
 238889.0 9.88071115693512e-07
 238889.5 4.763270360576056e-08
 238890.0 1.438172208739445e-06
 238890.5 6.561277759411505e-09
 238891.0 2.463639430970186e-06
 238891.5 2.251522906286246e-08
 238892.0 1.66956256386234e-06
 238892.5 2.463400350979291e-06
 238893.0 3.994415789726238e-06
 238893.5 3.845834344381552e-08
 238894.0 4.795928512414559e-06
 238894.5 2.149696858948718e-06
 238895.0 1.958637066418773e-07
 238895.5 8.044371539231885e-07
 238896.0 4.138570582425677e-06
 238896.5 3.40147774705414e-06
 238897.0 1.302596396037221e-06
 238897.5 3.042536303681517e-06
 238898.0 5.050767308860417e-06
 238898.5 4.588263536598077e-06
 238899.0 1.092376525564188e-07
 238899.5 1.759524169458622e-07
 238900.0 2.603179732395362e-06
 238900.5 2.241480592082686e-06
 238901.0 1.402231061130124e-09
 238901.5 1.818979877125988e-06
 238902.0 7.647639481184141e-07
 238902.5 2.789895636449183e-07
 238903.0 7.961738256526766e-07
 238903.5 1.25944173320027e-06
 238904.0 1.658875472791924e-06
 238904.5 9.75188203389414e-09
 238905.0 2.406971044871721e-06
 238905.5 1.254796544165743e-06
 238906.0 5.44113496458071e-06
 238906.5 2.089080529442914e-06
 238907.0 3.810494277096594e-06
 238907.5 9.07288283614172e-07
 238908.0 5.238563915320182e-07
 238908.5 9.66967640890481e-08
 238909.0 1.782584305150143e-06
 238909.5 7.375602256579899e-06
 238910.0 1.109587673272946e-05
 238910.5 9.455292238721653e-06
 238911.0 4.357418518344811e-05
 238911.5 4.247780399178536e-05
 238912.0 8.11947782062452e-05
 238912.5 8.628525145673332e-05
 238913.0 6.22580621315484e-05
 238913.5 6.746998450180538e-05
 238914.0 3.709231648064632e-05
 238914.5 1.250402812174636e-05
 238915.0 7.600581088824758e-07
 238915.5 2.541791687262649e-06
 238916.0 4.997444977802501e-06
 238916.5 7.647222913475078e-06
 238917.0 8.498458634521974e-06
 238917.5 5.23459252203421e-06
 238918.0 1.015718373966863e-05
 238918.5 8.199804186946044e-09
 238919.0 1.576349492010938e-06
 238919.5 5.958339319492281e-06
 238920.0 7.49031699767909e-07
 238920.5 1.091500777975018e-05
 238921.0 5.197544235913127e-07
 238921.5 9.857869252585909e-06
 238922.0 5.651940246436419e-07
 238922.5 1.635151464525651e-06
 238923.0 1.012985965397263e-05
 238923.5 6.810655016989152e-07
 238924.0 1.284503818047185e-06
 238924.5 3.046843944310053e-06
 238925.0 2.105703507867438e-06
 238925.5 7.021687770417066e-07
 238926.0 2.184847597694145e-06
 238926.5 5.185503195735748e-07
 238927.0 4.78416129000156e-08
 238927.5 9.070441972329726e-07
 238928.0 8.082084265809689e-06
 238928.5 9.275006818876889e-07
 238929.0 2.296381333463111e-06
 238929.5 6.718061134213402e-06
 238930.0 2.309740801544137e-06
 238930.5 6.491112895074956e-09
 238931.0 5.217195275606424e-06
 238931.5 7.329648547307415e-06
 238932.0 4.491691701298802e-06
 238932.5 4.248859946634315e-08
 238933.0 2.997852948451292e-06
 238933.5 5.797122051697654e-07
 238934.0 1.094700330875632e-07
 238934.5 9.549924848657579e-08
 238935.0 1.732821926676103e-06
 238935.5 5.434119186143258e-06
 238936.0 4.030323526912093e-07
 238936.5 1.400056251893858e-05
 238937.0 5.192068849522185e-06
 238937.5 2.559756481364355e-08
 238938.0 7.275819315698334e-06
 238938.5 2.052968675360372e-07
 238939.0 1.42363468043983e-08
 238939.5 2.901950121082177e-08
 238940.0 3.869548139342202e-06
 238940.5 2.295185059271941e-06
 238941.0 4.349423829603641e-06
 238941.5 5.452923829696706e-06
 238942.0 5.759431284502771e-06
 238942.5 2.366989994548864e-05
 238943.0 8.291305321963818e-09
 238943.5 6.714149655431829e-07
 238944.0 2.724940666847768e-06
 238944.5 3.256046581446666e-06
 238945.0 1.198740733498743e-06
 238945.5 6.503055377791108e-06
 238946.0 1.098559562130841e-06
 238946.5 3.104622620822918e-06
 238947.0 1.62919614068908e-06
 238947.5 2.707474865505986e-06
 238948.0 1.338358911781729e-07
 238948.5 3.469327929748548e-07
 238949.0 2.227352479423365e-05
 238949.5 1.119579737366087e-06
 238950.0 5.802769172347e-07
 238950.5 4.355522437202086e-07
 238951.0 6.766996205154901e-07
 238951.5 4.932807922765359e-07
 238952.0 1.352129606350659e-06
 238952.5 3.369730442427715e-06
 238953.0 2.317516335640582e-07
 238953.5 6.767524625970268e-06
 238954.0 2.428585723811732e-07
 238954.5 1.284255980645656e-07
 238955.0 1.309077480107086e-06
 238955.5 1.094170193880678e-06
 238956.0 1.99330699211519e-06
 238956.5 1.832153516930237e-06
 238957.0 1.377479245668279e-07
 238957.5 2.825199619585813e-07
 238958.0 1.214758588179177e-05
 238958.5 2.643189420014224e-09
 238959.0 2.595987952219328e-06
 238959.5 8.42090919760743e-06
 238960.0 1.039580090965876e-05
 238960.5 2.834580432072743e-07
 238961.0 7.929029491523257e-09
 238961.5 2.6205355229204e-06
 238962.0 5.076791891010829e-06
 238962.5 3.590005825017693e-06
 238963.0 7.797449993044825e-06
 238963.5 7.467334589196124e-07
 238964.0 4.277887717189383e-06
 238964.5 4.28859339896719e-09
 238965.0 1.894653089641704e-06
 238965.5 3.402372164242533e-07
 238966.0 4.097023412548514e-06
 238966.5 1.954291131427473e-06
 238967.0 4.046451126845008e-06
 238967.5 1.042149042657962e-05
 238968.0 2.574923289258622e-05
 238968.5 6.949014959542677e-06
 238969.0 3.924358979641372e-05
 238969.5 0.0001058526467219903
 238970.0 0.0001230505283234207
 238970.5 0.0003284459764287598
 238971.0 0.0006088870158965457
 238971.5 0.0008387391257451498
 238972.0 0.000977017722188026
 238972.5 0.0008479087312538736
 238973.0 0.0006450397936339596
 238973.5 0.0002658848659120866
 238974.0 0.0001054363863273877
 238974.5 1.91958405613444e-05
 238975.0 3.063841020585136e-05
 238975.5 8.655646004976042e-06
 238976.0 1.553608417136618e-05
 238976.5 1.311321955722693e-06
 238977.0 1.375859633283498e-05
 238977.5 4.821996581156533e-07
 238978.0 1.160954458351009e-08
 238978.5 8.51528043741057e-07
 238979.0 1.853365146197446e-07
 238979.5 1.543697534543335e-06
 238980.0 8.197190814092148e-11
 238980.5 5.099959903129677e-07
 238981.0 4.602006804035561e-06
 238981.5 6.124377494184823e-10
 238982.0 3.371582755999329e-06
 238982.5 3.254896152817095e-06
 238983.0 4.352367392436614e-06
 238983.5 2.182743058129889e-06
 238984.0 6.242365313466205e-08
 238984.5 1.025600056480969e-05
 238985.0 3.592944215371067e-07
 238985.5 7.051210186829127e-07
 238986.0 5.212177333183034e-06
 238986.5 9.865770832815554e-07
 238987.0 3.792662910485831e-06
 238987.5 1.208405987707416e-07
 238988.0 2.650612421458287e-07
 238988.5 1.262634649746132e-08
 238989.0 2.281881391240803e-07
 238989.5 4.155137333682315e-10
 238990.0 2.723590278117121e-10
 238990.5 1.743192687037907e-06
 238991.0 4.428246699181388e-08
 238991.5 3.712469968186772e-11
 238992.0 6.387204879818678e-06
 238992.5 4.528517051047287e-06
 238993.0 1.460213102574172e-06
 238993.5 5.965917130062137e-08
 238994.0 2.858349955715082e-06
 238994.5 6.405705376230547e-08
 238995.0 5.018575351116046e-07
 238995.5 4.562740313805097e-07
 238996.0 3.354043299656064e-07
 238996.5 6.089533051589427e-07
 238997.0 2.323225935396138e-06
 238997.5 1.049232312669214e-07
 238998.0 2.538835599523163e-07
 238998.5 2.9782787092005e-06
 238999.0 1.02278150799508e-06
 238999.5 1.499519446215241e-05
 239000.0 4.873467853282045e-07
 239000.5 9.951064622526196e-08
 239001.0 1.130741473862361e-05
 239001.5 5.051852192364313e-06
 239002.0 5.547409242492033e-07
 239002.5 6.041523980610873e-06
 239003.0 8.105426965386529e-07
 239003.5 5.041252396488777e-07
 239004.0 7.556297384807083e-08
 239004.5 1.148147306137315e-06
 239005.0 6.067387601973815e-07
 239005.5 8.247910091716893e-07
 239006.0 2.941481553880764e-07
 239006.5 3.063291402946439e-06
 239007.0 7.689358757259647e-06
 239007.5 2.014129437610775e-07
 239008.0 7.576793631507148e-07
 239008.5 2.484809736337764e-07
 239009.0 4.718158547429658e-07
 239009.5 3.26815048144434e-07
 239010.0 1.681383250112589e-06
 239010.5 2.028467836610941e-06
 239011.0 7.614779333527789e-07
 239011.5 1.018645078349956e-07
 239012.0 1.157598347415167e-09
 239012.5 1.021243888641276e-06
 239013.0 5.268511212312262e-06
 239013.5 8.19285697249987e-06
 239014.0 3.876625253872925e-06
 239014.5 3.136870807224925e-07
 239015.0 6.771148780859694e-06
 239015.5 4.318667504913362e-07
 239016.0 2.782736740212928e-06
 239016.5 1.600309523688073e-06
 239017.0 8.810867006860891e-06
 239017.5 4.102111780339844e-07
 239018.0 1.633692965763401e-06
 239018.5 1.726464472343343e-05
 239019.0 1.940138666983092e-05
 239019.5 7.388497023682216e-06
 239020.0 2.007458801377202e-05
 239020.5 7.695254721950565e-05
 239021.0 0.0001055964576966597
 239021.5 0.000241860511919578
 239022.0 0.0003119952198185663
 239022.5 0.0004968949175048748
 239023.0 0.0004355208366700935
 239023.5 0.0003370308959770382
 239024.0 0.0002159498034506331
 239024.5 2.787839863574703e-05
 239025.0 2.95216978910678e-05
 239025.5 2.878652221340648e-05
 239026.0 4.331567216846962e-05
 239026.5 2.977821231009384e-05
 239027.0 5.083443247194125e-06
 239027.5 3.942979583247846e-10
 239028.0 9.055463410005218e-06
 239028.5 6.000531569912762e-07
 239029.0 5.770990102928952e-06
 239029.5 4.596272810515191e-06
 239030.0 2.066290110019362e-06
 239030.5 5.733297877943609e-06
 239031.0 9.480379925959792e-08
 239031.5 2.918736754415796e-06
 239032.0 4.68237554795523e-06
 239032.5 6.498789696440552e-07
 239033.0 1.116616073587255e-07
 239033.5 2.302120103815528e-09
 239034.0 1.721780820165428e-06
 239034.5 1.849287171574775e-06
 239035.0 1.868687756189406e-06
 239035.5 5.508369429429914e-07
 239036.0 1.134711608523461e-06
 239036.5 5.000503146105814e-09
 239037.0 2.849280175869312e-06
 239037.5 2.363793583185211e-06
 239038.0 2.212126269076655e-06
 239038.5 6.409351822420731e-07
 239039.0 1.034401523415238e-06
 239039.5 4.377168841861955e-06
 239040.0 3.90759771778246e-07
 239040.5 5.409220271892821e-06
 239041.0 1.923892034898752e-06
 239041.5 3.529209635688385e-06
 239042.0 2.008947693842703e-06
 239042.5 3.675229334027016e-06
 239043.0 1.274288209173707e-06
 239043.5 2.137099305425235e-07
 239044.0 7.18605838598365e-06
 239044.5 5.092507302057941e-06
 239045.0 7.634148526998178e-08
 239045.5 1.130913505824566e-06
 239046.0 1.454451591690882e-06
 239046.5 1.717642249472808e-06
 239047.0 6.088091683315295e-08
 239047.5 1.036319023437613e-06
 239048.0 1.096023634838003e-06
 239048.5 5.334029374010452e-06
 239049.0 2.754168082545126e-07
 239049.5 1.718860085817486e-06
 239050.0 4.415240765098165e-07
 239050.5 1.550811852700132e-07
 239051.0 6.762621479763357e-07
 239051.5 7.862476197426053e-07
 239052.0 4.633687768128328e-07
 239052.5 1.98832839974098e-06
 239053.0 5.569850644107336e-06
 239053.5 5.843486170346287e-07
 239054.0 4.465256678740097e-06
 239054.5 6.659303626644981e-07
 239055.0 7.749596463938423e-06
 239055.5 2.549548599734571e-06
 239056.0 1.565384600287539e-07
 239056.5 3.743180204124716e-06
 239057.0 4.968858876991306e-06
 239057.5 6.065417642239095e-08
 239058.0 3.73452586777944e-06
 239058.5 5.647495315013914e-06
 239059.0 5.53198537140512e-06
 239059.5 3.043890039880044e-05
 239060.0 9.272800760829852e-06
 239060.5 2.801348164674716e-05
 239061.0 4.061103862549293e-05
 239061.5 8.04007620491356e-05
 239062.0 0.0001719463381077777
 239062.5 0.0003138827748201357
 239063.0 0.0007098978784846848
 239063.5 0.0008379604732808612
 239064.0 0.001250899680352012
 239064.5 0.0008937005500780467
 239065.0 0.0007683850628892973
 239065.5 0.0004185691511003112
 239066.0 0.0001948248186953782
 239066.5 0.0001121022155219195
 239067.0 5.305403744136935e-05
 239067.5 3.191169718160815e-05
 239068.0 3.993579594025831e-05
 239068.5 5.065083876300994e-06
 239069.0 1.918365005341913e-05
 239069.5 3.146563014640493e-06
 239070.0 1.171700669208527e-05
 239070.5 1.139392840764583e-05
 239071.0 3.595683405603168e-06
 239071.5 3.11171247017564e-07
 239072.0 7.397959225760287e-06
 239072.5 1.069765226835216e-07
 239073.0 2.650652498742951e-06
 239073.5 5.655922631196803e-07
 239074.0 3.045739476222076e-07
 239074.5 4.055197702419367e-07
 239075.0 3.621462806552525e-06
 239075.5 6.250294667814149e-07
 239076.0 2.208271907252956e-07
 239076.5 2.158794076841271e-06
 239077.0 5.848421077369229e-07
 239077.5 2.674832002734831e-06
 239078.0 2.229495428213064e-06
 239078.5 4.056779173407734e-06
 239079.0 2.118968905051e-06
 239079.5 4.156019432173694e-07
 239080.0 7.637459481409568e-08
 239080.5 6.259053377434209e-07
 239081.0 2.291903509700636e-06
 239081.5 6.53418663298237e-09
 239082.0 7.0389534997976e-07
 239082.5 7.823805461012337e-06
 239083.0 4.901367763733699e-08
 239083.5 2.54036684978101e-06
 239084.0 1.602767292729668e-05
 239084.5 6.693764475290546e-07
 239085.0 8.015083478391553e-06
 239085.5 8.54528900569794e-06
 239086.0 1.171443571234041e-08
 239086.5 2.518785232541504e-06
 239087.0 6.539333687582906e-06
 239087.5 6.011365689506309e-07
 239088.0 1.312335236783146e-05
 239088.5 3.34221936898421e-07
 239089.0 1.488345031976806e-05
 239089.5 2.047915592869488e-06
 239090.0 2.018857747967192e-05
 239090.5 1.504442988806321e-05
 239091.0 5.903080096042234e-05
 239091.5 4.364683181755971e-05
 239092.0 0.0001400609113504561
 239092.5 0.0002270538643431575
 239093.0 0.0003933540117861181
 239093.5 0.0006130921462407124
 239094.0 0.001057324961366166
 239094.5 0.002115173660830623
 239095.0 0.00433410037258097
 239095.5 0.007421939253345083
 239096.0 0.0109295892781099
 239096.5 0.01088210585195208
 239097.0 0.00965115469752293
 239097.5 0.006702045081628989
 239098.0 0.003686483889298883
 239098.5 0.001735097702538457
 239099.0 0.0008535205618837435
 239099.5 0.0004412321494013435
 239100.0 0.0003362193096214837
 239100.5 0.000154767933186629
 239101.0 0.0001273095422873554
 239101.5 7.368833469985418e-05
 239102.0 5.684258803801305e-06
 239102.5 1.019386540102596e-05
 239103.0 8.14132937328721e-06
 239103.5 4.027574399522527e-07
 239104.0 4.986438285073535e-06
 239104.5 1.581762607957324e-05
 239105.0 6.544123087395713e-06
 239105.5 4.433162559932838e-06
 239106.0 2.93711308653542e-06
 239106.5 3.5214529947651e-06
 239107.0 2.286103625522842e-05
 239107.5 5.517109582576736e-07
 239108.0 3.483259076955511e-07
 239108.5 8.325845056529309e-07
 239109.0 2.214904023449675e-06
 239109.5 1.800675105557579e-07
 239110.0 1.154515708876879e-07
 239110.5 4.204570953853615e-07
 239111.0 4.083062488933136e-06
 239111.5 1.644440460736672e-08
 239112.0 4.226133622985184e-07
 239112.5 8.363697767549475e-07
 239113.0 3.583566671752988e-07
 239113.5 3.972944482523955e-06
 239114.0 1.728383053176532e-05
 239114.5 5.595923375826759e-05
 239115.0 6.095665743340631e-05
 239115.5 8.088395693204054e-05
 239116.0 0.0001106379503405582
 239116.5 0.0001849198325514935
 239117.0 0.0002741293779303682
 239117.5 0.0005791741464200243
 239118.0 0.001174307080531965
 239118.5 0.002134263255857444
 239119.0 0.002853702595878227
 239119.5 0.003059951684019411
 239120.0 0.003320459042262228
 239120.5 0.002006766630957004
 239121.0 0.001300891523913536
 239121.5 0.0007235631426284054
 239122.0 0.0001616879309411836
 239122.5 0.0001793690473334701
 239123.0 0.0001057126095345881
 239123.5 8.869857154891113e-05
 239124.0 2.620367706689311e-05
 239124.5 1.338594241121622e-05
 239125.0 1.218537373157334e-05
 239125.5 1.368455832960606e-06
 239126.0 7.73933244216596e-06
 239126.5 1.775757889271537e-06
 239127.0 4.117948155079817e-05
 239127.5 1.725196434090585e-05
 239128.0 1.739277140726593e-05
 239128.5 3.51243828018751e-05
 239129.0 5.379692727306476e-05
 239129.5 8.137098360586364e-05
 239130.0 0.0001873717287287223
 239130.5 0.0003260728720057127
 239131.0 0.0007412060182739806
 239131.5 0.001260129942436872
 239132.0 0.00251203922911944
 239132.5 0.004056639111763576
 239133.0 0.005126951823993398
 239133.5 0.00577923558468254
 239134.0 0.005142951739609848
 239134.5 0.003880465367829931
 239135.0 0.003006650050688399
 239135.5 0.002729918579960446
 239136.0 0.003485409233687688
 239136.5 0.004163338532293517
 239137.0 0.006148185470452882
 239137.5 0.007702412611285727
 239138.0 0.008232624501897398
 239138.5 0.0064786070455867
 239139.0 0.004765098923330452
 239139.5 0.002673232844339245
 239140.0 0.001278670359129788
 239140.5 0.0007016372086381911
 239141.0 0.0003179683173734013
 239141.5 0.000230881353747151
 239142.0 6.547366063996911e-05
 239142.5 3.984448060755656e-05
 239143.0 4.882874110658623e-05
 239143.5 3.978548554751518e-05
 239144.0 5.54083191454712e-06
 239144.5 2.744837996014573e-06
 239145.0 7.255014107869282e-06
 239145.5 3.438309519237045e-06
 239146.0 7.884259470786886e-07
 239146.5 9.844118074607656e-09
 239147.0 1.869616337275696e-07
 239147.5 1.505133018769116e-07
 239148.0 3.77184181511464e-07
 239148.5 2.676670905953878e-06
 239149.0 3.940214543383202e-07
 239149.5 6.127288523178285e-06
 239150.0 1.730574130709158e-06
