                     bin:                     prob.:
    1.099887363336029e+00      2.690485981661819e+00
    1.106187025426037e+00      0.000000000000000e+00
    1.112486687516045e+00      0.000000000000000e+00
    1.118786349606053e+00      0.000000000000000e+00
    1.125086011696061e+00      0.000000000000000e+00
    1.131385673786069e+00      0.000000000000000e+00
    1.137685335876078e+00      0.000000000000000e+00
    1.143984997966086e+00      0.000000000000000e+00
    1.150284660056094e+00      0.000000000000000e+00
    1.156584322146102e+00      0.000000000000000e+00
    1.162883984236110e+00      0.000000000000000e+00
    1.169183646326118e+00      0.000000000000000e+00
    1.175483308416126e+00      0.000000000000000e+00
    1.181782970506134e+00      0.000000000000000e+00
    1.188082632596142e+00      0.000000000000000e+00
    1.194382294686150e+00      5.380971963323638e+00
    1.200681956776158e+00      0.000000000000000e+00
    1.206981618866167e+00      0.000000000000000e+00
    1.213281280956175e+00      0.000000000000000e+00
    1.219580943046183e+00      0.000000000000000e+00
    1.225880605136191e+00      0.000000000000000e+00
    1.232180267226199e+00      0.000000000000000e+00
    1.238479929316207e+00      0.000000000000000e+00
    1.244779591406215e+00      0.000000000000000e+00
    1.251079253496223e+00      0.000000000000000e+00
    1.257378915586231e+00      0.000000000000000e+00
    1.263678577676239e+00      0.000000000000000e+00
    1.269978239766247e+00      0.000000000000000e+00
    1.276277901856256e+00      0.000000000000000e+00
    1.282577563946264e+00      0.000000000000000e+00
    1.288877226036272e+00      0.000000000000000e+00
    1.295176888126280e+00      2.690485981661725e+00
    1.301476550216288e+00      0.000000000000000e+00
    1.307776212306296e+00      0.000000000000000e+00
    1.314075874396304e+00      0.000000000000000e+00
    1.320375536486312e+00      0.000000000000000e+00
    1.326675198576320e+00      0.000000000000000e+00
    1.332974860666328e+00      0.000000000000000e+00
    1.339274522756337e+00      0.000000000000000e+00
    1.345574184846345e+00      0.000000000000000e+00
    1.351873846936352e+00      0.000000000000000e+00
    1.358173509026361e+00      0.000000000000000e+00
    1.364473171116369e+00      0.000000000000000e+00
    1.370772833206377e+00      0.000000000000000e+00
    1.377072495296385e+00      0.000000000000000e+00
    1.383372157386393e+00      0.000000000000000e+00
    1.389671819476401e+00      0.000000000000000e+00
    1.395971481566409e+00      8.071457944985458e+00
    1.402271143656417e+00      0.000000000000000e+00
    1.408570805746425e+00      0.000000000000000e+00
    1.414870467836433e+00      0.000000000000000e+00
    1.421170129926442e+00      0.000000000000000e+00
    1.427469792016450e+00      0.000000000000000e+00
    1.433769454106458e+00      0.000000000000000e+00
    1.440069116196466e+00      0.000000000000000e+00
    1.446368778286474e+00      0.000000000000000e+00
    1.452668440376482e+00      0.000000000000000e+00
    1.458968102466490e+00      0.000000000000000e+00
    1.465267764556498e+00      0.000000000000000e+00
    1.471567426646506e+00      0.000000000000000e+00
    1.477867088736514e+00      0.000000000000000e+00
    1.484166750826522e+00      0.000000000000000e+00
    1.490466412916531e+00      0.000000000000000e+00
    1.496766075006539e+00      2.690485981661725e+00
    1.503065737096547e+00      0.000000000000000e+00
    1.509365399186555e+00      0.000000000000000e+00
    1.515665061276563e+00      0.000000000000000e+00
    1.521964723366571e+00      0.000000000000000e+00
    1.528264385456579e+00      0.000000000000000e+00
    1.534564047546587e+00      0.000000000000000e+00
    1.540863709636595e+00      0.000000000000000e+00
    1.547163371726603e+00      0.000000000000000e+00
    1.553463033816612e+00      0.000000000000000e+00
    1.559762695906620e+00      0.000000000000000e+00
    1.566062357996628e+00      0.000000000000000e+00
    1.572362020086636e+00      0.000000000000000e+00
    1.578661682176644e+00      0.000000000000000e+00
    1.584961344266652e+00      0.000000000000000e+00
    1.591261006356660e+00      0.000000000000000e+00
    1.597560668446668e+00      5.380971963323638e+00
    1.603860330536676e+00      0.000000000000000e+00
    1.610159992626684e+00      0.000000000000000e+00
    1.616459654716692e+00      0.000000000000000e+00
    1.622759316806700e+00      0.000000000000000e+00
    1.629058978896708e+00      0.000000000000000e+00
    1.635358640986717e+00      0.000000000000000e+00
    1.641658303076725e+00      0.000000000000000e+00
    1.647957965166733e+00      0.000000000000000e+00
    1.654257627256741e+00      0.000000000000000e+00
    1.660557289346749e+00      0.000000000000000e+00
    1.666856951436757e+00      0.000000000000000e+00
    1.673156613526765e+00      0.000000000000000e+00
    1.679456275616773e+00      0.000000000000000e+00
    1.685755937706781e+00      0.000000000000000e+00
    1.692055599796789e+00      0.000000000000000e+00
    1.698355261886797e+00      2.690485981661819e+00
    1.704654923976805e+00      0.000000000000000e+00
    1.710954586066814e+00      0.000000000000000e+00
    1.717254248156822e+00      0.000000000000000e+00
    1.723553910246830e+00      0.000000000000000e+00
    1.729853572336838e+00      0.000000000000000e+00
    1.736153234426846e+00      0.000000000000000e+00
    1.742452896516854e+00      0.000000000000000e+00
    1.748752558606862e+00      0.000000000000000e+00
    1.755052220696870e+00      0.000000000000000e+00
    1.761351882786878e+00      0.000000000000000e+00
    1.767651544876887e+00      0.000000000000000e+00
    1.773951206966895e+00      0.000000000000000e+00
    1.780250869056903e+00      0.000000000000000e+00
    1.786550531146911e+00      0.000000000000000e+00
    1.792850193236919e+00      0.000000000000000e+00
    1.799149855326927e+00      0.000000000000000e+00
    1.805449517416935e+00      0.000000000000000e+00
    1.811749179506943e+00      0.000000000000000e+00
    1.818048841596951e+00      2.690485981661725e+00
    1.824348503686959e+00      0.000000000000000e+00
    1.830648165776967e+00      0.000000000000000e+00
    1.836947827866975e+00      0.000000000000000e+00
    1.843247489956984e+00      5.380971963323449e+00
    1.849547152046992e+00      0.000000000000000e+00
    1.855846814137000e+00      0.000000000000000e+00
    1.862146476227008e+00      0.000000000000000e+00
    1.868446138317016e+00      2.690485981661725e+00
    1.874745800407024e+00      0.000000000000000e+00
    1.881045462497032e+00      0.000000000000000e+00
    1.887345124587040e+00      0.000000000000000e+00
    1.893644786677048e+00      5.380971963323449e+00
    1.899944448767056e+00      0.000000000000000e+00
    1.906244110857064e+00      0.000000000000000e+00
    1.912543772947072e+00      0.000000000000000e+00
    1.918843435037080e+00      2.690485981661725e+00
    1.925143097127089e+00      0.000000000000000e+00
    1.931442759217097e+00      0.000000000000000e+00
    1.937742421307105e+00      0.000000000000000e+00
    1.944042083397113e+00      5.380971963323449e+00
    1.950341745487121e+00      0.000000000000000e+00
    1.956641407577129e+00      0.000000000000000e+00
    1.962941069667137e+00      0.000000000000000e+00
    1.969240731757145e+00      2.690485981661819e+00
    1.975540393847153e+00      0.000000000000000e+00
    1.981840055937161e+00      0.000000000000000e+00
    1.988139718027170e+00      0.000000000000000e+00
    1.994439380117178e+00      8.071457944985458e+00
    2.000739042207186e+00      0.000000000000000e+00
    2.007038704297194e+00      0.000000000000000e+00
    2.013338366387202e+00      0.000000000000000e+00
    2.019638028477210e+00      2.690485981661819e+00
    2.025937690567218e+00      0.000000000000000e+00
    2.032237352657226e+00      0.000000000000000e+00
    2.038537014747234e+00      0.000000000000000e+00
    2.044836676837242e+00      5.380971963323638e+00
    2.051136338927250e+00      0.000000000000000e+00
    2.057436001017258e+00      0.000000000000000e+00
    2.063735663107266e+00      0.000000000000000e+00
    2.070035325197275e+00      2.690485981661819e+00
    2.076334987287283e+00      0.000000000000000e+00
    2.082634649377291e+00      0.000000000000000e+00
    2.088934311467299e+00      0.000000000000000e+00
    2.095233973557307e+00      8.071457944985458e+00
    2.101533635647315e+00      0.000000000000000e+00
    2.107833297737323e+00      0.000000000000000e+00
    2.114132959827331e+00      0.000000000000000e+00
    2.120432621917339e+00      2.690485981661630e+00
    2.126732284007347e+00      0.000000000000000e+00
    2.133031946097355e+00      0.000000000000000e+00
    2.139331608187364e+00      0.000000000000000e+00
    2.145631270277372e+00      5.380971963323638e+00
    2.151930932367380e+00      0.000000000000000e+00
    2.158230594457388e+00      2.690485981661819e+00
    2.164530256547396e+00      0.000000000000000e+00
    2.170829918637404e+00      5.380971963323638e+00
    2.177129580727412e+00      0.000000000000000e+00
    2.183429242817420e+00      2.690485981661819e+00
    2.189728904907428e+00      0.000000000000000e+00
    2.196028566997437e+00      2.690485981661819e+00
    2.202328229087445e+00      0.000000000000000e+00
    2.208627891177453e+00      0.000000000000000e+00
    2.214927553267461e+00      0.000000000000000e+00
    2.221227215357469e+00      2.690485981661819e+00
    2.227526877447477e+00      0.000000000000000e+00
    2.233826539537485e+00      0.000000000000000e+00
    2.240126201627493e+00      0.000000000000000e+00
    2.246425863717501e+00      5.380971963323638e+00
    2.252725525807509e+00      0.000000000000000e+00
    2.259025187897517e+00      0.000000000000000e+00
    2.265324849987525e+00      0.000000000000000e+00
    2.271624512077533e+00      2.690485981661819e+00
    2.277924174167541e+00      0.000000000000000e+00
    2.284223836257549e+00      0.000000000000000e+00
    2.290523498347558e+00      0.000000000000000e+00
    2.296823160437566e+00      8.071457944984889e+00
    2.303122822527574e+00      0.000000000000000e+00
    2.309422484617582e+00      0.000000000000000e+00
    2.315722146707590e+00      0.000000000000000e+00
    2.322021808797598e+00      0.000000000000000e+00
    2.328321470887606e+00      0.000000000000000e+00
    2.334621132977614e+00      0.000000000000000e+00
    2.340920795067623e+00      0.000000000000000e+00
    2.347220457157631e+00      2.690485981661630e+00
    2.353520119247639e+00      0.000000000000000e+00
    2.359819781337647e+00      0.000000000000000e+00
    2.366119443427655e+00      0.000000000000000e+00
    2.372419105517663e+00      0.000000000000000e+00
    2.378718767607671e+00      0.000000000000000e+00
    2.385018429697679e+00      0.000000000000000e+00
    2.391318091787687e+00      0.000000000000000e+00
    2.397617753877695e+00      1.076194392664728e+01
    2.403917415967703e+00      0.000000000000000e+00
    2.410217078057712e+00      0.000000000000000e+00
    2.416516740147720e+00      0.000000000000000e+00
    2.422816402237728e+00      0.000000000000000e+00
    2.429116064327736e+00      0.000000000000000e+00
    2.435415726417744e+00      0.000000000000000e+00
    2.441715388507752e+00      0.000000000000000e+00
    2.448015050597760e+00      2.690485981661630e+00
    2.454314712687768e+00      0.000000000000000e+00
    2.460614374777776e+00      0.000000000000000e+00
    2.466914036867784e+00      0.000000000000000e+00
    2.473213698957792e+00      0.000000000000000e+00
    2.479513361047800e+00      0.000000000000000e+00
    2.485813023137808e+00      0.000000000000000e+00
    2.492112685227816e+00      5.380971963323638e+00
    2.498412347317824e+00      0.000000000000000e+00
    2.504712009407833e+00      0.000000000000000e+00
    2.511011671497841e+00      0.000000000000000e+00
    2.517311333587849e+00      0.000000000000000e+00
    2.523610995677857e+00      0.000000000000000e+00
    2.529910657767865e+00      0.000000000000000e+00
    2.536210319857873e+00      0.000000000000000e+00
    2.542509981947881e+00      2.690485981661819e+00
    2.548809644037889e+00      0.000000000000000e+00
    2.555109306127897e+00      0.000000000000000e+00
    2.561408968217906e+00      0.000000000000000e+00
    2.567708630307914e+00      0.000000000000000e+00
    2.574008292397922e+00      0.000000000000000e+00
    2.580307954487930e+00      0.000000000000000e+00
    2.586607616577938e+00      0.000000000000000e+00
    2.592907278667946e+00      0.000000000000000e+00
    2.599206940757954e+00      0.000000000000000e+00
    2.605506602847962e+00      0.000000000000000e+00
    2.611806264937970e+00      0.000000000000000e+00
    2.618105927027978e+00      0.000000000000000e+00
    2.624405589117986e+00      0.000000000000000e+00
    2.630705251207995e+00      0.000000000000000e+00
    2.637004913298003e+00      0.000000000000000e+00
    2.643304575388011e+00      0.000000000000000e+00
    2.649604237478019e+00      0.000000000000000e+00
    2.655903899568027e+00      0.000000000000000e+00
    2.662203561658035e+00      0.000000000000000e+00
    2.668503223748043e+00      0.000000000000000e+00
    2.674802885838051e+00      0.000000000000000e+00
    2.681102547928059e+00      0.000000000000000e+00
    2.687402210018067e+00      0.000000000000000e+00
    2.693701872108075e+00      0.000000000000000e+00
    2.700001534198083e+00      0.000000000000000e+00
    2.706301196288091e+00      0.000000000000000e+00
    2.712600858378099e+00      0.000000000000000e+00
    2.718900520468107e+00      0.000000000000000e+00
    2.725200182558116e+00      0.000000000000000e+00
    2.731499844648124e+00      0.000000000000000e+00
    2.737799506738132e+00      0.000000000000000e+00
    2.744099168828140e+00      0.000000000000000e+00
    2.750398830918148e+00      0.000000000000000e+00
    2.756698493008156e+00      0.000000000000000e+00
    2.762998155098164e+00      0.000000000000000e+00
    2.769297817188172e+00      0.000000000000000e+00
    2.775597479278181e+00      0.000000000000000e+00
    2.781897141368189e+00      0.000000000000000e+00
    2.788196803458197e+00      0.000000000000000e+00
    2.794496465548205e+00      0.000000000000000e+00
    2.800796127638213e+00      0.000000000000000e+00
    2.807095789728221e+00      0.000000000000000e+00
    2.813395451818229e+00      0.000000000000000e+00
    2.819695113908237e+00      0.000000000000000e+00
    2.825994775998245e+00      0.000000000000000e+00
    2.832294438088253e+00      0.000000000000000e+00
    2.838594100178261e+00      0.000000000000000e+00
    2.844893762268270e+00      0.000000000000000e+00
    2.851193424358278e+00      0.000000000000000e+00
    2.857493086448286e+00      0.000000000000000e+00
    2.863792748538294e+00      0.000000000000000e+00
    2.870092410628302e+00      0.000000000000000e+00
    2.876392072718310e+00      0.000000000000000e+00
    2.882691734808318e+00      0.000000000000000e+00
    2.888991396898326e+00      0.000000000000000e+00
    2.895291058988334e+00      0.000000000000000e+00
    2.901590721078342e+00      0.000000000000000e+00
    2.907890383168350e+00      0.000000000000000e+00
    2.914190045258358e+00      0.000000000000000e+00
    2.920489707348366e+00      0.000000000000000e+00
    2.926789369438374e+00      0.000000000000000e+00
    2.933089031528382e+00      0.000000000000000e+00
    2.939388693618391e+00      0.000000000000000e+00
    2.945688355708399e+00      0.000000000000000e+00
    2.951988017798407e+00      0.000000000000000e+00
    2.958287679888415e+00      0.000000000000000e+00
    2.964587341978423e+00      0.000000000000000e+00
    2.970887004068431e+00      0.000000000000000e+00
    2.977186666158439e+00      0.000000000000000e+00
    2.983486328248447e+00      0.000000000000000e+00
    2.989785990338455e+00      0.000000000000000e+00
    2.996085652428464e+00      0.000000000000000e+00
    3.002385314518472e+00      0.000000000000000e+00
    3.008684976608480e+00      0.000000000000000e+00
    3.014984638698488e+00      0.000000000000000e+00
    3.021284300788496e+00      0.000000000000000e+00
    3.027583962878504e+00      0.000000000000000e+00
    3.033883624968512e+00      0.000000000000000e+00
    3.040183287058520e+00      0.000000000000000e+00
    3.046482949148528e+00      0.000000000000000e+00
    3.052782611238536e+00      0.000000000000000e+00
    3.059082273328545e+00      0.000000000000000e+00
    3.065381935418553e+00      0.000000000000000e+00
    3.071681597508561e+00      0.000000000000000e+00
    3.077981259598569e+00      0.000000000000000e+00
    3.084280921688577e+00      0.000000000000000e+00
    3.090580583778585e+00      0.000000000000000e+00
    3.096880245868593e+00      0.000000000000000e+00
    3.103179907958601e+00      0.000000000000000e+00
    3.109479570048609e+00      0.000000000000000e+00
    3.115779232138617e+00      0.000000000000000e+00
    3.122078894228626e+00      0.000000000000000e+00
    3.128378556318633e+00      0.000000000000000e+00
    3.134678218408641e+00      0.000000000000000e+00
    3.140977880498649e+00      0.000000000000000e+00
    3.147277542588658e+00      0.000000000000000e+00
    3.153577204678666e+00      0.000000000000000e+00
    3.159876866768674e+00      0.000000000000000e+00
    3.166176528858682e+00      0.000000000000000e+00
    3.172476190948690e+00      0.000000000000000e+00
    3.178775853038698e+00      0.000000000000000e+00
    3.185075515128706e+00      0.000000000000000e+00
    3.191375177218714e+00      0.000000000000000e+00
    3.197674839308722e+00      0.000000000000000e+00
    3.203974501398731e+00      0.000000000000000e+00
    3.210274163488739e+00      0.000000000000000e+00
    3.216573825578747e+00      0.000000000000000e+00
    3.222873487668755e+00      0.000000000000000e+00
    3.229173149758763e+00      0.000000000000000e+00
    3.235472811848771e+00      0.000000000000000e+00
    3.241772473938779e+00      0.000000000000000e+00
    3.248072136028787e+00      0.000000000000000e+00
    3.254371798118795e+00      0.000000000000000e+00
    3.260671460208803e+00      0.000000000000000e+00
    3.266971122298811e+00      0.000000000000000e+00
    3.273270784388819e+00      0.000000000000000e+00
    3.279570446478827e+00      0.000000000000000e+00
    3.285870108568836e+00      0.000000000000000e+00
    3.292169770658844e+00      0.000000000000000e+00
    3.298469432748852e+00      0.000000000000000e+00
    3.304769094838860e+00      0.000000000000000e+00
    3.311068756928868e+00      0.000000000000000e+00
    3.317368419018876e+00      0.000000000000000e+00
    3.323668081108884e+00      0.000000000000000e+00
    3.329967743198892e+00      0.000000000000000e+00
    3.336267405288901e+00      0.000000000000000e+00
    3.342567067378909e+00      0.000000000000000e+00
    3.348866729468917e+00      0.000000000000000e+00
    3.355166391558924e+00      0.000000000000000e+00
    3.361466053648932e+00      0.000000000000000e+00
    3.367765715738941e+00      0.000000000000000e+00
    3.374065377828949e+00      0.000000000000000e+00
    3.380365039918957e+00      0.000000000000000e+00
    3.386664702008965e+00      0.000000000000000e+00
    3.392964364098973e+00      0.000000000000000e+00
    3.399264026188981e+00      0.000000000000000e+00
    3.405563688278989e+00      0.000000000000000e+00
    3.411863350368997e+00      0.000000000000000e+00
    3.418163012459006e+00      0.000000000000000e+00
    3.424462674549014e+00      0.000000000000000e+00
    3.430762336639022e+00      0.000000000000000e+00
    3.437061998729030e+00      0.000000000000000e+00
    3.443361660819038e+00      0.000000000000000e+00
    3.449661322909046e+00      0.000000000000000e+00
    3.455960984999054e+00      0.000000000000000e+00
    3.462260647089062e+00      0.000000000000000e+00
    3.468560309179070e+00      0.000000000000000e+00
    3.474859971269078e+00      0.000000000000000e+00
    3.481159633359086e+00      0.000000000000000e+00
    3.487459295449094e+00      0.000000000000000e+00
    3.493758957539102e+00      0.000000000000000e+00
    3.500058619629111e+00      0.000000000000000e+00
    3.506358281719119e+00      0.000000000000000e+00
    3.512657943809127e+00      0.000000000000000e+00
    3.518957605899135e+00      0.000000000000000e+00
    3.525257267989143e+00      0.000000000000000e+00
    3.531556930079151e+00      0.000000000000000e+00
    3.537856592169159e+00      0.000000000000000e+00
    3.544156254259167e+00      0.000000000000000e+00
    3.550455916349175e+00      0.000000000000000e+00
    3.556755578439184e+00      0.000000000000000e+00
    3.563055240529192e+00      0.000000000000000e+00
    3.569354902619200e+00      0.000000000000000e+00
    3.575654564709208e+00      0.000000000000000e+00
    3.581954226799216e+00      0.000000000000000e+00
    3.588253888889224e+00      0.000000000000000e+00
    3.594553550979232e+00      0.000000000000000e+00
    3.600853213069240e+00      0.000000000000000e+00
    3.607152875159248e+00      0.000000000000000e+00
    3.613452537249256e+00      0.000000000000000e+00
    3.619752199339264e+00      0.000000000000000e+00
    3.626051861429272e+00      0.000000000000000e+00
    3.632351523519280e+00      0.000000000000000e+00
    3.638651185609289e+00      0.000000000000000e+00
    3.644950847699297e+00      0.000000000000000e+00
    3.651250509789305e+00      0.000000000000000e+00
    3.657550171879313e+00      0.000000000000000e+00
    3.663849833969321e+00      0.000000000000000e+00
    3.670149496059329e+00      0.000000000000000e+00
    3.676449158149337e+00      0.000000000000000e+00
    3.682748820239345e+00      0.000000000000000e+00
    3.689048482329353e+00      0.000000000000000e+00
    3.695348144419361e+00      0.000000000000000e+00
    3.701647806509369e+00      0.000000000000000e+00
    3.707947468599377e+00      0.000000000000000e+00
    3.714247130689385e+00      0.000000000000000e+00
    3.720546792779394e+00      0.000000000000000e+00
    3.726846454869402e+00      0.000000000000000e+00
    3.733146116959410e+00      0.000000000000000e+00
    3.739445779049418e+00      0.000000000000000e+00
    3.745745441139426e+00      0.000000000000000e+00
    3.752045103229434e+00      0.000000000000000e+00
    3.758344765319442e+00      0.000000000000000e+00
    3.764644427409450e+00      0.000000000000000e+00
    3.770944089499459e+00      0.000000000000000e+00
    3.777243751589467e+00      0.000000000000000e+00
    3.783543413679475e+00      0.000000000000000e+00
    3.789843075769483e+00      0.000000000000000e+00
    3.796142737859491e+00      0.000000000000000e+00
    3.802442399949499e+00      0.000000000000000e+00
    3.808742062039507e+00      0.000000000000000e+00
    3.815041724129515e+00      0.000000000000000e+00
    3.821341386219523e+00      0.000000000000000e+00
    3.827641048309531e+00      0.000000000000000e+00
    3.833940710399539e+00      0.000000000000000e+00
    3.840240372489547e+00      0.000000000000000e+00
    3.846540034579555e+00      0.000000000000000e+00
    3.852839696669564e+00      0.000000000000000e+00
    3.859139358759572e+00      0.000000000000000e+00
    3.865439020849580e+00      0.000000000000000e+00
    3.871738682939588e+00      0.000000000000000e+00
    3.878038345029596e+00      0.000000000000000e+00
    3.884338007119604e+00      0.000000000000000e+00
    3.890637669209612e+00      0.000000000000000e+00
    3.896937331299620e+00      0.000000000000000e+00
    3.903236993389628e+00      0.000000000000000e+00
    3.909536655479636e+00      0.000000000000000e+00
    3.915836317569644e+00      0.000000000000000e+00
    3.922135979659652e+00      0.000000000000000e+00
    3.928435641749660e+00      0.000000000000000e+00
    3.934735303839669e+00      0.000000000000000e+00
    3.941034965929677e+00      0.000000000000000e+00
    3.947334628019685e+00      0.000000000000000e+00
    3.953634290109693e+00      0.000000000000000e+00
    3.959933952199701e+00      0.000000000000000e+00
    3.966233614289709e+00      0.000000000000000e+00
    3.972533276379717e+00      0.000000000000000e+00
    3.978832938469725e+00      0.000000000000000e+00
    3.985132600559733e+00      0.000000000000000e+00
    3.991432262649742e+00      0.000000000000000e+00
    3.997731924739750e+00      0.000000000000000e+00
    4.004031586829758e+00      0.000000000000000e+00
    4.010331248919766e+00      0.000000000000000e+00
    4.016630911009774e+00      0.000000000000000e+00
    4.022930573099782e+00      0.000000000000000e+00
    4.029230235189790e+00      0.000000000000000e+00
    4.035529897279797e+00      0.000000000000000e+00
    4.041829559369806e+00      0.000000000000000e+00
    4.048129221459814e+00      0.000000000000000e+00
    4.054428883549822e+00      0.000000000000000e+00
    4.060728545639830e+00      0.000000000000000e+00
    4.067028207729838e+00      0.000000000000000e+00
    4.073327869819847e+00      0.000000000000000e+00
    4.079627531909855e+00      0.000000000000000e+00
    4.085927193999863e+00      0.000000000000000e+00
    4.092226856089871e+00      0.000000000000000e+00
    4.098526518179879e+00      0.000000000000000e+00
    4.104826180269887e+00      0.000000000000000e+00
    4.111125842359895e+00      0.000000000000000e+00
    4.117425504449903e+00      0.000000000000000e+00
    4.123725166539911e+00      0.000000000000000e+00
    4.130024828629919e+00      0.000000000000000e+00
    4.136324490719927e+00      0.000000000000000e+00
    4.142624152809935e+00      0.000000000000000e+00
    4.148923814899943e+00      0.000000000000000e+00
    4.155223476989952e+00      0.000000000000000e+00
    4.161523139079960e+00      0.000000000000000e+00
    4.167822801169968e+00      0.000000000000000e+00
    4.174122463259976e+00      0.000000000000000e+00
    4.180422125349985e+00      0.000000000000000e+00
    4.186721787439993e+00      0.000000000000000e+00
    4.193021449530001e+00      2.690485981661819e+00
    4.199321111620009e+00      0.000000000000000e+00
    4.205620773710017e+00      0.000000000000000e+00
    4.211920435800025e+00      0.000000000000000e+00
    4.218220097890033e+00      0.000000000000000e+00
    4.224519759980041e+00      0.000000000000000e+00
    4.230819422070049e+00      0.000000000000000e+00
    4.237119084160057e+00      0.000000000000000e+00
    4.243418746250065e+00      0.000000000000000e+00
    4.249718408340073e+00      0.000000000000000e+00
    4.256018070430081e+00      0.000000000000000e+00
    4.262317732520089e+00      0.000000000000000e+00
    4.268617394610097e+00      0.000000000000000e+00
    4.274917056700105e+00      0.000000000000000e+00
    4.281216718790113e+00      0.000000000000000e+00
    4.287516380880122e+00      0.000000000000000e+00
    4.293816042970130e+00      0.000000000000000e+00
    4.300115705060138e+00      0.000000000000000e+00
    4.306415367150146e+00      0.000000000000000e+00
    4.312715029240154e+00      0.000000000000000e+00
    4.319014691330162e+00      0.000000000000000e+00
    4.325314353420170e+00      0.000000000000000e+00
    4.331614015510178e+00      0.000000000000000e+00
    4.337913677600186e+00      0.000000000000000e+00
    4.344213339690194e+00      0.000000000000000e+00
    4.350513001780202e+00      0.000000000000000e+00
    4.356812663870210e+00      0.000000000000000e+00
    4.363112325960218e+00      0.000000000000000e+00
    4.369411988050227e+00      0.000000000000000e+00
    4.375711650140235e+00      0.000000000000000e+00
    4.382011312230243e+00      0.000000000000000e+00
    4.388310974320251e+00      0.000000000000000e+00
    4.394610636410260e+00      0.000000000000000e+00
    4.400910298500268e+00      0.000000000000000e+00
    4.407209960590276e+00      0.000000000000000e+00
    4.413509622680284e+00      0.000000000000000e+00
    4.419809284770292e+00      0.000000000000000e+00
    4.426108946860300e+00      0.000000000000000e+00
    4.432408608950308e+00      0.000000000000000e+00
    4.438708271040316e+00      0.000000000000000e+00
    4.445007933130324e+00      0.000000000000000e+00
    4.451307595220332e+00      0.000000000000000e+00
    4.457607257310340e+00      0.000000000000000e+00
    4.463906919400348e+00      0.000000000000000e+00
    4.470206581490356e+00      0.000000000000000e+00
    4.476506243580364e+00      0.000000000000000e+00
    4.482805905670372e+00      0.000000000000000e+00
    4.489105567760380e+00      0.000000000000000e+00
    4.495405229850388e+00      0.000000000000000e+00
    4.501704891940397e+00      0.000000000000000e+00
    4.508004554030405e+00      0.000000000000000e+00
    4.514304216120413e+00      0.000000000000000e+00
    4.520603878210421e+00      0.000000000000000e+00
    4.526903540300429e+00      0.000000000000000e+00
    4.533203202390437e+00      0.000000000000000e+00
    4.539502864480445e+00      0.000000000000000e+00
    4.545802526570453e+00      0.000000000000000e+00
    4.552102188660461e+00      0.000000000000000e+00
    4.558401850750469e+00      0.000000000000000e+00
    4.564701512840477e+00      0.000000000000000e+00
    4.571001174930485e+00      0.000000000000000e+00
    4.577300837020493e+00      0.000000000000000e+00
    4.583600499110502e+00      0.000000000000000e+00
    4.589900161200510e+00      0.000000000000000e+00
    4.596199823290518e+00      0.000000000000000e+00
    4.602499485380526e+00      0.000000000000000e+00
    4.608799147470534e+00      0.000000000000000e+00
    4.615098809560543e+00      0.000000000000000e+00
    4.621398471650551e+00      0.000000000000000e+00
    4.627698133740559e+00      0.000000000000000e+00
    4.633997795830567e+00      0.000000000000000e+00
    4.640297457920575e+00      0.000000000000000e+00
    4.646597120010583e+00      0.000000000000000e+00
    4.652896782100591e+00      0.000000000000000e+00
    4.659196444190599e+00      0.000000000000000e+00
    4.665496106280607e+00      0.000000000000000e+00
    4.671795768370615e+00      0.000000000000000e+00
    4.678095430460623e+00      0.000000000000000e+00
    4.684395092550631e+00      0.000000000000000e+00
    4.690694754640639e+00      0.000000000000000e+00
    4.696994416730647e+00      0.000000000000000e+00
    4.703294078820655e+00      0.000000000000000e+00
    4.709593740910663e+00      0.000000000000000e+00
    4.715893403000671e+00      0.000000000000000e+00
    4.722193065090680e+00      0.000000000000000e+00
    4.728492727180688e+00      0.000000000000000e+00
    4.734792389270696e+00      0.000000000000000e+00
    4.741092051360704e+00      0.000000000000000e+00
    4.747391713450712e+00      0.000000000000000e+00
    4.753691375540720e+00      0.000000000000000e+00
    4.759991037630728e+00      0.000000000000000e+00
    4.766290699720736e+00      0.000000000000000e+00
    4.772590361810744e+00      0.000000000000000e+00
    4.778890023900752e+00      0.000000000000000e+00
    4.785189685990760e+00      0.000000000000000e+00
    4.791489348080768e+00      0.000000000000000e+00
    4.797789010170776e+00      0.000000000000000e+00
    4.804088672260785e+00      0.000000000000000e+00
    4.810388334350793e+00      0.000000000000000e+00
    4.816687996440801e+00      0.000000000000000e+00
    4.822987658530809e+00      0.000000000000000e+00
    4.829287320620818e+00      0.000000000000000e+00
    4.835586982710826e+00      0.000000000000000e+00
    4.841886644800834e+00      0.000000000000000e+00
    4.848186306890842e+00      0.000000000000000e+00
    4.854485968980850e+00      0.000000000000000e+00
    4.860785631070858e+00      0.000000000000000e+00
    4.867085293160866e+00      0.000000000000000e+00
    4.873384955250874e+00      0.000000000000000e+00
    4.879684617340882e+00      0.000000000000000e+00
    4.885984279430890e+00      0.000000000000000e+00
    4.892283941520898e+00      0.000000000000000e+00
    4.898583603610906e+00      0.000000000000000e+00
    4.904883265700914e+00      0.000000000000000e+00
    4.911182927790922e+00      0.000000000000000e+00
    4.917482589880930e+00      0.000000000000000e+00
    4.923782251970938e+00      0.000000000000000e+00
    4.930081914060946e+00      0.000000000000000e+00
    4.936381576150955e+00      0.000000000000000e+00
    4.942681238240963e+00      0.000000000000000e+00
    4.948980900330971e+00      0.000000000000000e+00
    4.955280562420979e+00      0.000000000000000e+00
    4.961580224510987e+00      0.000000000000000e+00
    4.967879886600995e+00      0.000000000000000e+00
    4.974179548691003e+00      0.000000000000000e+00
    4.980479210781011e+00      0.000000000000000e+00
    4.986778872871019e+00      0.000000000000000e+00
    4.993078534961027e+00      0.000000000000000e+00
    4.999378197051035e+00      0.000000000000000e+00
    5.005677859141043e+00      0.000000000000000e+00
    5.011977521231051e+00      0.000000000000000e+00
    5.018277183321060e+00      0.000000000000000e+00
    5.024576845411068e+00      0.000000000000000e+00
    5.030876507501076e+00      0.000000000000000e+00
    5.037176169591084e+00      0.000000000000000e+00
    5.043475831681092e+00      0.000000000000000e+00
    5.049775493771101e+00      0.000000000000000e+00
    5.056075155861109e+00      0.000000000000000e+00
    5.062374817951117e+00      0.000000000000000e+00
    5.068674480041125e+00      0.000000000000000e+00
    5.074974142131133e+00      0.000000000000000e+00
    5.081273804221141e+00      0.000000000000000e+00
    5.087573466311149e+00      0.000000000000000e+00
    5.093873128401157e+00      0.000000000000000e+00
    5.100172790491165e+00      0.000000000000000e+00
    5.106472452581173e+00      0.000000000000000e+00
    5.112772114671181e+00      0.000000000000000e+00
    5.119071776761189e+00      0.000000000000000e+00
    5.125371438851197e+00      0.000000000000000e+00
    5.131671100941205e+00      0.000000000000000e+00
    5.137970763031213e+00      0.000000000000000e+00
    5.144270425121222e+00      0.000000000000000e+00
    5.150570087211230e+00      0.000000000000000e+00
    5.156869749301238e+00      0.000000000000000e+00
    5.163169411391246e+00      0.000000000000000e+00
    5.169469073481254e+00      0.000000000000000e+00
    5.175768735571262e+00      0.000000000000000e+00
    5.182068397661270e+00      0.000000000000000e+00
    5.188368059751278e+00      0.000000000000000e+00
    5.194667721841286e+00      0.000000000000000e+00
    5.200967383931294e+00      0.000000000000000e+00
    5.207267046021302e+00      0.000000000000000e+00
    5.213566708111310e+00      0.000000000000000e+00
    5.219866370201318e+00      0.000000000000000e+00
    5.226166032291326e+00      0.000000000000000e+00
    5.232465694381334e+00      0.000000000000000e+00
    5.238765356471342e+00      0.000000000000000e+00
    5.245065018561350e+00      0.000000000000000e+00
    5.251364680651360e+00      0.000000000000000e+00
    5.257664342741368e+00      0.000000000000000e+00
    5.263964004831376e+00      0.000000000000000e+00
    5.270263666921384e+00      0.000000000000000e+00
    5.276563329011392e+00      0.000000000000000e+00
    5.282862991101400e+00      0.000000000000000e+00
    5.289162653191408e+00      0.000000000000000e+00
    5.295462315281416e+00      0.000000000000000e+00
    5.301761977371424e+00      0.000000000000000e+00
    5.308061639461432e+00      0.000000000000000e+00
    5.314361301551440e+00      0.000000000000000e+00
    5.320660963641448e+00      0.000000000000000e+00
    5.326960625731456e+00      0.000000000000000e+00
    5.333260287821464e+00      0.000000000000000e+00
    5.339559949911472e+00      0.000000000000000e+00
    5.345859612001480e+00      0.000000000000000e+00
    5.352159274091488e+00      0.000000000000000e+00
    5.358458936181497e+00      0.000000000000000e+00
    5.364758598271505e+00      0.000000000000000e+00
    5.371058260361513e+00      0.000000000000000e+00
    5.377357922451521e+00      0.000000000000000e+00
    5.383657584541529e+00      0.000000000000000e+00
    5.389957246631537e+00      0.000000000000000e+00
    5.396256908721545e+00      0.000000000000000e+00
    5.402556570811553e+00      0.000000000000000e+00
    5.408856232901561e+00      0.000000000000000e+00
    5.415155894991569e+00      0.000000000000000e+00
    5.421455557081577e+00      0.000000000000000e+00
    5.427755219171585e+00      0.000000000000000e+00
    5.434054881261593e+00      0.000000000000000e+00
    5.440354543351601e+00      0.000000000000000e+00
    5.446654205441609e+00      0.000000000000000e+00
    5.452953867531617e+00      0.000000000000000e+00
    5.459253529621625e+00      0.000000000000000e+00
    5.465553191711635e+00      0.000000000000000e+00
    5.471852853801643e+00      0.000000000000000e+00
    5.478152515891651e+00      0.000000000000000e+00
    5.484452177981659e+00      0.000000000000000e+00
    5.490751840071667e+00      0.000000000000000e+00
    5.497051502161675e+00      0.000000000000000e+00
    5.503351164251683e+00      0.000000000000000e+00
    5.509650826341691e+00      0.000000000000000e+00
    5.515950488431699e+00      0.000000000000000e+00
    5.522250150521707e+00      0.000000000000000e+00
    5.528549812611715e+00      0.000000000000000e+00
    5.534849474701723e+00      0.000000000000000e+00
    5.541149136791731e+00      0.000000000000000e+00
    5.547448798881739e+00      0.000000000000000e+00
    5.553748460971747e+00      0.000000000000000e+00
    5.560048123061755e+00      0.000000000000000e+00
    5.566347785151763e+00      0.000000000000000e+00
    5.572647447241772e+00      0.000000000000000e+00
    5.578947109331780e+00      0.000000000000000e+00
    5.585246771421788e+00      0.000000000000000e+00
    5.591546433511796e+00      0.000000000000000e+00
    5.597846095601804e+00      0.000000000000000e+00
    5.604145757691812e+00      0.000000000000000e+00
    5.610445419781820e+00      0.000000000000000e+00
    5.616745081871828e+00      0.000000000000000e+00
    5.623044743961836e+00      0.000000000000000e+00
    5.629344406051844e+00      0.000000000000000e+00
    5.635644068141852e+00      0.000000000000000e+00
    5.641943730231860e+00      0.000000000000000e+00
    5.648243392321868e+00      0.000000000000000e+00
    5.654543054411876e+00      0.000000000000000e+00
    5.660842716501884e+00      0.000000000000000e+00
    5.667142378591892e+00      0.000000000000000e+00
    5.673442040681900e+00      0.000000000000000e+00
    5.679741702771908e+00      0.000000000000000e+00
    5.686041364861918e+00      0.000000000000000e+00
    5.692341026951926e+00      0.000000000000000e+00
    5.698640689041934e+00      0.000000000000000e+00
    5.704940351131942e+00      0.000000000000000e+00
    5.711240013221950e+00      0.000000000000000e+00
    5.717539675311958e+00      0.000000000000000e+00
    5.723839337401966e+00      0.000000000000000e+00
    5.730138999491974e+00      0.000000000000000e+00
    5.736438661581982e+00      0.000000000000000e+00
    5.742738323671990e+00      0.000000000000000e+00
    5.749037985761998e+00      0.000000000000000e+00
    5.755337647852006e+00      0.000000000000000e+00
    5.761637309942014e+00      0.000000000000000e+00
    5.767936972032022e+00      0.000000000000000e+00
    5.774236634122030e+00      0.000000000000000e+00
    5.780536296212038e+00      0.000000000000000e+00
    5.786835958302046e+00      0.000000000000000e+00
    5.793135620392055e+00      5.380971963323638e+00
    5.799435282482063e+00      0.000000000000000e+00
    5.805734944572071e+00      0.000000000000000e+00
    5.812034606662079e+00      0.000000000000000e+00
    5.818334268752087e+00      0.000000000000000e+00
    5.824633930842095e+00      0.000000000000000e+00
    5.830933592932103e+00      0.000000000000000e+00
    5.837233255022111e+00      0.000000000000000e+00
    5.843532917112119e+00      0.000000000000000e+00
    5.849832579202127e+00      0.000000000000000e+00
    5.856132241292135e+00      0.000000000000000e+00
    5.862431903382143e+00      0.000000000000000e+00
    5.868731565472151e+00      0.000000000000000e+00
    5.875031227562159e+00      0.000000000000000e+00
    5.881330889652167e+00      0.000000000000000e+00
    5.887630551742175e+00      0.000000000000000e+00
    5.893930213832183e+00      0.000000000000000e+00
    5.900229875922193e+00      0.000000000000000e+00
    5.906529538012201e+00      0.000000000000000e+00
    5.912829200102209e+00      0.000000000000000e+00
    5.919128862192217e+00      0.000000000000000e+00
    5.925428524282225e+00      0.000000000000000e+00
    5.931728186372233e+00      0.000000000000000e+00
    5.938027848462241e+00      0.000000000000000e+00
    5.944327510552249e+00      0.000000000000000e+00
    5.950627172642257e+00      0.000000000000000e+00
    5.956926834732265e+00      0.000000000000000e+00
    5.963226496822273e+00      0.000000000000000e+00
    5.969526158912281e+00      0.000000000000000e+00
    5.975825821002289e+00      0.000000000000000e+00
    5.982125483092297e+00      0.000000000000000e+00
    5.988425145182305e+00      0.000000000000000e+00
    5.994724807272313e+00      0.000000000000000e+00
    6.001024469362321e+00      0.000000000000000e+00
    6.007324131452330e+00      0.000000000000000e+00
    6.013623793542338e+00      0.000000000000000e+00
    6.019923455632346e+00      0.000000000000000e+00
    6.026223117722354e+00      0.000000000000000e+00
    6.032522779812362e+00      0.000000000000000e+00
    6.038822441902370e+00      0.000000000000000e+00
    6.045122103992378e+00      0.000000000000000e+00
    6.051421766082386e+00      0.000000000000000e+00
    6.057721428172394e+00      0.000000000000000e+00
    6.064021090262402e+00      0.000000000000000e+00
    6.070320752352410e+00      0.000000000000000e+00
    6.076620414442418e+00      0.000000000000000e+00
    6.082920076532426e+00      0.000000000000000e+00
    6.089219738622434e+00      0.000000000000000e+00
    6.095519400712442e+00      0.000000000000000e+00
    6.101819062802450e+00      0.000000000000000e+00
    6.108118724892458e+00      0.000000000000000e+00
    6.114418386982468e+00      0.000000000000000e+00
    6.120718049072476e+00      0.000000000000000e+00
    6.127017711162484e+00      0.000000000000000e+00
    6.133317373252492e+00      0.000000000000000e+00
    6.139617035342500e+00      0.000000000000000e+00
    6.145916697432508e+00      0.000000000000000e+00
    6.152216359522516e+00      0.000000000000000e+00
    6.158516021612524e+00      0.000000000000000e+00
    6.164815683702532e+00      0.000000000000000e+00
    6.171115345792540e+00      0.000000000000000e+00
    6.177415007882548e+00      0.000000000000000e+00
    6.183714669972556e+00      0.000000000000000e+00
    6.190014332062564e+00      0.000000000000000e+00
    6.196313994152572e+00      0.000000000000000e+00
    6.202613656242580e+00      0.000000000000000e+00
    6.208913318332588e+00      0.000000000000000e+00
    6.215212980422596e+00      0.000000000000000e+00
    6.221512642512604e+00      0.000000000000000e+00
    6.227812304602613e+00      0.000000000000000e+00
    6.234111966692621e+00      0.000000000000000e+00
    6.240411628782629e+00      0.000000000000000e+00
    6.246711290872637e+00      0.000000000000000e+00
    6.253010952962645e+00      0.000000000000000e+00
    6.259310615052653e+00      0.000000000000000e+00
    6.265610277142661e+00      0.000000000000000e+00
    6.271909939232669e+00      0.000000000000000e+00
    6.278209601322677e+00      0.000000000000000e+00
    6.284509263412685e+00      0.000000000000000e+00
    6.290808925502693e+00      0.000000000000000e+00
    6.297108587592701e+00      0.000000000000000e+00
    6.303408249682709e+00      0.000000000000000e+00
    6.309707911772717e+00      0.000000000000000e+00
    6.316007573862725e+00      0.000000000000000e+00
    6.322307235952733e+00      0.000000000000000e+00
    6.328606898042741e+00      0.000000000000000e+00
    6.334906560132751e+00      0.000000000000000e+00
    6.341206222222759e+00      0.000000000000000e+00
    6.347505884312767e+00      0.000000000000000e+00
    6.353805546402775e+00      0.000000000000000e+00
    6.360105208492783e+00      0.000000000000000e+00
    6.366404870582791e+00      0.000000000000000e+00
    6.372704532672799e+00      0.000000000000000e+00
    6.379004194762807e+00      0.000000000000000e+00
    6.385303856852815e+00      0.000000000000000e+00
    6.391603518942823e+00      0.000000000000000e+00
    6.397903181032831e+00      0.000000000000000e+00
    6.404202843122839e+00      0.000000000000000e+00
    6.410502505212847e+00      0.000000000000000e+00
    6.416802167302855e+00      0.000000000000000e+00
    6.423101829392863e+00      0.000000000000000e+00
    6.429401491482871e+00      0.000000000000000e+00
    6.435701153572879e+00      0.000000000000000e+00
    6.442000815662889e+00      0.000000000000000e+00
    6.448300477752896e+00      0.000000000000000e+00
    6.454600139842904e+00      0.000000000000000e+00
    6.460899801932912e+00      0.000000000000000e+00
    6.467199464022920e+00      0.000000000000000e+00
    6.473499126112928e+00      0.000000000000000e+00
    6.479798788202936e+00      0.000000000000000e+00
    6.486098450292944e+00      0.000000000000000e+00
    6.492398112382952e+00      0.000000000000000e+00
    6.498697774472960e+00      0.000000000000000e+00
    6.504997436562968e+00      0.000000000000000e+00
    6.511297098652976e+00      0.000000000000000e+00
    6.517596760742984e+00      0.000000000000000e+00
    6.523896422832992e+00      0.000000000000000e+00
    6.530196084923000e+00      0.000000000000000e+00
    6.536495747013008e+00      0.000000000000000e+00
    6.542795409103016e+00      0.000000000000000e+00
    6.549095071193026e+00      0.000000000000000e+00
    6.555394733283034e+00      0.000000000000000e+00
    6.561694395373042e+00      0.000000000000000e+00
    6.567994057463050e+00      0.000000000000000e+00
    6.574293719553058e+00      0.000000000000000e+00
    6.580593381643066e+00      0.000000000000000e+00
    6.586893043733074e+00      0.000000000000000e+00
    6.593192705823082e+00      0.000000000000000e+00
    6.599492367913090e+00      0.000000000000000e+00
    6.605792030003098e+00      0.000000000000000e+00
    6.612091692093106e+00      0.000000000000000e+00
    6.618391354183114e+00      0.000000000000000e+00
    6.624691016273122e+00      0.000000000000000e+00
    6.630990678363130e+00      0.000000000000000e+00
    6.637290340453138e+00      0.000000000000000e+00
    6.643590002543146e+00      0.000000000000000e+00
    6.649889664633154e+00      0.000000000000000e+00
    6.656189326723162e+00      0.000000000000000e+00
    6.662488988813172e+00      0.000000000000000e+00
    6.668788650903180e+00      0.000000000000000e+00
    6.675088312993188e+00      0.000000000000000e+00
    6.681387975083195e+00      0.000000000000000e+00
    6.687687637173203e+00      0.000000000000000e+00
    6.693987299263211e+00      0.000000000000000e+00
    6.700286961353219e+00      0.000000000000000e+00
    6.706586623443227e+00      0.000000000000000e+00
    6.712886285533235e+00      0.000000000000000e+00
    6.719185947623243e+00      0.000000000000000e+00
    6.725485609713251e+00      0.000000000000000e+00
    6.731785271803259e+00      0.000000000000000e+00
    6.738084933893267e+00      0.000000000000000e+00
    6.744384595983275e+00      0.000000000000000e+00
    6.750684258073283e+00      0.000000000000000e+00
    6.756983920163291e+00      0.000000000000000e+00
    6.763283582253299e+00      0.000000000000000e+00
    6.769583244343309e+00      0.000000000000000e+00
    6.775882906433317e+00      0.000000000000000e+00
    6.782182568523325e+00      0.000000000000000e+00
    6.788482230613333e+00      0.000000000000000e+00
    6.794781892703341e+00      0.000000000000000e+00
    6.801081554793349e+00      0.000000000000000e+00
    6.807381216883357e+00      0.000000000000000e+00
    6.813680878973365e+00      0.000000000000000e+00
    6.819980541063373e+00      0.000000000000000e+00
    6.826280203153381e+00      0.000000000000000e+00
    6.832579865243389e+00      0.000000000000000e+00
    6.838879527333397e+00      0.000000000000000e+00
    6.845179189423405e+00      0.000000000000000e+00
    6.851478851513413e+00      0.000000000000000e+00
    6.857778513603421e+00      0.000000000000000e+00
    6.864078175693429e+00      0.000000000000000e+00
    6.870377837783437e+00      0.000000000000000e+00
    6.876677499873447e+00      0.000000000000000e+00
    6.882977161963455e+00      0.000000000000000e+00
    6.889276824053463e+00      0.000000000000000e+00
    6.895576486143471e+00      0.000000000000000e+00
    6.901876148233479e+00      0.000000000000000e+00
    6.908175810323486e+00      0.000000000000000e+00
    6.914475472413494e+00      0.000000000000000e+00
    6.920775134503502e+00      0.000000000000000e+00
    6.927074796593510e+00      0.000000000000000e+00
    6.933374458683518e+00      0.000000000000000e+00
    6.939674120773526e+00      0.000000000000000e+00
    6.945973782863534e+00      0.000000000000000e+00
    6.952273444953542e+00      0.000000000000000e+00
    6.958573107043550e+00      0.000000000000000e+00
    6.964872769133558e+00      0.000000000000000e+00
    6.971172431223566e+00      0.000000000000000e+00
    6.977472093313574e+00      0.000000000000000e+00
    6.983771755403584e+00      0.000000000000000e+00
    6.990071417493592e+00      0.000000000000000e+00
    6.996371079583600e+00      0.000000000000000e+00
    7.002670741673608e+00      0.000000000000000e+00
    7.008970403763616e+00      0.000000000000000e+00
    7.015270065853624e+00      0.000000000000000e+00
    7.021569727943632e+00      0.000000000000000e+00
    7.027869390033640e+00      0.000000000000000e+00
    7.034169052123648e+00      0.000000000000000e+00
    7.040468714213656e+00      0.000000000000000e+00
    7.046768376303664e+00      0.000000000000000e+00
    7.053068038393672e+00      0.000000000000000e+00
    7.059367700483680e+00      0.000000000000000e+00
    7.065667362573688e+00      0.000000000000000e+00
    7.071967024663696e+00      0.000000000000000e+00
    7.078266686753704e+00      0.000000000000000e+00
    7.084566348843712e+00      0.000000000000000e+00
    7.090866010933722e+00      0.000000000000000e+00
    7.097165673023730e+00      0.000000000000000e+00
    7.103465335113738e+00      0.000000000000000e+00
    7.109764997203746e+00      0.000000000000000e+00
    7.116064659293754e+00      0.000000000000000e+00
    7.122364321383762e+00      0.000000000000000e+00
    7.128663983473770e+00      0.000000000000000e+00
    7.134963645563777e+00      0.000000000000000e+00
    7.141263307653785e+00      0.000000000000000e+00
    7.147562969743793e+00      0.000000000000000e+00
    7.153862631833801e+00      0.000000000000000e+00
    7.160162293923809e+00      0.000000000000000e+00
    7.166461956013817e+00      0.000000000000000e+00
    7.172761618103825e+00      0.000000000000000e+00
    7.179061280193833e+00      0.000000000000000e+00
    7.185360942283841e+00      0.000000000000000e+00
    7.191660604373849e+00      0.000000000000000e+00
    7.197960266463857e+00      0.000000000000000e+00
    7.204259928553867e+00      0.000000000000000e+00
    7.210559590643875e+00      0.000000000000000e+00
    7.216859252733883e+00      0.000000000000000e+00
    7.223158914823891e+00      0.000000000000000e+00
    7.229458576913899e+00      0.000000000000000e+00
    7.235758239003907e+00      0.000000000000000e+00
    7.242057901093915e+00      0.000000000000000e+00
    7.248357563183923e+00      0.000000000000000e+00
    7.254657225273931e+00      0.000000000000000e+00
    7.260956887363939e+00      0.000000000000000e+00
    7.267256549453947e+00      0.000000000000000e+00
    7.273556211543955e+00      0.000000000000000e+00
    7.279855873633963e+00      0.000000000000000e+00
    7.286155535723971e+00      0.000000000000000e+00
    7.292455197813979e+00      0.000000000000000e+00
    7.298754859903987e+00      0.000000000000000e+00
    7.305054521993995e+00      0.000000000000000e+00
    7.311354184084005e+00      0.000000000000000e+00
    7.317653846174013e+00      0.000000000000000e+00
    7.323953508264021e+00      0.000000000000000e+00
    7.330253170354029e+00      0.000000000000000e+00
    7.336552832444037e+00      0.000000000000000e+00
    7.342852494534045e+00      0.000000000000000e+00
    7.349152156624053e+00      0.000000000000000e+00
    7.355451818714061e+00      0.000000000000000e+00
    7.361751480804068e+00      0.000000000000000e+00
    7.368051142894076e+00      0.000000000000000e+00
    7.374350804984084e+00      0.000000000000000e+00
    7.380650467074092e+00      0.000000000000000e+00
    7.386950129164100e+00      0.000000000000000e+00
    7.393249791254108e+00      2.690485981661819e+00
