                     bin:                     prob.:
    1.379626399865901e+01      5.148772838777424e+00
    1.379955588064198e+01      0.000000000000000e+00
    1.380284776262495e+01      0.000000000000000e+00
    1.380613964460792e+01      0.000000000000000e+00
    1.380943152659089e+01      0.000000000000000e+00
    1.381272340857386e+01      0.000000000000000e+00
    1.381601529055682e+01      0.000000000000000e+00
    1.381930717253979e+01      0.000000000000000e+00
    1.382259905452276e+01      0.000000000000000e+00
    1.382589093650573e+01      0.000000000000000e+00
    1.382918281848870e+01      0.000000000000000e+00
    1.383247470047167e+01      0.000000000000000e+00
    1.383576658245464e+01      0.000000000000000e+00
    1.383905846443761e+01      0.000000000000000e+00
    1.384235034642058e+01      0.000000000000000e+00
    1.384564222840355e+01      0.000000000000000e+00
    1.384893411038651e+01      0.000000000000000e+00
    1.385222599236948e+01      0.000000000000000e+00
    1.385551787435245e+01      0.000000000000000e+00
    1.385880975633542e+01      0.000000000000000e+00
    1.386210163831839e+01      0.000000000000000e+00
    1.386539352030136e+01      0.000000000000000e+00
    1.386868540228433e+01      0.000000000000000e+00
    1.387197728426730e+01      0.000000000000000e+00
    1.387526916625027e+01      0.000000000000000e+00
    1.387856104823324e+01      0.000000000000000e+00
    1.388185293021620e+01      0.000000000000000e+00
    1.388514481219917e+01      0.000000000000000e+00
    1.388843669418214e+01      0.000000000000000e+00
    1.389172857616511e+01      1.029754567755485e+01
    1.389502045814808e+01      0.000000000000000e+00
    1.389831234013105e+01      0.000000000000000e+00
    1.390160422211402e+01      0.000000000000000e+00
    1.390489610409699e+01      0.000000000000000e+00
    1.390818798607996e+01      0.000000000000000e+00
    1.391147986806292e+01      0.000000000000000e+00
    1.391477175004589e+01      0.000000000000000e+00
    1.391806363202886e+01      0.000000000000000e+00
    1.392135551401183e+01      0.000000000000000e+00
    1.392464739599480e+01      0.000000000000000e+00
    1.392793927797777e+01      0.000000000000000e+00
    1.393123115996074e+01      0.000000000000000e+00
    1.393452304194371e+01      0.000000000000000e+00
    1.393781492392668e+01      0.000000000000000e+00
    1.394110680590965e+01      0.000000000000000e+00
    1.394439868789262e+01      0.000000000000000e+00
    1.394769056987558e+01      0.000000000000000e+00
    1.395098245185855e+01      0.000000000000000e+00
    1.395427433384152e+01      0.000000000000000e+00
    1.395756621582449e+01      0.000000000000000e+00
    1.396085809780746e+01      0.000000000000000e+00
    1.396414997979043e+01      0.000000000000000e+00
    1.396744186177340e+01      0.000000000000000e+00
    1.397073374375637e+01      0.000000000000000e+00
    1.397402562573934e+01      0.000000000000000e+00
    1.397731750772230e+01      0.000000000000000e+00
    1.398060938970527e+01      0.000000000000000e+00
    1.398390127168824e+01      0.000000000000000e+00
    1.398719315367121e+01      0.000000000000000e+00
    1.399048503565418e+01      5.148772838780202e+00
    1.399377691763715e+01      0.000000000000000e+00
    1.399706879962012e+01      0.000000000000000e+00
    1.400036068160309e+01      0.000000000000000e+00
    1.400365256358606e+01      0.000000000000000e+00
    1.400694444556903e+01      0.000000000000000e+00
    1.401023632755200e+01      0.000000000000000e+00
    1.401352820953496e+01      0.000000000000000e+00
    1.401682009151793e+01      0.000000000000000e+00
    1.402011197350090e+01      0.000000000000000e+00
    1.402340385548387e+01      0.000000000000000e+00
    1.402669573746684e+01      0.000000000000000e+00
    1.402998761944981e+01      0.000000000000000e+00
    1.403327950143278e+01      0.000000000000000e+00
    1.403657138341575e+01      0.000000000000000e+00
    1.403986326539871e+01      0.000000000000000e+00
    1.404315514738168e+01      0.000000000000000e+00
    1.404644702936465e+01      0.000000000000000e+00
    1.404973891134762e+01      0.000000000000000e+00
    1.405303079333059e+01      0.000000000000000e+00
    1.405632267531356e+01      0.000000000000000e+00
    1.405961455729653e+01      0.000000000000000e+00
    1.406290643927950e+01      0.000000000000000e+00
    1.406619832126247e+01      0.000000000000000e+00
    1.406949020324544e+01      0.000000000000000e+00
    1.407278208522841e+01      0.000000000000000e+00
    1.407607396721137e+01      0.000000000000000e+00
    1.407936584919434e+01      0.000000000000000e+00
    1.408265773117731e+01      0.000000000000000e+00
    1.408594961316028e+01      1.544631851633227e+01
    1.408924149514325e+01      0.000000000000000e+00
    1.409253337712622e+01      0.000000000000000e+00
    1.409582525910919e+01      0.000000000000000e+00
    1.409911714109216e+01      0.000000000000000e+00
    1.410240902307513e+01      0.000000000000000e+00
    1.410570090505809e+01      0.000000000000000e+00
    1.410899278704106e+01      0.000000000000000e+00
    1.411228466902403e+01      0.000000000000000e+00
    1.411557655100700e+01      0.000000000000000e+00
    1.411886843298997e+01      0.000000000000000e+00
    1.412216031497294e+01      0.000000000000000e+00
    1.412545219695591e+01      0.000000000000000e+00
    1.412874407893888e+01      0.000000000000000e+00
    1.413203596092185e+01      0.000000000000000e+00
    1.413532784290482e+01      0.000000000000000e+00
    1.413861972488778e+01      0.000000000000000e+00
    1.414191160687075e+01      0.000000000000000e+00
    1.414520348885372e+01      0.000000000000000e+00
    1.414849537083669e+01      0.000000000000000e+00
    1.415178725281966e+01      0.000000000000000e+00
    1.415507913480263e+01      0.000000000000000e+00
    1.415837101678560e+01      0.000000000000000e+00
    1.416166289876857e+01      0.000000000000000e+00
    1.416495478075154e+01      0.000000000000000e+00
    1.416824666273451e+01      0.000000000000000e+00
    1.417153854471747e+01      0.000000000000000e+00
    1.417483042670044e+01      0.000000000000000e+00
    1.417812230868341e+01      0.000000000000000e+00
    1.418141419066638e+01      0.000000000000000e+00
    1.418470607264935e+01      5.148772838777424e+00
    1.418799795463232e+01      0.000000000000000e+00
    1.419128983661529e+01      0.000000000000000e+00
    1.419458171859826e+01      0.000000000000000e+00
    1.419787360058123e+01      0.000000000000000e+00
    1.420116548256419e+01      0.000000000000000e+00
    1.420445736454716e+01      0.000000000000000e+00
    1.420774924653013e+01      0.000000000000000e+00
    1.421104112851310e+01      0.000000000000000e+00
    1.421433301049607e+01      0.000000000000000e+00
    1.421762489247904e+01      0.000000000000000e+00
    1.422091677446201e+01      0.000000000000000e+00
    1.422420865644498e+01      0.000000000000000e+00
    1.422750053842795e+01      0.000000000000000e+00
    1.423079242041092e+01      0.000000000000000e+00
    1.423408430239389e+01      0.000000000000000e+00
    1.423737618437685e+01      0.000000000000000e+00
    1.424066806635982e+01      0.000000000000000e+00
    1.424395994834279e+01      0.000000000000000e+00
    1.424725183032576e+01      0.000000000000000e+00
    1.425054371230873e+01      0.000000000000000e+00
    1.425383559429170e+01      0.000000000000000e+00
    1.425712747627467e+01      0.000000000000000e+00
    1.426041935825764e+01      0.000000000000000e+00
    1.426371124024060e+01      0.000000000000000e+00
    1.426700312222357e+01      0.000000000000000e+00
    1.427029500420654e+01      0.000000000000000e+00
    1.427358688618951e+01      0.000000000000000e+00
    1.427687876817248e+01      0.000000000000000e+00
    1.428017065015545e+01      1.029754567756040e+01
    1.428346253213842e+01      0.000000000000000e+00
    1.428675441412139e+01      0.000000000000000e+00
    1.429004629610436e+01      0.000000000000000e+00
    1.429333817808733e+01      0.000000000000000e+00
    1.429663006007030e+01      0.000000000000000e+00
    1.429992194205327e+01      0.000000000000000e+00
    1.430321382403623e+01      0.000000000000000e+00
    1.430650570601920e+01      0.000000000000000e+00
    1.430979758800217e+01      0.000000000000000e+00
    1.431308946998514e+01      0.000000000000000e+00
    1.431638135196811e+01      0.000000000000000e+00
    1.431967323395108e+01      0.000000000000000e+00
    1.432296511593405e+01      0.000000000000000e+00
    1.432625699791702e+01      0.000000000000000e+00
    1.432954887989998e+01      5.148772838777424e+00
    1.433284076188295e+01      0.000000000000000e+00
    1.433613264386592e+01      0.000000000000000e+00
    1.433942452584889e+01      0.000000000000000e+00
    1.434271640783186e+01      0.000000000000000e+00
    1.434600828981483e+01      0.000000000000000e+00
    1.434930017179780e+01      0.000000000000000e+00
    1.435259205378077e+01      0.000000000000000e+00
    1.435588393576374e+01      0.000000000000000e+00
    1.435917581774671e+01      0.000000000000000e+00
    1.436246769972967e+01      0.000000000000000e+00
    1.436575958171264e+01      0.000000000000000e+00
    1.436905146369561e+01      0.000000000000000e+00
    1.437234334567858e+01      0.000000000000000e+00
    1.437563522766155e+01      0.000000000000000e+00
    1.437892710964452e+01      1.029754567755485e+01
    1.438221899162749e+01      0.000000000000000e+00
    1.438551087361046e+01      0.000000000000000e+00
    1.438880275559343e+01      0.000000000000000e+00
    1.439209463757640e+01      0.000000000000000e+00
    1.439538651955936e+01      0.000000000000000e+00
    1.439867840154233e+01      0.000000000000000e+00
    1.440197028352530e+01      0.000000000000000e+00
    1.440526216550827e+01      0.000000000000000e+00
    1.440855404749124e+01      0.000000000000000e+00
    1.441184592947421e+01      0.000000000000000e+00
    1.441513781145718e+01      0.000000000000000e+00
    1.441842969344015e+01      0.000000000000000e+00
    1.442172157542312e+01      0.000000000000000e+00
    1.442501345740608e+01      0.000000000000000e+00
    1.442830533938905e+01      5.148772838777424e+00
    1.443159722137202e+01      0.000000000000000e+00
    1.443488910335499e+01      0.000000000000000e+00
    1.443818098533796e+01      0.000000000000000e+00
    1.444147286732093e+01      0.000000000000000e+00
    1.444476474930390e+01      0.000000000000000e+00
    1.444805663128687e+01      0.000000000000000e+00
    1.445134851326984e+01      0.000000000000000e+00
    1.445464039525281e+01      0.000000000000000e+00
    1.445793227723578e+01      0.000000000000000e+00
    1.446122415921874e+01      0.000000000000000e+00
    1.446451604120171e+01      0.000000000000000e+00
    1.446780792318468e+01      0.000000000000000e+00
    1.447109980516765e+01      0.000000000000000e+00
    1.447439168715062e+01      0.000000000000000e+00
    1.447768356913359e+01      0.000000000000000e+00
    1.448097545111656e+01      0.000000000000000e+00
    1.448426733309953e+01      0.000000000000000e+00
    1.448755921508250e+01      0.000000000000000e+00
    1.449085109706546e+01      0.000000000000000e+00
    1.449414297904843e+01      0.000000000000000e+00
    1.449743486103140e+01      0.000000000000000e+00
    1.450072674301437e+01      5.148772838777424e+00
    1.450401862499734e+01      0.000000000000000e+00
    1.450731050698031e+01      0.000000000000000e+00
    1.451060238896328e+01      0.000000000000000e+00
    1.451389427094625e+01      0.000000000000000e+00
    1.451718615292922e+01      0.000000000000000e+00
    1.452047803491219e+01      0.000000000000000e+00
    1.452376991689516e+01      1.029754567756040e+01
    1.452706179887812e+01      0.000000000000000e+00
    1.453035368086109e+01      0.000000000000000e+00
    1.453364556284406e+01      0.000000000000000e+00
    1.453693744482703e+01      0.000000000000000e+00
    1.454022932681000e+01      0.000000000000000e+00
    1.454352120879297e+01      0.000000000000000e+00
    1.454681309077594e+01      0.000000000000000e+00
    1.455010497275891e+01      5.148772838777424e+00
    1.455339685474187e+01      0.000000000000000e+00
    1.455668873672484e+01      0.000000000000000e+00
    1.455998061870781e+01      0.000000000000000e+00
    1.456327250069078e+01      0.000000000000000e+00
    1.456656438267375e+01      0.000000000000000e+00
    1.456985626465672e+01      0.000000000000000e+00
    1.457314814663969e+01      1.029754567755485e+01
    1.457644002862266e+01      0.000000000000000e+00
    1.457973191060563e+01      0.000000000000000e+00
    1.458302379258860e+01      0.000000000000000e+00
    1.458631567457157e+01      0.000000000000000e+00
    1.458960755655453e+01      0.000000000000000e+00
    1.459289943853750e+01      0.000000000000000e+00
    1.459619132052047e+01      5.148772838777424e+00
    1.459948320250344e+01      0.000000000000000e+00
    1.460277508448641e+01      0.000000000000000e+00
    1.460606696646938e+01      0.000000000000000e+00
    1.460935884845235e+01      0.000000000000000e+00
    1.461265073043532e+01      0.000000000000000e+00
    1.461594261241829e+01      0.000000000000000e+00
    1.461923449440125e+01      0.000000000000000e+00
    1.462252637638422e+01      1.029754567755485e+01
    1.462581825836719e+01      0.000000000000000e+00
    1.462911014035016e+01      0.000000000000000e+00
    1.463240202233313e+01      0.000000000000000e+00
    1.463569390431610e+01      0.000000000000000e+00
    1.463898578629907e+01      0.000000000000000e+00
    1.464227766828204e+01      0.000000000000000e+00
    1.464556955026501e+01      5.148772838777424e+00
    1.464886143224798e+01      0.000000000000000e+00
    1.465215331423094e+01      0.000000000000000e+00
    1.465544519621391e+01      0.000000000000000e+00
    1.465873707819688e+01      0.000000000000000e+00
    1.466202896017985e+01      0.000000000000000e+00
    1.466532084216282e+01      0.000000000000000e+00
    1.466861272414579e+01      0.000000000000000e+00
    1.467190460612876e+01      1.544631851633227e+01
    1.467519648811173e+01      0.000000000000000e+00
    1.467848837009470e+01      0.000000000000000e+00
    1.468178025207767e+01      0.000000000000000e+00
    1.468507213406063e+01      0.000000000000000e+00
    1.468836401604360e+01      0.000000000000000e+00
    1.469165589802657e+01      0.000000000000000e+00
    1.469494778000954e+01      5.148772838777424e+00
    1.469823966199251e+01      0.000000000000000e+00
    1.470153154397548e+01      0.000000000000000e+00
    1.470482342595845e+01      0.000000000000000e+00
    1.470811530794142e+01      0.000000000000000e+00
    1.471140718992439e+01      0.000000000000000e+00
    1.471469907190735e+01      0.000000000000000e+00
    1.471799095389032e+01      1.029754567755485e+01
    1.472128283587329e+01      0.000000000000000e+00
    1.472457471785626e+01      0.000000000000000e+00
    1.472786659983923e+01      0.000000000000000e+00
    1.473115848182220e+01      0.000000000000000e+00
    1.473445036380517e+01      0.000000000000000e+00
    1.473774224578814e+01      0.000000000000000e+00
    1.474103412777111e+01      0.000000000000000e+00
    1.474432600975408e+01      5.148772838777424e+00
    1.474761789173705e+01      0.000000000000000e+00
    1.475090977372001e+01      0.000000000000000e+00
    1.475420165570298e+01      0.000000000000000e+00
    1.475749353768595e+01      0.000000000000000e+00
    1.476078541966892e+01      0.000000000000000e+00
    1.476407730165189e+01      0.000000000000000e+00
    1.476736918363486e+01      2.059509135510969e+01
    1.477066106561783e+01      0.000000000000000e+00
    1.477395294760080e+01      0.000000000000000e+00
    1.477724482958376e+01      0.000000000000000e+00
    1.478053671156673e+01      0.000000000000000e+00
    1.478382859354970e+01      0.000000000000000e+00
    1.478712047553267e+01      0.000000000000000e+00
    1.479041235751564e+01      5.148772838777424e+00
    1.479370423949861e+01      0.000000000000000e+00
    1.479699612148158e+01      0.000000000000000e+00
    1.480028800346455e+01      0.000000000000000e+00
    1.480357988544752e+01      0.000000000000000e+00
    1.480687176743049e+01      0.000000000000000e+00
    1.481016364941346e+01      0.000000000000000e+00
    1.481345553139642e+01      0.000000000000000e+00
    1.481674741337939e+01      1.029754567755485e+01
    1.482003929536236e+01      0.000000000000000e+00
    1.482333117734533e+01      0.000000000000000e+00
    1.482662305932830e+01      0.000000000000000e+00
    1.482991494131127e+01      5.148772838777424e+00
    1.483320682329424e+01      0.000000000000000e+00
    1.483649870527721e+01      0.000000000000000e+00
    1.483979058726018e+01      1.029754567755485e+01
    1.484308246924314e+01      0.000000000000000e+00
    1.484637435122611e+01      0.000000000000000e+00
    1.484966623320908e+01      0.000000000000000e+00
    1.485295811519205e+01      5.148772838780202e+00
    1.485624999717502e+01      0.000000000000000e+00
    1.485954187915799e+01      0.000000000000000e+00
    1.486283376114096e+01      0.000000000000000e+00
    1.486612564312393e+01      5.148772838777424e+00
    1.486941752510690e+01      0.000000000000000e+00
    1.487270940708987e+01      0.000000000000000e+00
    1.487600128907284e+01      0.000000000000000e+00
    1.487929317105580e+01      0.000000000000000e+00
    1.488258505303877e+01      0.000000000000000e+00
    1.488587693502174e+01      0.000000000000000e+00
    1.488916881700471e+01      5.148772838777424e+00
    1.489246069898768e+01      0.000000000000000e+00
    1.489575258097065e+01      0.000000000000000e+00
    1.489904446295362e+01      0.000000000000000e+00
    1.490233634493659e+01      0.000000000000000e+00
    1.490562822691956e+01      0.000000000000000e+00
    1.490892010890252e+01      0.000000000000000e+00
    1.491221199088549e+01      1.029754567755485e+01
    1.491550387286846e+01      0.000000000000000e+00
    1.491879575485143e+01      0.000000000000000e+00
    1.492208763683440e+01      0.000000000000000e+00
    1.492537951881737e+01      0.000000000000000e+00
    1.492867140080034e+01      0.000000000000000e+00
    1.493196328278331e+01      0.000000000000000e+00
    1.493525516476628e+01      0.000000000000000e+00
    1.493854704674925e+01      5.148772838780202e+00
    1.494183892873221e+01      0.000000000000000e+00
    1.494513081071518e+01      0.000000000000000e+00
    1.494842269269815e+01      0.000000000000000e+00
    1.495171457468112e+01      0.000000000000000e+00
    1.495500645666409e+01      0.000000000000000e+00
    1.495829833864706e+01      0.000000000000000e+00
    1.496159022063003e+01      1.544631851633227e+01
    1.496488210261300e+01      0.000000000000000e+00
    1.496817398459597e+01      0.000000000000000e+00
    1.497146586657894e+01      0.000000000000000e+00
    1.497475774856190e+01      0.000000000000000e+00
    1.497804963054487e+01      0.000000000000000e+00
    1.498134151252784e+01      0.000000000000000e+00
    1.498463339451081e+01      0.000000000000000e+00
    1.498792527649378e+01      0.000000000000000e+00
    1.499121715847675e+01      0.000000000000000e+00
    1.499450904045972e+01      0.000000000000000e+00
    1.499780092244269e+01      0.000000000000000e+00
    1.500109280442566e+01      0.000000000000000e+00
    1.500438468640862e+01      0.000000000000000e+00
    1.500767656839159e+01      0.000000000000000e+00
    1.501096845037456e+01      5.148772838777424e+00
    1.501426033235753e+01      0.000000000000000e+00
    1.501755221434050e+01      0.000000000000000e+00
    1.502084409632347e+01      0.000000000000000e+00
    1.502413597830644e+01      0.000000000000000e+00
    1.502742786028941e+01      0.000000000000000e+00
    1.503071974227238e+01      0.000000000000000e+00
    1.503401162425535e+01      0.000000000000000e+00
    1.503730350623831e+01      0.000000000000000e+00
    1.504059538822128e+01      0.000000000000000e+00
    1.504388727020425e+01      0.000000000000000e+00
    1.504717915218722e+01      0.000000000000000e+00
    1.505047103417019e+01      0.000000000000000e+00
    1.505376291615316e+01      0.000000000000000e+00
    1.505705479813613e+01      0.000000000000000e+00
    1.506034668011910e+01      1.544631851634061e+01
    1.506363856210207e+01      0.000000000000000e+00
    1.506693044408503e+01      0.000000000000000e+00
    1.507022232606800e+01      0.000000000000000e+00
    1.507351420805097e+01      0.000000000000000e+00
    1.507680609003394e+01      0.000000000000000e+00
    1.508009797201691e+01      0.000000000000000e+00
    1.508338985399988e+01      0.000000000000000e+00
    1.508668173598285e+01      0.000000000000000e+00
    1.508997361796582e+01      0.000000000000000e+00
    1.509326549994879e+01      0.000000000000000e+00
    1.509655738193176e+01      0.000000000000000e+00
    1.509984926391473e+01      0.000000000000000e+00
    1.510314114589769e+01      0.000000000000000e+00
    1.510643302788066e+01      0.000000000000000e+00
    1.510972490986363e+01      0.000000000000000e+00
    1.511301679184660e+01      0.000000000000000e+00
    1.511630867382957e+01      0.000000000000000e+00
    1.511960055581254e+01      0.000000000000000e+00
    1.512289243779551e+01      0.000000000000000e+00
    1.512618431977848e+01      0.000000000000000e+00
    1.512947620176145e+01      0.000000000000000e+00
    1.513276808374441e+01      0.000000000000000e+00
    1.513605996572738e+01      0.000000000000000e+00
    1.513935184771035e+01      0.000000000000000e+00
    1.514264372969332e+01      0.000000000000000e+00
    1.514593561167629e+01      0.000000000000000e+00
    1.514922749365926e+01      0.000000000000000e+00
    1.515251937564223e+01      0.000000000000000e+00
    1.515581125762520e+01      5.148772838777424e+00
    1.515910313960817e+01      0.000000000000000e+00
    1.516239502159114e+01      0.000000000000000e+00
    1.516568690357411e+01      0.000000000000000e+00
    1.516897878555707e+01      0.000000000000000e+00
    1.517227066754004e+01      0.000000000000000e+00
    1.517556254952301e+01      0.000000000000000e+00
    1.517885443150598e+01      0.000000000000000e+00
    1.518214631348895e+01      0.000000000000000e+00
    1.518543819547192e+01      0.000000000000000e+00
    1.518873007745489e+01      0.000000000000000e+00
    1.519202195943786e+01      0.000000000000000e+00
    1.519531384142083e+01      0.000000000000000e+00
    1.519860572340379e+01      0.000000000000000e+00
    1.520189760538676e+01      0.000000000000000e+00
    1.520518948736973e+01      0.000000000000000e+00
    1.520848136935270e+01      0.000000000000000e+00
    1.521177325133567e+01      0.000000000000000e+00
    1.521506513331864e+01      0.000000000000000e+00
    1.521835701530161e+01      0.000000000000000e+00
    1.522164889728458e+01      0.000000000000000e+00
    1.522494077926755e+01      0.000000000000000e+00
    1.522823266125052e+01      0.000000000000000e+00
    1.523152454323348e+01      0.000000000000000e+00
    1.523481642521645e+01      0.000000000000000e+00
    1.523810830719942e+01      0.000000000000000e+00
    1.524140018918239e+01      0.000000000000000e+00
    1.524469207116536e+01      0.000000000000000e+00
    1.524798395314833e+01      0.000000000000000e+00
    1.525127583513130e+01      0.000000000000000e+00
    1.525456771711427e+01      0.000000000000000e+00
    1.525785959909724e+01      0.000000000000000e+00
    1.526115148108020e+01      0.000000000000000e+00
    1.526444336306317e+01      0.000000000000000e+00
    1.526773524504614e+01      0.000000000000000e+00
    1.527102712702911e+01      0.000000000000000e+00
    1.527431900901208e+01      0.000000000000000e+00
    1.527761089099505e+01      0.000000000000000e+00
    1.528090277297802e+01      0.000000000000000e+00
    1.528419465496099e+01      0.000000000000000e+00
    1.528748653694396e+01      0.000000000000000e+00
    1.529077841892692e+01      0.000000000000000e+00
    1.529407030090989e+01      0.000000000000000e+00
    1.529736218289286e+01      0.000000000000000e+00
    1.530065406487583e+01      0.000000000000000e+00
    1.530394594685880e+01      0.000000000000000e+00
    1.530723782884177e+01      0.000000000000000e+00
    1.531052971082474e+01      0.000000000000000e+00
    1.531382159280771e+01      0.000000000000000e+00
    1.531711347479068e+01      0.000000000000000e+00
    1.532040535677365e+01      0.000000000000000e+00
    1.532369723875662e+01      0.000000000000000e+00
    1.532698912073958e+01      0.000000000000000e+00
    1.533028100272255e+01      0.000000000000000e+00
    1.533357288470552e+01      0.000000000000000e+00
    1.533686476668849e+01      0.000000000000000e+00
    1.534015664867146e+01      0.000000000000000e+00
    1.534344853065443e+01      0.000000000000000e+00
    1.534674041263740e+01      0.000000000000000e+00
    1.535003229462037e+01      0.000000000000000e+00
    1.535332417660334e+01      0.000000000000000e+00
    1.535661605858630e+01      0.000000000000000e+00
    1.535990794056927e+01      0.000000000000000e+00
    1.536319982255224e+01      0.000000000000000e+00
    1.536649170453521e+01      0.000000000000000e+00
    1.536978358651818e+01      0.000000000000000e+00
    1.537307546850115e+01      0.000000000000000e+00
    1.537636735048412e+01      0.000000000000000e+00
    1.537965923246709e+01      0.000000000000000e+00
    1.538295111445006e+01      0.000000000000000e+00
    1.538624299643303e+01      0.000000000000000e+00
    1.538953487841600e+01      0.000000000000000e+00
    1.539282676039896e+01      0.000000000000000e+00
    1.539611864238193e+01      0.000000000000000e+00
    1.539941052436490e+01      0.000000000000000e+00
    1.540270240634787e+01      0.000000000000000e+00
    1.540599428833084e+01      0.000000000000000e+00
    1.540928617031381e+01      0.000000000000000e+00
    1.541257805229678e+01      0.000000000000000e+00
    1.541586993427975e+01      0.000000000000000e+00
    1.541916181626272e+01      0.000000000000000e+00
    1.542245369824568e+01      0.000000000000000e+00
    1.542574558022865e+01      0.000000000000000e+00
    1.542903746221162e+01      0.000000000000000e+00
    1.543232934419459e+01      0.000000000000000e+00
    1.543562122617756e+01      0.000000000000000e+00
    1.543891310816053e+01      0.000000000000000e+00
    1.544220499014350e+01      0.000000000000000e+00
    1.544549687212647e+01      0.000000000000000e+00
    1.544878875410944e+01      0.000000000000000e+00
    1.545208063609241e+01      0.000000000000000e+00
    1.545537251807537e+01      0.000000000000000e+00
    1.545866440005834e+01      0.000000000000000e+00
    1.546195628204131e+01      0.000000000000000e+00
    1.546524816402428e+01      0.000000000000000e+00
    1.546854004600725e+01      0.000000000000000e+00
    1.547183192799022e+01      0.000000000000000e+00
    1.547512380997319e+01      0.000000000000000e+00
    1.547841569195616e+01      0.000000000000000e+00
    1.548170757393913e+01      0.000000000000000e+00
    1.548499945592209e+01      0.000000000000000e+00
    1.548829133790506e+01      0.000000000000000e+00
    1.549158321988803e+01      0.000000000000000e+00
    1.549487510187100e+01      0.000000000000000e+00
    1.549816698385397e+01      0.000000000000000e+00
    1.550145886583694e+01      0.000000000000000e+00
    1.550475074781991e+01      0.000000000000000e+00
    1.550804262980288e+01      0.000000000000000e+00
    1.551133451178585e+01      0.000000000000000e+00
    1.551462639376881e+01      0.000000000000000e+00
    1.551791827575178e+01      0.000000000000000e+00
    1.552121015773475e+01      0.000000000000000e+00
    1.552450203971772e+01      0.000000000000000e+00
    1.552779392170069e+01      0.000000000000000e+00
    1.553108580368366e+01      0.000000000000000e+00
    1.553437768566663e+01      0.000000000000000e+00
    1.553766956764960e+01      0.000000000000000e+00
    1.554096144963257e+01      0.000000000000000e+00
    1.554425333161554e+01      0.000000000000000e+00
    1.554754521359851e+01      0.000000000000000e+00
    1.555083709558147e+01      0.000000000000000e+00
    1.555412897756444e+01      0.000000000000000e+00
    1.555742085954741e+01      0.000000000000000e+00
    1.556071274153038e+01      0.000000000000000e+00
    1.556400462351335e+01      0.000000000000000e+00
    1.556729650549632e+01      0.000000000000000e+00
    1.557058838747929e+01      0.000000000000000e+00
    1.557388026946226e+01      0.000000000000000e+00
    1.557717215144523e+01      0.000000000000000e+00
    1.558046403342819e+01      0.000000000000000e+00
    1.558375591541116e+01      0.000000000000000e+00
    1.558704779739413e+01      0.000000000000000e+00
    1.559033967937710e+01      0.000000000000000e+00
    1.559363156136007e+01      0.000000000000000e+00
    1.559692344334304e+01      0.000000000000000e+00
    1.560021532532601e+01      0.000000000000000e+00
    1.560350720730898e+01      0.000000000000000e+00
    1.560679908929195e+01      0.000000000000000e+00
    1.561009097127492e+01      0.000000000000000e+00
    1.561338285325789e+01      0.000000000000000e+00
    1.561667473524085e+01      0.000000000000000e+00
    1.561996661722382e+01      0.000000000000000e+00
    1.562325849920679e+01      0.000000000000000e+00
    1.562655038118976e+01      0.000000000000000e+00
    1.562984226317273e+01      0.000000000000000e+00
    1.563313414515570e+01      0.000000000000000e+00
    1.563642602713867e+01      0.000000000000000e+00
    1.563971790912164e+01      0.000000000000000e+00
    1.564300979110461e+01      0.000000000000000e+00
    1.564630167308757e+01      0.000000000000000e+00
    1.564959355507054e+01      0.000000000000000e+00
    1.565288543705351e+01      0.000000000000000e+00
    1.565617731903648e+01      0.000000000000000e+00
    1.565946920101945e+01      0.000000000000000e+00
    1.566276108300242e+01      0.000000000000000e+00
    1.566605296498539e+01      0.000000000000000e+00
    1.566934484696836e+01      0.000000000000000e+00
    1.567263672895133e+01      0.000000000000000e+00
    1.567592861093430e+01      0.000000000000000e+00
    1.567922049291726e+01      0.000000000000000e+00
    1.568251237490023e+01      0.000000000000000e+00
    1.568580425688320e+01      0.000000000000000e+00
    1.568909613886617e+01      0.000000000000000e+00
    1.569238802084914e+01      0.000000000000000e+00
    1.569567990283211e+01      0.000000000000000e+00
    1.569897178481508e+01      0.000000000000000e+00
    1.570226366679805e+01      0.000000000000000e+00
    1.570555554878102e+01      0.000000000000000e+00
    1.570884743076398e+01      0.000000000000000e+00
    1.571213931274695e+01      0.000000000000000e+00
    1.571543119472992e+01      0.000000000000000e+00
    1.571872307671289e+01      0.000000000000000e+00
    1.572201495869586e+01      0.000000000000000e+00
    1.572530684067883e+01      0.000000000000000e+00
    1.572859872266180e+01      0.000000000000000e+00
    1.573189060464477e+01      0.000000000000000e+00
    1.573518248662774e+01      0.000000000000000e+00
    1.573847436861071e+01      0.000000000000000e+00
    1.574176625059367e+01      0.000000000000000e+00
    1.574505813257664e+01      0.000000000000000e+00
    1.574835001455961e+01      0.000000000000000e+00
    1.575164189654258e+01      0.000000000000000e+00
    1.575493377852555e+01      0.000000000000000e+00
    1.575822566050852e+01      0.000000000000000e+00
    1.576151754249149e+01      0.000000000000000e+00
    1.576480942447446e+01      0.000000000000000e+00
    1.576810130645743e+01      0.000000000000000e+00
    1.577139318844040e+01      0.000000000000000e+00
    1.577468507042336e+01      0.000000000000000e+00
    1.577797695240633e+01      0.000000000000000e+00
    1.578126883438930e+01      0.000000000000000e+00
    1.578456071637227e+01      0.000000000000000e+00
    1.578785259835524e+01      0.000000000000000e+00
    1.579114448033821e+01      0.000000000000000e+00
    1.579443636232118e+01      0.000000000000000e+00
    1.579772824430415e+01      0.000000000000000e+00
    1.580102012628712e+01      0.000000000000000e+00
    1.580431200827008e+01      0.000000000000000e+00
    1.580760389025305e+01      0.000000000000000e+00
    1.581089577223602e+01      0.000000000000000e+00
    1.581418765421899e+01      0.000000000000000e+00
    1.581747953620196e+01      0.000000000000000e+00
    1.582077141818493e+01      0.000000000000000e+00
    1.582406330016790e+01      0.000000000000000e+00
    1.582735518215087e+01      0.000000000000000e+00
    1.583064706413384e+01      0.000000000000000e+00
    1.583393894611681e+01      0.000000000000000e+00
    1.583723082809978e+01      0.000000000000000e+00
    1.584052271008274e+01      0.000000000000000e+00
    1.584381459206571e+01      0.000000000000000e+00
    1.584710647404868e+01      0.000000000000000e+00
    1.585039835603165e+01      0.000000000000000e+00
    1.585369023801462e+01      0.000000000000000e+00
    1.585698211999759e+01      0.000000000000000e+00
    1.586027400198056e+01      0.000000000000000e+00
    1.586356588396353e+01      5.148772838780202e+00
    1.586685776594650e+01      0.000000000000000e+00
    1.587014964792946e+01      0.000000000000000e+00
    1.587344152991243e+01      0.000000000000000e+00
    1.587673341189540e+01      0.000000000000000e+00
    1.588002529387837e+01      0.000000000000000e+00
    1.588331717586134e+01      0.000000000000000e+00
    1.588660905784431e+01      0.000000000000000e+00
    1.588990093982728e+01      0.000000000000000e+00
    1.589319282181025e+01      0.000000000000000e+00
    1.589648470379322e+01      0.000000000000000e+00
    1.589977658577619e+01      0.000000000000000e+00
    1.590306846775916e+01      0.000000000000000e+00
    1.590636034974212e+01      0.000000000000000e+00
    1.590965223172509e+01      0.000000000000000e+00
    1.591294411370806e+01      0.000000000000000e+00
    1.591623599569103e+01      0.000000000000000e+00
    1.591952787767400e+01      0.000000000000000e+00
    1.592281975965697e+01      0.000000000000000e+00
    1.592611164163994e+01      0.000000000000000e+00
    1.592940352362291e+01      0.000000000000000e+00
    1.593269540560587e+01      0.000000000000000e+00
    1.593598728758884e+01      0.000000000000000e+00
    1.593927916957181e+01      0.000000000000000e+00
    1.594257105155478e+01      0.000000000000000e+00
    1.594586293353775e+01      0.000000000000000e+00
    1.594915481552072e+01      0.000000000000000e+00
    1.595244669750369e+01      0.000000000000000e+00
    1.595573857948666e+01      0.000000000000000e+00
    1.595903046146963e+01      0.000000000000000e+00
    1.596232234345260e+01      0.000000000000000e+00
    1.596561422543557e+01      0.000000000000000e+00
    1.596890610741853e+01      0.000000000000000e+00
    1.597219798940150e+01      0.000000000000000e+00
    1.597548987138447e+01      0.000000000000000e+00
    1.597878175336744e+01      0.000000000000000e+00
    1.598207363535041e+01      0.000000000000000e+00
    1.598536551733338e+01      0.000000000000000e+00
    1.598865739931635e+01      0.000000000000000e+00
    1.599194928129932e+01      0.000000000000000e+00
    1.599524116328229e+01      0.000000000000000e+00
    1.599853304526525e+01      0.000000000000000e+00
    1.600182492724822e+01      0.000000000000000e+00
    1.600511680923119e+01      0.000000000000000e+00
    1.600840869121416e+01      0.000000000000000e+00
    1.601170057319713e+01      0.000000000000000e+00
    1.601499245518010e+01      0.000000000000000e+00
    1.601828433716307e+01      0.000000000000000e+00
    1.602157621914604e+01      0.000000000000000e+00
    1.602486810112901e+01      0.000000000000000e+00
    1.602815998311198e+01      0.000000000000000e+00
    1.603145186509494e+01      0.000000000000000e+00
    1.603474374707791e+01      0.000000000000000e+00
    1.603803562906088e+01      0.000000000000000e+00
    1.604132751104385e+01      0.000000000000000e+00
    1.604461939302682e+01      0.000000000000000e+00
    1.604791127500979e+01      0.000000000000000e+00
    1.605120315699276e+01      0.000000000000000e+00
    1.605449503897573e+01      0.000000000000000e+00
    1.605778692095870e+01      0.000000000000000e+00
    1.606107880294167e+01      0.000000000000000e+00
    1.606437068492463e+01      0.000000000000000e+00
    1.606766256690760e+01      0.000000000000000e+00
    1.607095444889057e+01      0.000000000000000e+00
    1.607424633087354e+01      0.000000000000000e+00
    1.607753821285651e+01      0.000000000000000e+00
    1.608083009483948e+01      0.000000000000000e+00
    1.608412197682245e+01      0.000000000000000e+00
    1.608741385880542e+01      0.000000000000000e+00
    1.609070574078839e+01      0.000000000000000e+00
    1.609399762277135e+01      0.000000000000000e+00
    1.609728950475433e+01      0.000000000000000e+00
    1.610058138673729e+01      0.000000000000000e+00
    1.610387326872026e+01      0.000000000000000e+00
    1.610716515070323e+01      0.000000000000000e+00
    1.611045703268620e+01      0.000000000000000e+00
    1.611374891466917e+01      0.000000000000000e+00
    1.611704079665214e+01      0.000000000000000e+00
    1.612033267863511e+01      0.000000000000000e+00
    1.612362456061808e+01      0.000000000000000e+00
    1.612691644260104e+01      0.000000000000000e+00
    1.613020832458401e+01      0.000000000000000e+00
    1.613350020656698e+01      0.000000000000000e+00
    1.613679208854995e+01      0.000000000000000e+00
    1.614008397053292e+01      0.000000000000000e+00
    1.614337585251589e+01      0.000000000000000e+00
    1.614666773449886e+01      0.000000000000000e+00
    1.614995961648183e+01      0.000000000000000e+00
    1.615325149846480e+01      0.000000000000000e+00
    1.615654338044776e+01      0.000000000000000e+00
    1.615983526243074e+01      0.000000000000000e+00
    1.616312714441370e+01      0.000000000000000e+00
    1.616641902639667e+01      0.000000000000000e+00
    1.616971090837964e+01      0.000000000000000e+00
    1.617300279036261e+01      0.000000000000000e+00
    1.617629467234558e+01      0.000000000000000e+00
    1.617958655432855e+01      0.000000000000000e+00
    1.618287843631152e+01      0.000000000000000e+00
    1.618617031829449e+01      0.000000000000000e+00
    1.618946220027745e+01      0.000000000000000e+00
    1.619275408226043e+01      0.000000000000000e+00
    1.619604596424339e+01      0.000000000000000e+00
    1.619933784622636e+01      0.000000000000000e+00
    1.620262972820933e+01      0.000000000000000e+00
    1.620592161019230e+01      0.000000000000000e+00
    1.620921349217527e+01      0.000000000000000e+00
    1.621250537415824e+01      0.000000000000000e+00
    1.621579725614121e+01      0.000000000000000e+00
    1.621908913812418e+01      0.000000000000000e+00
    1.622238102010715e+01      0.000000000000000e+00
    1.622567290209011e+01      0.000000000000000e+00
    1.622896478407308e+01      0.000000000000000e+00
    1.623225666605605e+01      0.000000000000000e+00
    1.623554854803902e+01      0.000000000000000e+00
    1.623884043002199e+01      0.000000000000000e+00
    1.624213231200496e+01      0.000000000000000e+00
    1.624542419398793e+01      0.000000000000000e+00
    1.624871607597090e+01      0.000000000000000e+00
    1.625200795795386e+01      0.000000000000000e+00
    1.625529983993684e+01      0.000000000000000e+00
    1.625859172191980e+01      0.000000000000000e+00
    1.626188360390277e+01      0.000000000000000e+00
    1.626517548588574e+01      0.000000000000000e+00
    1.626846736786871e+01      0.000000000000000e+00
    1.627175924985168e+01      0.000000000000000e+00
    1.627505113183465e+01      0.000000000000000e+00
    1.627834301381762e+01      0.000000000000000e+00
    1.628163489580059e+01      0.000000000000000e+00
    1.628492677778355e+01      0.000000000000000e+00
    1.628821865976652e+01      0.000000000000000e+00
    1.629151054174949e+01      0.000000000000000e+00
    1.629480242373246e+01      0.000000000000000e+00
    1.629809430571543e+01      0.000000000000000e+00
    1.630138618769840e+01      0.000000000000000e+00
    1.630467806968137e+01      0.000000000000000e+00
    1.630796995166434e+01      0.000000000000000e+00
    1.631126183364731e+01      0.000000000000000e+00
    1.631455371563028e+01      0.000000000000000e+00
    1.631784559761325e+01      0.000000000000000e+00
    1.632113747959621e+01      0.000000000000000e+00
    1.632442936157918e+01      0.000000000000000e+00
    1.632772124356215e+01      0.000000000000000e+00
    1.633101312554512e+01      0.000000000000000e+00
    1.633430500752809e+01      0.000000000000000e+00
    1.633759688951106e+01      0.000000000000000e+00
    1.634088877149403e+01      0.000000000000000e+00
    1.634418065347700e+01      0.000000000000000e+00
    1.634747253545996e+01      0.000000000000000e+00
    1.635076441744294e+01      0.000000000000000e+00
    1.635405629942590e+01      0.000000000000000e+00
    1.635734818140887e+01      0.000000000000000e+00
    1.636064006339184e+01      0.000000000000000e+00
    1.636393194537481e+01      0.000000000000000e+00
    1.636722382735778e+01      0.000000000000000e+00
    1.637051570934075e+01      0.000000000000000e+00
    1.637380759132372e+01      0.000000000000000e+00
    1.637709947330669e+01      0.000000000000000e+00
    1.638039135528966e+01      0.000000000000000e+00
    1.638368323727262e+01      0.000000000000000e+00
    1.638697511925560e+01      0.000000000000000e+00
    1.639026700123856e+01      0.000000000000000e+00
    1.639355888322153e+01      0.000000000000000e+00
    1.639685076520450e+01      0.000000000000000e+00
    1.640014264718747e+01      0.000000000000000e+00
    1.640343452917044e+01      0.000000000000000e+00
    1.640672641115341e+01      0.000000000000000e+00
    1.641001829313637e+01      0.000000000000000e+00
    1.641331017511935e+01      0.000000000000000e+00
    1.641660205710231e+01      0.000000000000000e+00
    1.641989393908528e+01      0.000000000000000e+00
    1.642318582106825e+01      0.000000000000000e+00
    1.642647770305122e+01      0.000000000000000e+00
    1.642976958503419e+01      0.000000000000000e+00
    1.643306146701716e+01      0.000000000000000e+00
    1.643635334900013e+01      0.000000000000000e+00
    1.643964523098310e+01      0.000000000000000e+00
    1.644293711296607e+01      0.000000000000000e+00
    1.644622899494903e+01      0.000000000000000e+00
    1.644952087693201e+01      0.000000000000000e+00
    1.645281275891497e+01      0.000000000000000e+00
    1.645610464089794e+01      0.000000000000000e+00
    1.645939652288091e+01      0.000000000000000e+00
    1.646268840486388e+01      0.000000000000000e+00
    1.646598028684685e+01      0.000000000000000e+00
    1.646927216882982e+01      0.000000000000000e+00
    1.647256405081279e+01      0.000000000000000e+00
    1.647585593279576e+01      1.029754567756040e+01
    1.647914781477872e+01      0.000000000000000e+00
    1.648243969676169e+01      0.000000000000000e+00
    1.648573157874466e+01      0.000000000000000e+00
    1.648902346072763e+01      0.000000000000000e+00
    1.649231534271060e+01      0.000000000000000e+00
    1.649560722469357e+01      0.000000000000000e+00
    1.649889910667654e+01      0.000000000000000e+00
    1.650219098865951e+01      0.000000000000000e+00
    1.650548287064248e+01      0.000000000000000e+00
    1.650877475262545e+01      0.000000000000000e+00
    1.651206663460842e+01      0.000000000000000e+00
    1.651535851659138e+01      0.000000000000000e+00
    1.651865039857435e+01      0.000000000000000e+00
    1.652194228055732e+01      0.000000000000000e+00
    1.652523416254029e+01      0.000000000000000e+00
    1.652852604452326e+01      0.000000000000000e+00
    1.653181792650623e+01      0.000000000000000e+00
    1.653510980848920e+01      0.000000000000000e+00
    1.653840169047217e+01      0.000000000000000e+00
    1.654169357245513e+01      0.000000000000000e+00
    1.654498545443811e+01      0.000000000000000e+00
    1.654827733642107e+01      0.000000000000000e+00
    1.655156921840404e+01      0.000000000000000e+00
    1.655486110038701e+01      0.000000000000000e+00
    1.655815298236998e+01      0.000000000000000e+00
    1.656144486435295e+01      0.000000000000000e+00
    1.656473674633592e+01      0.000000000000000e+00
    1.656802862831889e+01      0.000000000000000e+00
    1.657132051030186e+01      0.000000000000000e+00
    1.657461239228483e+01      0.000000000000000e+00
    1.657790427426779e+01      0.000000000000000e+00
    1.658119615625076e+01      0.000000000000000e+00
    1.658448803823373e+01      0.000000000000000e+00
    1.658777992021670e+01      0.000000000000000e+00
    1.659107180219967e+01      0.000000000000000e+00
    1.659436368418264e+01      0.000000000000000e+00
    1.659765556616561e+01      0.000000000000000e+00
    1.660094744814858e+01      0.000000000000000e+00
    1.660423933013154e+01      0.000000000000000e+00
    1.660753121211452e+01      0.000000000000000e+00
    1.661082309409748e+01      0.000000000000000e+00
    1.661411497608045e+01      0.000000000000000e+00
    1.661740685806342e+01      0.000000000000000e+00
    1.662069874004639e+01      0.000000000000000e+00
    1.662399062202936e+01      0.000000000000000e+00
    1.662728250401233e+01      0.000000000000000e+00
    1.663057438599530e+01      0.000000000000000e+00
    1.663386626797827e+01      0.000000000000000e+00
    1.663715814996124e+01      0.000000000000000e+00
    1.664045003194421e+01      0.000000000000000e+00
    1.664374191392717e+01      0.000000000000000e+00
    1.664703379591014e+01      0.000000000000000e+00
    1.665032567789311e+01      0.000000000000000e+00
    1.665361755987608e+01      0.000000000000000e+00
    1.665690944185905e+01      0.000000000000000e+00
    1.666020132384202e+01      0.000000000000000e+00
    1.666349320582499e+01      0.000000000000000e+00
    1.666678508780796e+01      0.000000000000000e+00
    1.667007696979093e+01      0.000000000000000e+00
    1.667336885177389e+01      0.000000000000000e+00
    1.667666073375686e+01      0.000000000000000e+00
    1.667995261573983e+01      0.000000000000000e+00
    1.668324449772280e+01      0.000000000000000e+00
    1.668653637970577e+01      0.000000000000000e+00
    1.668982826168874e+01      0.000000000000000e+00
    1.669312014367171e+01      0.000000000000000e+00
    1.669641202565468e+01      0.000000000000000e+00
    1.669970390763765e+01      0.000000000000000e+00
    1.670299578962062e+01      0.000000000000000e+00
    1.670628767160358e+01      0.000000000000000e+00
    1.670957955358655e+01      0.000000000000000e+00
    1.671287143556952e+01      0.000000000000000e+00
    1.671616331755249e+01      0.000000000000000e+00
    1.671945519953546e+01      0.000000000000000e+00
    1.672274708151843e+01      0.000000000000000e+00
    1.672603896350140e+01      0.000000000000000e+00
    1.672933084548437e+01      0.000000000000000e+00
    1.673262272746734e+01      0.000000000000000e+00
    1.673591460945030e+01      0.000000000000000e+00
    1.673920649143327e+01      0.000000000000000e+00
    1.674249837341624e+01      0.000000000000000e+00
    1.674579025539921e+01      0.000000000000000e+00
    1.674908213738218e+01      0.000000000000000e+00
    1.675237401936515e+01      0.000000000000000e+00
    1.675566590134812e+01      0.000000000000000e+00
    1.675895778333109e+01      0.000000000000000e+00
    1.676224966531406e+01      0.000000000000000e+00
    1.676554154729703e+01      0.000000000000000e+00
    1.676883342927999e+01      0.000000000000000e+00
    1.677212531126296e+01      0.000000000000000e+00
    1.677541719324593e+01      0.000000000000000e+00
    1.677870907522890e+01      0.000000000000000e+00
    1.678200095721187e+01      0.000000000000000e+00
    1.678529283919484e+01      0.000000000000000e+00
    1.678858472117781e+01      0.000000000000000e+00
    1.679187660316078e+01      0.000000000000000e+00
    1.679516848514375e+01      0.000000000000000e+00
    1.679846036712672e+01      0.000000000000000e+00
    1.680175224910968e+01      0.000000000000000e+00
    1.680504413109265e+01      0.000000000000000e+00
    1.680833601307562e+01      0.000000000000000e+00
    1.681162789505859e+01      0.000000000000000e+00
    1.681491977704156e+01      0.000000000000000e+00
    1.681821165902453e+01      0.000000000000000e+00
    1.682150354100750e+01      0.000000000000000e+00
    1.682479542299047e+01      0.000000000000000e+00
    1.682808730497344e+01      0.000000000000000e+00
    1.683137918695640e+01      0.000000000000000e+00
    1.683467106893938e+01      0.000000000000000e+00
    1.683796295092234e+01      0.000000000000000e+00
    1.684125483290531e+01      0.000000000000000e+00
    1.684454671488828e+01      0.000000000000000e+00
    1.684783859687125e+01      0.000000000000000e+00
    1.685113047885422e+01      0.000000000000000e+00
    1.685442236083719e+01      0.000000000000000e+00
    1.685771424282016e+01      0.000000000000000e+00
    1.686100612480313e+01      0.000000000000000e+00
    1.686429800678609e+01      0.000000000000000e+00
    1.686758988876906e+01      0.000000000000000e+00
    1.687088177075203e+01      0.000000000000000e+00
    1.687417365273500e+01      0.000000000000000e+00
    1.687746553471797e+01      0.000000000000000e+00
    1.688075741670094e+01      0.000000000000000e+00
    1.688404929868391e+01      0.000000000000000e+00
    1.688734118066688e+01      0.000000000000000e+00
    1.689063306264985e+01      0.000000000000000e+00
    1.689392494463281e+01      0.000000000000000e+00
    1.689721682661579e+01      0.000000000000000e+00
    1.690050870859875e+01      0.000000000000000e+00
    1.690380059058172e+01      0.000000000000000e+00
    1.690709247256469e+01      0.000000000000000e+00
    1.691038435454766e+01      0.000000000000000e+00
    1.691367623653063e+01      0.000000000000000e+00
    1.691696811851360e+01      0.000000000000000e+00
    1.692026000049657e+01      0.000000000000000e+00
    1.692355188247954e+01      0.000000000000000e+00
    1.692684376446250e+01      0.000000000000000e+00
    1.693013564644547e+01      0.000000000000000e+00
    1.693342752842844e+01      0.000000000000000e+00
    1.693671941041141e+01      0.000000000000000e+00
    1.694001129239438e+01      0.000000000000000e+00
    1.694330317437735e+01      0.000000000000000e+00
    1.694659505636032e+01      0.000000000000000e+00
    1.694988693834329e+01      0.000000000000000e+00
    1.695317882032626e+01      0.000000000000000e+00
    1.695647070230923e+01      0.000000000000000e+00
    1.695976258429220e+01      0.000000000000000e+00
    1.696305446627516e+01      0.000000000000000e+00
    1.696634634825813e+01      0.000000000000000e+00
    1.696963823024110e+01      0.000000000000000e+00
    1.697293011222407e+01      0.000000000000000e+00
    1.697622199420704e+01      0.000000000000000e+00
    1.697951387619001e+01      0.000000000000000e+00
    1.698280575817298e+01      0.000000000000000e+00
    1.698609764015595e+01      0.000000000000000e+00
    1.698938952213891e+01      0.000000000000000e+00
    1.699268140412189e+01      0.000000000000000e+00
    1.699597328610485e+01      0.000000000000000e+00
    1.699926516808782e+01      0.000000000000000e+00
    1.700255705007079e+01      0.000000000000000e+00
    1.700584893205376e+01      0.000000000000000e+00
    1.700914081403673e+01      0.000000000000000e+00
    1.701243269601970e+01      0.000000000000000e+00
    1.701572457800267e+01      0.000000000000000e+00
    1.701901645998564e+01      0.000000000000000e+00
    1.702230834196861e+01      0.000000000000000e+00
    1.702560022395157e+01      0.000000000000000e+00
    1.702889210593455e+01      0.000000000000000e+00
    1.703218398791751e+01      0.000000000000000e+00
    1.703547586990048e+01      0.000000000000000e+00
    1.703876775188345e+01      0.000000000000000e+00
    1.704205963386642e+01      0.000000000000000e+00
    1.704535151584939e+01      0.000000000000000e+00
    1.704864339783236e+01      0.000000000000000e+00
    1.705193527981532e+01      0.000000000000000e+00
    1.705522716179830e+01      0.000000000000000e+00
    1.705851904378126e+01      0.000000000000000e+00
    1.706181092576423e+01      0.000000000000000e+00
    1.706510280774720e+01      0.000000000000000e+00
    1.706839468973017e+01      0.000000000000000e+00
    1.707168657171314e+01      0.000000000000000e+00
    1.707497845369611e+01      0.000000000000000e+00
    1.707827033567908e+01      0.000000000000000e+00
    1.708156221766205e+01      0.000000000000000e+00
    1.708485409964502e+01      5.148772838780202e+00
