                     bin:                     prob.:
    4.422531033184129e+01      5.969568359939682e-02
    4.450923626283682e+01      0.000000000000000e+00
    4.479316219383234e+01      0.000000000000000e+00
    4.507708812482787e+01      0.000000000000000e+00
    4.536101405582339e+01      0.000000000000000e+00
    4.564493998681891e+01      0.000000000000000e+00
    4.592886591781443e+01      0.000000000000000e+00
    4.621279184880996e+01      0.000000000000000e+00
    4.649671777980549e+01      0.000000000000000e+00
    4.678064371080101e+01      0.000000000000000e+00
    4.706456964179653e+01      0.000000000000000e+00
    4.734849557279205e+01      0.000000000000000e+00
    4.763242150378758e+01      0.000000000000000e+00
    4.791634743478311e+01      0.000000000000000e+00
    4.820027336577863e+01      1.193913671987936e-01
    4.848419929677415e+01      0.000000000000000e+00
    4.876812522776967e+01      0.000000000000000e+00
    4.905205115876520e+01      0.000000000000000e+00
    4.933597708976072e+01      0.000000000000000e+00
    4.961990302075625e+01      0.000000000000000e+00
    4.990382895175177e+01      0.000000000000000e+00
    5.018775488274729e+01      0.000000000000000e+00
    5.047168081374282e+01      0.000000000000000e+00
    5.075560674473834e+01      0.000000000000000e+00
    5.103953267573387e+01      0.000000000000000e+00
    5.132345860672939e+01      0.000000000000000e+00
    5.160738453772491e+01      0.000000000000000e+00
    5.189131046872043e+01      0.000000000000000e+00
    5.217523639971596e+01      0.000000000000000e+00
    5.245916233071149e+01      5.969568359939682e-02
    5.274308826170701e+01      0.000000000000000e+00
    5.302701419270253e+01      0.000000000000000e+00
    5.331094012369806e+01      0.000000000000000e+00
    5.359486605469358e+01      0.000000000000000e+00
    5.387879198568911e+01      0.000000000000000e+00
    5.416271791668463e+01      0.000000000000000e+00
    5.444664384768015e+01      0.000000000000000e+00
    5.473056977867567e+01      0.000000000000000e+00
    5.501449570967120e+01      0.000000000000000e+00
    5.529842164066672e+01      0.000000000000000e+00
    5.558234757166225e+01      0.000000000000000e+00
    5.586627350265777e+01      0.000000000000000e+00
    5.615019943365330e+01      0.000000000000000e+00
    5.643412536464882e+01      0.000000000000000e+00
    5.671805129564434e+01      1.193913671987936e-01
    5.700197722663987e+01      0.000000000000000e+00
    5.728590315763539e+01      0.000000000000000e+00
    5.756982908863091e+01      0.000000000000000e+00
    5.785375501962644e+01      0.000000000000000e+00
    5.813768095062196e+01      0.000000000000000e+00
    5.842160688161749e+01      0.000000000000000e+00
    5.870553281261301e+01      0.000000000000000e+00
    5.898945874360854e+01      0.000000000000000e+00
    5.927338467460406e+01      0.000000000000000e+00
    5.955731060559958e+01      0.000000000000000e+00
    5.984123653659510e+01      0.000000000000000e+00
    6.012516246759063e+01      0.000000000000000e+00
    6.040908839858615e+01      0.000000000000000e+00
    6.069301432958168e+01      0.000000000000000e+00
    6.097694026057720e+01      5.969568359939682e-02
    6.126086619157272e+01      0.000000000000000e+00
    6.154479212256825e+01      0.000000000000000e+00
    6.182871805356378e+01      0.000000000000000e+00
    6.211264398455930e+01      0.000000000000000e+00
    6.239656991555482e+01      0.000000000000000e+00
    6.268049584655034e+01      0.000000000000000e+00
    6.296442177754587e+01      0.000000000000000e+00
    6.324834770854139e+01      0.000000000000000e+00
    6.353227363953692e+01      0.000000000000000e+00
    6.381619957053244e+01      0.000000000000000e+00
    6.410012550152797e+01      0.000000000000000e+00
    6.438405143252349e+01      0.000000000000000e+00
    6.466797736351901e+01      0.000000000000000e+00
    6.495190329451454e+01      0.000000000000000e+00
    6.523582922551006e+01      1.193913671987936e-01
    6.551975515650558e+01      0.000000000000000e+00
    6.580368108750110e+01      0.000000000000000e+00
    6.608760701849663e+01      0.000000000000000e+00
    6.637153294949215e+01      0.000000000000000e+00
    6.665545888048769e+01      0.000000000000000e+00
    6.693938481148319e+01      0.000000000000000e+00
    6.722331074247873e+01      0.000000000000000e+00
    6.750723667347425e+01      0.000000000000000e+00
    6.779116260446978e+01      0.000000000000000e+00
    6.807508853546530e+01      0.000000000000000e+00
    6.835901446646082e+01      0.000000000000000e+00
    6.864294039745634e+01      0.000000000000000e+00
    6.892686632845187e+01      0.000000000000000e+00
    6.921079225944740e+01      0.000000000000000e+00
    6.949471819044291e+01      5.969568359939383e-02
    6.977864412143845e+01      0.000000000000000e+00
    7.006257005243397e+01      0.000000000000000e+00
    7.034649598342949e+01      0.000000000000000e+00
    7.063042191442501e+01      0.000000000000000e+00
    7.091434784542054e+01      0.000000000000000e+00
    7.119827377641606e+01      0.000000000000000e+00
    7.148219970741158e+01      0.000000000000000e+00
    7.176612563840710e+01      0.000000000000000e+00
    7.205005156940263e+01      0.000000000000000e+00
    7.233397750039816e+01      0.000000000000000e+00
    7.261790343139369e+01      0.000000000000000e+00
    7.290182936238921e+01      0.000000000000000e+00
    7.318575529338473e+01      0.000000000000000e+00
    7.346968122438025e+01      0.000000000000000e+00
    7.375360715537578e+01      1.193913671987936e-01
    7.403753308637130e+01      0.000000000000000e+00
    7.432145901736682e+01      0.000000000000000e+00
    7.460538494836234e+01      0.000000000000000e+00
    7.488931087935788e+01      0.000000000000000e+00
    7.517323681035339e+01      0.000000000000000e+00
    7.545716274134892e+01      0.000000000000000e+00
    7.574108867234445e+01      0.000000000000000e+00
    7.602501460333997e+01      0.000000000000000e+00
    7.630894053433549e+01      0.000000000000000e+00
    7.659286646533101e+01      0.000000000000000e+00
    7.687679239632654e+01      0.000000000000000e+00
    7.716071832732206e+01      0.000000000000000e+00
    7.744464425831760e+01      0.000000000000000e+00
    7.772857018931310e+01      0.000000000000000e+00
    7.801249612030864e+01      5.969568359939981e-02
    7.829642205130415e+01      0.000000000000000e+00
    7.858034798229968e+01      0.000000000000000e+00
    7.886427391329521e+01      0.000000000000000e+00
    7.914819984429073e+01      0.000000000000000e+00
    7.943212577528625e+01      0.000000000000000e+00
    7.971605170628177e+01      0.000000000000000e+00
    7.999997763727731e+01      0.000000000000000e+00
    8.028390356827282e+01      0.000000000000000e+00
    8.056782949926836e+01      0.000000000000000e+00
    8.085175543026386e+01      0.000000000000000e+00
    8.113568136125940e+01      0.000000000000000e+00
    8.141960729225492e+01      0.000000000000000e+00
    8.170353322325045e+01      0.000000000000000e+00
    8.198745915424597e+01      1.193913671987936e-01
    8.227138508524149e+01      0.000000000000000e+00
    8.255531101623701e+01      0.000000000000000e+00
    8.283923694723254e+01      0.000000000000000e+00
    8.312316287822807e+01      0.000000000000000e+00
    8.340708880922358e+01      0.000000000000000e+00
    8.369101474021912e+01      0.000000000000000e+00
    8.397494067121463e+01      0.000000000000000e+00
    8.425886660221016e+01      0.000000000000000e+00
    8.454279253320568e+01      0.000000000000000e+00
    8.482671846420121e+01      0.000000000000000e+00
    8.511064439519673e+01      0.000000000000000e+00
    8.539457032619225e+01      0.000000000000000e+00
    8.567849625718779e+01      0.000000000000000e+00
    8.596242218818330e+01      0.000000000000000e+00
    8.624634811917883e+01      5.969568359939981e-02
    8.653027405017434e+01      0.000000000000000e+00
    8.681419998116988e+01      0.000000000000000e+00
    8.709812591216540e+01      0.000000000000000e+00
    8.738205184316092e+01      0.000000000000000e+00
    8.766597777415645e+01      0.000000000000000e+00
    8.794990370515197e+01      0.000000000000000e+00
    8.823382963614749e+01      0.000000000000000e+00
    8.851775556714301e+01      0.000000000000000e+00
    8.880168149813855e+01      0.000000000000000e+00
    8.908560742913406e+01      0.000000000000000e+00
    8.936953336012959e+01      0.000000000000000e+00
    8.965345929112510e+01      0.000000000000000e+00
    8.993738522212064e+01      0.000000000000000e+00
    9.022131115311616e+01      0.000000000000000e+00
    9.050523708411168e+01      1.193913671987936e-01
    9.078916301510721e+01      0.000000000000000e+00
    9.107308894610273e+01      0.000000000000000e+00
    9.135701487709827e+01      0.000000000000000e+00
    9.164094080809377e+01      0.000000000000000e+00
    9.192486673908931e+01      0.000000000000000e+00
    9.220879267008482e+01      0.000000000000000e+00
    9.249271860108036e+01      0.000000000000000e+00
    9.277664453207588e+01      0.000000000000000e+00
    9.306057046307140e+01      0.000000000000000e+00
    9.334449639406692e+01      0.000000000000000e+00
    9.362842232506244e+01      0.000000000000000e+00
    9.391234825605798e+01      0.000000000000000e+00
    9.419627418705349e+01      0.000000000000000e+00
    9.448020011804903e+01      0.000000000000000e+00
    9.476412604904453e+01      0.000000000000000e+00
    9.504805198004007e+01      0.000000000000000e+00
    9.533197791103559e+01      0.000000000000000e+00
    9.561590384203112e+01      0.000000000000000e+00
    9.589982977302664e+01      0.000000000000000e+00
    9.618375570402216e+01      0.000000000000000e+00
    9.646768163501768e+01      0.000000000000000e+00
    9.675160756601321e+01      0.000000000000000e+00
    9.703553349700874e+01      0.000000000000000e+00
    9.731945942800425e+01      0.000000000000000e+00
    9.760338535899979e+01      0.000000000000000e+00
    9.788731128999530e+01      0.000000000000000e+00
    9.817123722099083e+01      0.000000000000000e+00
    9.845516315198635e+01      0.000000000000000e+00
    9.873908908298188e+01      0.000000000000000e+00
    9.902301501397740e+01      5.969568359939682e-02
    9.930694094497292e+01      0.000000000000000e+00
    9.959086687596846e+01      0.000000000000000e+00
    9.987479280696397e+01      0.000000000000000e+00
    1.001587187379595e+02      0.000000000000000e+00
    1.004426446689550e+02      0.000000000000000e+00
    1.007265705999505e+02      0.000000000000000e+00
    1.010104965309461e+02      0.000000000000000e+00
    1.012944224619416e+02      0.000000000000000e+00
    1.015783483929371e+02      0.000000000000000e+00
    1.018622743239326e+02      0.000000000000000e+00
    1.021462002549282e+02      0.000000000000000e+00
    1.024301261859237e+02      0.000000000000000e+00
    1.027140521169192e+02      0.000000000000000e+00
    1.029979780479147e+02      0.000000000000000e+00
    1.032819039789103e+02      0.000000000000000e+00
    1.035658299099058e+02      0.000000000000000e+00
    1.038497558409013e+02      0.000000000000000e+00
    1.041336817718968e+02      0.000000000000000e+00
    1.044176077028924e+02      0.000000000000000e+00
    1.047015336338879e+02      0.000000000000000e+00
    1.049854595648834e+02      0.000000000000000e+00
    1.052693854958789e+02      0.000000000000000e+00
    1.055533114268744e+02      0.000000000000000e+00
    1.058372373578700e+02      0.000000000000000e+00
    1.061211632888655e+02      0.000000000000000e+00
    1.064050892198610e+02      0.000000000000000e+00
    1.066890151508565e+02      0.000000000000000e+00
    1.069729410818521e+02      0.000000000000000e+00
    1.072568670128476e+02      0.000000000000000e+00
    1.075407929438431e+02      0.000000000000000e+00
    1.078247188748387e+02      0.000000000000000e+00
    1.081086448058342e+02      0.000000000000000e+00
    1.083925707368297e+02      0.000000000000000e+00
    1.086764966678252e+02      0.000000000000000e+00
    1.089604225988207e+02      0.000000000000000e+00
    1.092443485298162e+02      0.000000000000000e+00
    1.095282744608118e+02      0.000000000000000e+00
    1.098122003918073e+02      0.000000000000000e+00
    1.100961263228028e+02      0.000000000000000e+00
    1.103800522537984e+02      0.000000000000000e+00
    1.106639781847939e+02      0.000000000000000e+00
    1.109479041157894e+02      0.000000000000000e+00
    1.112318300467849e+02      0.000000000000000e+00
    1.115157559777805e+02      0.000000000000000e+00
    1.117996819087760e+02      5.969568359939383e-02
    1.120836078397715e+02      0.000000000000000e+00
    1.123675337707670e+02      0.000000000000000e+00
    1.126514597017625e+02      0.000000000000000e+00
    1.129353856327581e+02      0.000000000000000e+00
    1.132193115637536e+02      0.000000000000000e+00
    1.135032374947491e+02      0.000000000000000e+00
    1.137871634257446e+02      0.000000000000000e+00
    1.140710893567402e+02      0.000000000000000e+00
    1.143550152877357e+02      0.000000000000000e+00
    1.146389412187312e+02      0.000000000000000e+00
    1.149228671497267e+02      0.000000000000000e+00
    1.152067930807223e+02      0.000000000000000e+00
    1.154907190117178e+02      0.000000000000000e+00
    1.157746449427133e+02      1.193913671987877e-01
    1.160585708737088e+02      0.000000000000000e+00
    1.163424968047044e+02      0.000000000000000e+00
    1.166264227356999e+02      0.000000000000000e+00
    1.169103486666954e+02      0.000000000000000e+00
    1.171942745976909e+02      0.000000000000000e+00
    1.174782005286864e+02      0.000000000000000e+00
    1.177621264596820e+02      0.000000000000000e+00
    1.180460523906775e+02      0.000000000000000e+00
    1.183299783216730e+02      0.000000000000000e+00
    1.186139042526686e+02      0.000000000000000e+00
    1.188978301836641e+02      0.000000000000000e+00
    1.191817561146596e+02      0.000000000000000e+00
    1.194656820456551e+02      0.000000000000000e+00
    1.197496079766507e+02      0.000000000000000e+00
    1.200335339076462e+02      5.969568359939383e-02
    1.203174598386417e+02      0.000000000000000e+00
    1.206013857696372e+02      0.000000000000000e+00
    1.208853117006327e+02      0.000000000000000e+00
    1.211692376316283e+02      0.000000000000000e+00
    1.214531635626238e+02      0.000000000000000e+00
    1.217370894936193e+02      0.000000000000000e+00
    1.220210154246148e+02      0.000000000000000e+00
    1.223049413556104e+02      0.000000000000000e+00
    1.225888672866059e+02      0.000000000000000e+00
    1.228727932176014e+02      0.000000000000000e+00
    1.231567191485969e+02      0.000000000000000e+00
    1.234406450795925e+02      0.000000000000000e+00
    1.237245710105880e+02      0.000000000000000e+00
    1.240084969415835e+02      0.000000000000000e+00
    1.242924228725790e+02      1.790870507981994e-01
    1.245763488035745e+02      0.000000000000000e+00
    1.248602747345701e+02      0.000000000000000e+00
    1.251442006655656e+02      0.000000000000000e+00
    1.254281265965611e+02      0.000000000000000e+00
    1.257120525275566e+02      0.000000000000000e+00
    1.259959784585522e+02      0.000000000000000e+00
    1.262799043895477e+02      0.000000000000000e+00
    1.265638303205432e+02      0.000000000000000e+00
    1.268477562515388e+02      0.000000000000000e+00
    1.271316821825343e+02      0.000000000000000e+00
    1.274156081135298e+02      0.000000000000000e+00
    1.276995340445253e+02      0.000000000000000e+00
    1.279834599755208e+02      0.000000000000000e+00
    1.282673859065164e+02      0.000000000000000e+00
    1.285513118375119e+02      5.969568359939981e-02
    1.288352377685074e+02      0.000000000000000e+00
    1.291191636995029e+02      0.000000000000000e+00
    1.294030896304984e+02      0.000000000000000e+00
    1.296870155614940e+02      0.000000000000000e+00
    1.299709414924895e+02      0.000000000000000e+00
    1.302548674234850e+02      0.000000000000000e+00
    1.305387933544806e+02      0.000000000000000e+00
    1.308227192854761e+02      0.000000000000000e+00
    1.311066452164716e+02      0.000000000000000e+00
    1.313905711474671e+02      0.000000000000000e+00
    1.316744970784627e+02      0.000000000000000e+00
    1.319584230094582e+02      0.000000000000000e+00
    1.322423489404537e+02      0.000000000000000e+00
    1.325262748714492e+02      0.000000000000000e+00
    1.328102008024447e+02      1.193913671987877e-01
    1.330941267334403e+02      0.000000000000000e+00
    1.333780526644358e+02      0.000000000000000e+00
    1.336619785954313e+02      0.000000000000000e+00
    1.339459045264268e+02      0.000000000000000e+00
    1.342298304574224e+02      0.000000000000000e+00
    1.345137563884179e+02      0.000000000000000e+00
    1.347976823194134e+02      0.000000000000000e+00
    1.350816082504089e+02      0.000000000000000e+00
    1.353655341814045e+02      0.000000000000000e+00
    1.356494601124000e+02      0.000000000000000e+00
    1.359333860433955e+02      0.000000000000000e+00
    1.362173119743910e+02      0.000000000000000e+00
    1.365012379053865e+02      0.000000000000000e+00
    1.367851638363821e+02      0.000000000000000e+00
    1.370690897673776e+02      5.969568359939383e-02
    1.373530156983731e+02      0.000000000000000e+00
    1.376369416293686e+02      0.000000000000000e+00
    1.379208675603642e+02      0.000000000000000e+00
    1.382047934913597e+02      0.000000000000000e+00
    1.384887194223552e+02      0.000000000000000e+00
    1.387726453533508e+02      0.000000000000000e+00
    1.390565712843463e+02      0.000000000000000e+00
    1.393404972153418e+02      0.000000000000000e+00
    1.396244231463373e+02      0.000000000000000e+00
    1.399083490773328e+02      0.000000000000000e+00
    1.401922750083284e+02      0.000000000000000e+00
    1.404762009393239e+02      0.000000000000000e+00
    1.407601268703194e+02      0.000000000000000e+00
    1.410440528013149e+02      0.000000000000000e+00
    1.413279787323105e+02      5.969568359939981e-02
    1.416119046633060e+02      0.000000000000000e+00
    1.418958305943015e+02      0.000000000000000e+00
    1.421797565252970e+02      0.000000000000000e+00
    1.424636824562926e+02      0.000000000000000e+00
    1.427476083872881e+02      0.000000000000000e+00
    1.430315343182836e+02      0.000000000000000e+00
    1.433154602492791e+02      5.969568359939383e-02
    1.435993861802746e+02      0.000000000000000e+00
    1.438833121112702e+02      0.000000000000000e+00
    1.441672380422657e+02      0.000000000000000e+00
    1.444511639732612e+02      0.000000000000000e+00
    1.447350899042567e+02      0.000000000000000e+00
    1.450190158352523e+02      0.000000000000000e+00
    1.453029417662478e+02      0.000000000000000e+00
    1.455868676972433e+02      1.193913671987996e-01
    1.458707936282388e+02      0.000000000000000e+00
    1.461547195592344e+02      0.000000000000000e+00
    1.464386454902299e+02      0.000000000000000e+00
    1.467225714212254e+02      0.000000000000000e+00
    1.470064973522209e+02      0.000000000000000e+00
    1.472904232832165e+02      0.000000000000000e+00
    1.475743492142120e+02      5.969568359939981e-02
    1.478582751452075e+02      0.000000000000000e+00
    1.481422010762030e+02      0.000000000000000e+00
    1.484261270071985e+02      0.000000000000000e+00
    1.487100529381941e+02      0.000000000000000e+00
    1.489939788691896e+02      0.000000000000000e+00
    1.492779048001851e+02      0.000000000000000e+00
    1.495618307311807e+02      0.000000000000000e+00
    1.498457566621762e+02      1.193913671987877e-01
    1.501296825931717e+02      0.000000000000000e+00
    1.504136085241672e+02      0.000000000000000e+00
    1.506975344551628e+02      0.000000000000000e+00
    1.509814603861583e+02      0.000000000000000e+00
    1.512653863171538e+02      0.000000000000000e+00
    1.515493122481493e+02      0.000000000000000e+00
    1.518332381791448e+02      0.000000000000000e+00
    1.521171641101404e+02      0.000000000000000e+00
    1.524010900411359e+02      0.000000000000000e+00
    1.526850159721314e+02      0.000000000000000e+00
    1.529689419031269e+02      0.000000000000000e+00
    1.532528678341225e+02      0.000000000000000e+00
    1.535367937651180e+02      0.000000000000000e+00
    1.538207196961135e+02      5.969568359939981e-02
    1.541046456271090e+02      0.000000000000000e+00
    1.543885715581046e+02      0.000000000000000e+00
    1.546724974891001e+02      0.000000000000000e+00
    1.549564234200956e+02      0.000000000000000e+00
    1.552403493510911e+02      0.000000000000000e+00
    1.555242752820866e+02      0.000000000000000e+00
    1.558082012130822e+02      0.000000000000000e+00
    1.560921271440777e+02      0.000000000000000e+00
    1.563760530750732e+02      0.000000000000000e+00
    1.566599790060687e+02      0.000000000000000e+00
    1.569439049370643e+02      0.000000000000000e+00
    1.572278308680598e+02      0.000000000000000e+00
    1.575117567990553e+02      0.000000000000000e+00
    1.577956827300509e+02      0.000000000000000e+00
    1.580796086610464e+02      1.790870507981815e-01
    1.583635345920419e+02      0.000000000000000e+00
    1.586474605230374e+02      0.000000000000000e+00
    1.589313864540329e+02      0.000000000000000e+00
    1.592153123850285e+02      0.000000000000000e+00
    1.594992383160240e+02      0.000000000000000e+00
    1.597831642470195e+02      0.000000000000000e+00
    1.600670901780150e+02      0.000000000000000e+00
    1.603510161090106e+02      0.000000000000000e+00
    1.606349420400061e+02      0.000000000000000e+00
    1.609188679710016e+02      0.000000000000000e+00
    1.612027939019971e+02      0.000000000000000e+00
    1.614867198329927e+02      0.000000000000000e+00
    1.617706457639882e+02      0.000000000000000e+00
    1.620545716949837e+02      0.000000000000000e+00
    1.623384976259792e+02      5.969568359939383e-02
    1.626224235569748e+02      0.000000000000000e+00
    1.629063494879703e+02      0.000000000000000e+00
    1.631902754189658e+02      0.000000000000000e+00
    1.634742013499613e+02      0.000000000000000e+00
    1.637581272809568e+02      0.000000000000000e+00
    1.640420532119524e+02      0.000000000000000e+00
    1.643259791429479e+02      0.000000000000000e+00
    1.646099050739434e+02      0.000000000000000e+00
    1.648938310049389e+02      0.000000000000000e+00
    1.651777569359345e+02      0.000000000000000e+00
    1.654616828669300e+02      0.000000000000000e+00
    1.657456087979255e+02      0.000000000000000e+00
    1.660295347289210e+02      0.000000000000000e+00
    1.663134606599166e+02      0.000000000000000e+00
    1.665973865909121e+02      1.193913671987996e-01
    1.668813125219076e+02      0.000000000000000e+00
    1.671652384529031e+02      0.000000000000000e+00
    1.674491643838986e+02      0.000000000000000e+00
    1.677330903148942e+02      0.000000000000000e+00
    1.680170162458897e+02      0.000000000000000e+00
    1.683009421768852e+02      0.000000000000000e+00
    1.685848681078807e+02      0.000000000000000e+00
    1.688687940388763e+02      0.000000000000000e+00
    1.691527199698718e+02      0.000000000000000e+00
    1.694366459008673e+02      0.000000000000000e+00
    1.697205718318629e+02      0.000000000000000e+00
    1.700044977628584e+02      0.000000000000000e+00
    1.702884236938539e+02      0.000000000000000e+00
    1.705723496248494e+02      0.000000000000000e+00
    1.708562755558449e+02      5.969568359939981e-02
    1.711402014868405e+02      0.000000000000000e+00
    1.714241274178360e+02      0.000000000000000e+00
    1.717080533488315e+02      0.000000000000000e+00
    1.719919792798270e+02      0.000000000000000e+00
    1.722759052108225e+02      0.000000000000000e+00
    1.725598311418181e+02      0.000000000000000e+00
    1.728437570728136e+02      0.000000000000000e+00
    1.731276830038091e+02      0.000000000000000e+00
    1.734116089348047e+02      0.000000000000000e+00
    1.736955348658002e+02      0.000000000000000e+00
    1.739794607967957e+02      0.000000000000000e+00
    1.742633867277912e+02      0.000000000000000e+00
    1.745473126587868e+02      0.000000000000000e+00
    1.748312385897823e+02      0.000000000000000e+00
    1.751151645207778e+02      0.000000000000000e+00
    1.753990904517733e+02      0.000000000000000e+00
    1.756830163827688e+02      0.000000000000000e+00
    1.759669423137644e+02      0.000000000000000e+00
    1.762508682447599e+02      0.000000000000000e+00
    1.765347941757554e+02      0.000000000000000e+00
    1.768187201067509e+02      0.000000000000000e+00
    1.771026460377465e+02      0.000000000000000e+00
    1.773865719687420e+02      0.000000000000000e+00
    1.776704978997375e+02      0.000000000000000e+00
    1.779544238307330e+02      0.000000000000000e+00
    1.782383497617286e+02      0.000000000000000e+00
    1.785222756927241e+02      0.000000000000000e+00
    1.788062016237196e+02      0.000000000000000e+00
    1.790901275547151e+02      0.000000000000000e+00
    1.793740534857106e+02      0.000000000000000e+00
    1.796579794167062e+02      0.000000000000000e+00
    1.799419053477017e+02      0.000000000000000e+00
    1.802258312786972e+02      0.000000000000000e+00
    1.805097572096927e+02      0.000000000000000e+00
    1.807936831406883e+02      0.000000000000000e+00
    1.810776090716838e+02      0.000000000000000e+00
    1.813615350026793e+02      0.000000000000000e+00
    1.816454609336749e+02      0.000000000000000e+00
    1.819293868646704e+02      0.000000000000000e+00
    1.822133127956659e+02      0.000000000000000e+00
    1.824972387266614e+02      0.000000000000000e+00
    1.827811646576569e+02      0.000000000000000e+00
    1.830650905886525e+02      0.000000000000000e+00
    1.833490165196480e+02      0.000000000000000e+00
    1.836329424506435e+02      0.000000000000000e+00
    1.839168683816390e+02      0.000000000000000e+00
    1.842007943126346e+02      0.000000000000000e+00
    1.844847202436301e+02      0.000000000000000e+00
    1.847686461746256e+02      0.000000000000000e+00
    1.850525721056211e+02      0.000000000000000e+00
    1.853364980366167e+02      0.000000000000000e+00
    1.856204239676122e+02      0.000000000000000e+00
    1.859043498986077e+02      0.000000000000000e+00
    1.861882758296032e+02      0.000000000000000e+00
    1.864722017605988e+02      0.000000000000000e+00
    1.867561276915943e+02      0.000000000000000e+00
    1.870400536225898e+02      0.000000000000000e+00
    1.873239795535853e+02      0.000000000000000e+00
    1.876079054845808e+02      0.000000000000000e+00
    1.878918314155764e+02      0.000000000000000e+00
    1.881757573465719e+02      0.000000000000000e+00
    1.884596832775674e+02      0.000000000000000e+00
    1.887436092085629e+02      0.000000000000000e+00
    1.890275351395585e+02      0.000000000000000e+00
    1.893114610705540e+02      0.000000000000000e+00
    1.895953870015495e+02      0.000000000000000e+00
    1.898793129325450e+02      0.000000000000000e+00
    1.901632388635406e+02      0.000000000000000e+00
    1.904471647945361e+02      0.000000000000000e+00
    1.907310907255316e+02      0.000000000000000e+00
    1.910150166565271e+02      0.000000000000000e+00
    1.912989425875226e+02      0.000000000000000e+00
    1.915828685185182e+02      0.000000000000000e+00
    1.918667944495137e+02      0.000000000000000e+00
    1.921507203805092e+02      0.000000000000000e+00
    1.924346463115048e+02      0.000000000000000e+00
    1.927185722425003e+02      0.000000000000000e+00
    1.930024981734958e+02      0.000000000000000e+00
    1.932864241044913e+02      0.000000000000000e+00
    1.935703500354869e+02      0.000000000000000e+00
    1.938542759664824e+02      0.000000000000000e+00
    1.941382018974779e+02      0.000000000000000e+00
    1.944221278284734e+02      0.000000000000000e+00
    1.947060537594689e+02      0.000000000000000e+00
    1.949899796904645e+02      0.000000000000000e+00
    1.952739056214600e+02      0.000000000000000e+00
    1.955578315524555e+02      0.000000000000000e+00
    1.958417574834510e+02      0.000000000000000e+00
    1.961256834144466e+02      0.000000000000000e+00
    1.964096093454421e+02      0.000000000000000e+00
    1.966935352764376e+02      0.000000000000000e+00
    1.969774612074331e+02      5.969568359939383e-02
    1.972613871384287e+02      0.000000000000000e+00
    1.975453130694242e+02      0.000000000000000e+00
    1.978292390004197e+02      0.000000000000000e+00
    1.981131649314152e+02      0.000000000000000e+00
    1.983970908624107e+02      0.000000000000000e+00
    1.986810167934063e+02      0.000000000000000e+00
    1.989649427244018e+02      0.000000000000000e+00
    1.992488686553973e+02      0.000000000000000e+00
    1.995327945863928e+02      0.000000000000000e+00
    1.998167205173884e+02      0.000000000000000e+00
    2.001006464483839e+02      0.000000000000000e+00
    2.003845723793794e+02      0.000000000000000e+00
    2.006684983103749e+02      0.000000000000000e+00
    2.009524242413705e+02      0.000000000000000e+00
    2.012363501723660e+02      0.000000000000000e+00
    2.015202761033615e+02      0.000000000000000e+00
    2.018042020343570e+02      0.000000000000000e+00
    2.020881279653526e+02      0.000000000000000e+00
    2.023720538963481e+02      0.000000000000000e+00
    2.026559798273436e+02      0.000000000000000e+00
    2.029399057583391e+02      0.000000000000000e+00
    2.032238316893346e+02      0.000000000000000e+00
    2.035077576203302e+02      0.000000000000000e+00
    2.037916835513257e+02      0.000000000000000e+00
    2.040756094823212e+02      0.000000000000000e+00
    2.043595354133168e+02      0.000000000000000e+00
    2.046434613443123e+02      0.000000000000000e+00
    2.049273872753078e+02      0.000000000000000e+00
    2.052113132063033e+02      0.000000000000000e+00
    2.054952391372989e+02      0.000000000000000e+00
    2.057791650682944e+02      0.000000000000000e+00
    2.060630909992899e+02      0.000000000000000e+00
    2.063470169302854e+02      0.000000000000000e+00
    2.066309428612809e+02      0.000000000000000e+00
    2.069148687922765e+02      0.000000000000000e+00
    2.071987947232720e+02      0.000000000000000e+00
    2.074827206542675e+02      0.000000000000000e+00
    2.077666465852630e+02      0.000000000000000e+00
    2.080505725162586e+02      0.000000000000000e+00
    2.083344984472541e+02      0.000000000000000e+00
    2.086184243782496e+02      0.000000000000000e+00
    2.089023503092451e+02      0.000000000000000e+00
    2.091862762402407e+02      0.000000000000000e+00
    2.094702021712362e+02      0.000000000000000e+00
    2.097541281022317e+02      0.000000000000000e+00
    2.100380540332272e+02      0.000000000000000e+00
    2.103219799642227e+02      0.000000000000000e+00
    2.106059058952183e+02      0.000000000000000e+00
    2.108898318262138e+02      0.000000000000000e+00
    2.111737577572093e+02      0.000000000000000e+00
    2.114576836882048e+02      0.000000000000000e+00
    2.117416096192004e+02      0.000000000000000e+00
    2.120255355501959e+02      0.000000000000000e+00
    2.123094614811914e+02      0.000000000000000e+00
    2.125933874121870e+02      0.000000000000000e+00
    2.128773133431825e+02      0.000000000000000e+00
    2.131612392741780e+02      0.000000000000000e+00
    2.134451652051735e+02      0.000000000000000e+00
    2.137290911361690e+02      0.000000000000000e+00
    2.140130170671646e+02      0.000000000000000e+00
    2.142969429981601e+02      0.000000000000000e+00
    2.145808689291556e+02      0.000000000000000e+00
    2.148647948601511e+02      0.000000000000000e+00
    2.151487207911467e+02      0.000000000000000e+00
    2.154326467221422e+02      0.000000000000000e+00
    2.157165726531377e+02      0.000000000000000e+00
    2.160004985841332e+02      0.000000000000000e+00
    2.162844245151288e+02      0.000000000000000e+00
    2.165683504461243e+02      0.000000000000000e+00
    2.168522763771198e+02      0.000000000000000e+00
    2.171362023081153e+02      0.000000000000000e+00
    2.174201282391109e+02      0.000000000000000e+00
    2.177040541701064e+02      0.000000000000000e+00
    2.179879801011019e+02      0.000000000000000e+00
    2.182719060320974e+02      0.000000000000000e+00
    2.185558319630929e+02      0.000000000000000e+00
    2.188397578940885e+02      1.193913671987996e-01
    2.191236838250840e+02      0.000000000000000e+00
    2.194076097560795e+02      0.000000000000000e+00
    2.196915356870750e+02      0.000000000000000e+00
    2.199754616180706e+02      0.000000000000000e+00
    2.202593875490661e+02      0.000000000000000e+00
    2.205433134800616e+02      0.000000000000000e+00
    2.208272394110571e+02      0.000000000000000e+00
    2.211111653420527e+02      0.000000000000000e+00
    2.213950912730482e+02      0.000000000000000e+00
    2.216790172040437e+02      0.000000000000000e+00
    2.219629431350392e+02      0.000000000000000e+00
    2.222468690660347e+02      0.000000000000000e+00
    2.225307949970303e+02      0.000000000000000e+00
    2.228147209280258e+02      0.000000000000000e+00
    2.230986468590213e+02      0.000000000000000e+00
    2.233825727900169e+02      0.000000000000000e+00
    2.236664987210124e+02      0.000000000000000e+00
    2.239504246520079e+02      0.000000000000000e+00
    2.242343505830034e+02      0.000000000000000e+00
    2.245182765139990e+02      0.000000000000000e+00
    2.248022024449945e+02      0.000000000000000e+00
    2.250861283759900e+02      0.000000000000000e+00
    2.253700543069855e+02      0.000000000000000e+00
    2.256539802379810e+02      0.000000000000000e+00
    2.259379061689766e+02      0.000000000000000e+00
    2.262218320999721e+02      0.000000000000000e+00
    2.265057580309676e+02      0.000000000000000e+00
    2.267896839619631e+02      0.000000000000000e+00
    2.270736098929587e+02      0.000000000000000e+00
    2.273575358239542e+02      0.000000000000000e+00
    2.276414617549497e+02      0.000000000000000e+00
    2.279253876859452e+02      0.000000000000000e+00
    2.282093136169408e+02      0.000000000000000e+00
    2.284932395479363e+02      0.000000000000000e+00
    2.287771654789318e+02      0.000000000000000e+00
    2.290610914099273e+02      0.000000000000000e+00
    2.293450173409229e+02      0.000000000000000e+00
    2.296289432719184e+02      0.000000000000000e+00
    2.299128692029139e+02      0.000000000000000e+00
    2.301967951339094e+02      0.000000000000000e+00
    2.304807210649049e+02      0.000000000000000e+00
    2.307646469959005e+02      0.000000000000000e+00
    2.310485729268960e+02      0.000000000000000e+00
    2.313324988578915e+02      0.000000000000000e+00
    2.316164247888871e+02      0.000000000000000e+00
    2.319003507198826e+02      0.000000000000000e+00
    2.321842766508781e+02      0.000000000000000e+00
    2.324682025818736e+02      0.000000000000000e+00
    2.327521285128691e+02      0.000000000000000e+00
    2.330360544438647e+02      0.000000000000000e+00
    2.333199803748602e+02      0.000000000000000e+00
    2.336039063058557e+02      0.000000000000000e+00
    2.338878322368512e+02      0.000000000000000e+00
    2.341717581678467e+02      0.000000000000000e+00
    2.344556840988423e+02      0.000000000000000e+00
    2.347396100298378e+02      0.000000000000000e+00
    2.350235359608333e+02      0.000000000000000e+00
    2.353074618918289e+02      0.000000000000000e+00
    2.355913878228244e+02      0.000000000000000e+00
    2.358753137538199e+02      0.000000000000000e+00
    2.361592396848154e+02      0.000000000000000e+00
    2.364431656158110e+02      0.000000000000000e+00
    2.367270915468065e+02      0.000000000000000e+00
    2.370110174778020e+02      0.000000000000000e+00
    2.372949434087975e+02      0.000000000000000e+00
    2.375788693397930e+02      0.000000000000000e+00
    2.378627952707886e+02      0.000000000000000e+00
    2.381467212017841e+02      0.000000000000000e+00
    2.384306471327796e+02      0.000000000000000e+00
    2.387145730637751e+02      0.000000000000000e+00
    2.389984989947707e+02      0.000000000000000e+00
    2.392824249257662e+02      0.000000000000000e+00
    2.395663508567617e+02      0.000000000000000e+00
    2.398502767877572e+02      0.000000000000000e+00
    2.401342027187528e+02      0.000000000000000e+00
    2.404181286497483e+02      0.000000000000000e+00
    2.407020545807438e+02      5.969568359939383e-02
    2.409859805117393e+02      0.000000000000000e+00
    2.412699064427349e+02      0.000000000000000e+00
    2.415538323737304e+02      0.000000000000000e+00
    2.418377583047259e+02      0.000000000000000e+00
    2.421216842357214e+02      0.000000000000000e+00
    2.424056101667169e+02      0.000000000000000e+00
    2.426895360977125e+02      0.000000000000000e+00
    2.429734620287080e+02      0.000000000000000e+00
    2.432573879597035e+02      0.000000000000000e+00
    2.435413138906991e+02      0.000000000000000e+00
    2.438252398216946e+02      0.000000000000000e+00
    2.441091657526901e+02      0.000000000000000e+00
    2.443930916836856e+02      0.000000000000000e+00
    2.446770176146811e+02      0.000000000000000e+00
    2.449609435456767e+02      0.000000000000000e+00
    2.452448694766722e+02      0.000000000000000e+00
    2.455287954076677e+02      0.000000000000000e+00
    2.458127213386632e+02      0.000000000000000e+00
    2.460966472696588e+02      0.000000000000000e+00
    2.463805732006543e+02      0.000000000000000e+00
    2.466644991316498e+02      0.000000000000000e+00
    2.469484250626453e+02      0.000000000000000e+00
    2.472323509936409e+02      0.000000000000000e+00
    2.475162769246364e+02      0.000000000000000e+00
    2.478002028556319e+02      0.000000000000000e+00
    2.480841287866274e+02      0.000000000000000e+00
    2.483680547176230e+02      0.000000000000000e+00
    2.486519806486185e+02      0.000000000000000e+00
    2.489359065796140e+02      0.000000000000000e+00
    2.492198325106095e+02      0.000000000000000e+00
    2.495037584416050e+02      0.000000000000000e+00
    2.497876843726006e+02      0.000000000000000e+00
    2.500716103035961e+02      0.000000000000000e+00
    2.503555362345916e+02      0.000000000000000e+00
    2.506394621655871e+02      0.000000000000000e+00
    2.509233880965827e+02      0.000000000000000e+00
    2.512073140275782e+02      0.000000000000000e+00
    2.514912399585737e+02      0.000000000000000e+00
    2.517751658895693e+02      0.000000000000000e+00
    2.520590918205648e+02      0.000000000000000e+00
    2.523430177515603e+02      0.000000000000000e+00
    2.526269436825558e+02      0.000000000000000e+00
    2.529108696135513e+02      0.000000000000000e+00
    2.531947955445468e+02      0.000000000000000e+00
    2.534787214755424e+02      0.000000000000000e+00
    2.537626474065379e+02      0.000000000000000e+00
    2.540465733375334e+02      0.000000000000000e+00
    2.543304992685290e+02      0.000000000000000e+00
    2.546144251995245e+02      0.000000000000000e+00
    2.548983511305200e+02      0.000000000000000e+00
    2.551822770615155e+02      0.000000000000000e+00
    2.554662029925111e+02      0.000000000000000e+00
    2.557501289235066e+02      0.000000000000000e+00
    2.560340548545021e+02      0.000000000000000e+00
    2.563179807854976e+02      0.000000000000000e+00
    2.566019067164931e+02      0.000000000000000e+00
    2.568858326474887e+02      0.000000000000000e+00
    2.571697585784842e+02      0.000000000000000e+00
    2.574536845094797e+02      0.000000000000000e+00
    2.577376104404752e+02      0.000000000000000e+00
    2.580215363714708e+02      0.000000000000000e+00
    2.583054623024663e+02      0.000000000000000e+00
    2.585893882334618e+02      0.000000000000000e+00
    2.588733141644573e+02      0.000000000000000e+00
    2.591572400954529e+02      0.000000000000000e+00
    2.594411660264484e+02      0.000000000000000e+00
    2.597250919574439e+02      0.000000000000000e+00
    2.600090178884395e+02      0.000000000000000e+00
    2.602929438194350e+02      0.000000000000000e+00
    2.605768697504305e+02      0.000000000000000e+00
    2.608607956814260e+02      0.000000000000000e+00
    2.611447216124216e+02      0.000000000000000e+00
    2.614286475434171e+02      0.000000000000000e+00
    2.617125734744126e+02      0.000000000000000e+00
    2.619964994054081e+02      0.000000000000000e+00
    2.622804253364037e+02      0.000000000000000e+00
    2.625643512673992e+02      3.581741015963988e-01
    2.628482771983947e+02      0.000000000000000e+00
    2.631322031293902e+02      0.000000000000000e+00
    2.634161290603857e+02      0.000000000000000e+00
    2.637000549913813e+02      0.000000000000000e+00
    2.639839809223768e+02      0.000000000000000e+00
    2.642679068533723e+02      0.000000000000000e+00
    2.645518327843678e+02      0.000000000000000e+00
    2.648357587153633e+02      0.000000000000000e+00
    2.651196846463589e+02      0.000000000000000e+00
    2.654036105773544e+02      0.000000000000000e+00
    2.656875365083499e+02      0.000000000000000e+00
    2.659714624393454e+02      0.000000000000000e+00
    2.662553883703410e+02      0.000000000000000e+00
    2.665393143013365e+02      0.000000000000000e+00
    2.668232402323320e+02      0.000000000000000e+00
    2.671071661633275e+02      0.000000000000000e+00
    2.673910920943231e+02      0.000000000000000e+00
    2.676750180253186e+02      0.000000000000000e+00
    2.679589439563141e+02      0.000000000000000e+00
    2.682428698873097e+02      0.000000000000000e+00
    2.685267958183052e+02      0.000000000000000e+00
    2.688107217493007e+02      0.000000000000000e+00
    2.690946476802962e+02      0.000000000000000e+00
    2.693785736112918e+02      0.000000000000000e+00
    2.696624995422873e+02      0.000000000000000e+00
    2.699464254732828e+02      0.000000000000000e+00
    2.702303514042783e+02      0.000000000000000e+00
    2.705142773352738e+02      0.000000000000000e+00
    2.707982032662694e+02      0.000000000000000e+00
    2.710821291972649e+02      0.000000000000000e+00
    2.713660551282604e+02      0.000000000000000e+00
    2.716499810592559e+02      0.000000000000000e+00
    2.719339069902514e+02      0.000000000000000e+00
    2.722178329212470e+02      0.000000000000000e+00
    2.725017588522425e+02      0.000000000000000e+00
    2.727856847832380e+02      0.000000000000000e+00
    2.730696107142335e+02      0.000000000000000e+00
    2.733535366452290e+02      0.000000000000000e+00
    2.736374625762246e+02      0.000000000000000e+00
    2.739213885072201e+02      0.000000000000000e+00
    2.742053144382156e+02      0.000000000000000e+00
    2.744892403692112e+02      0.000000000000000e+00
    2.747731663002067e+02      0.000000000000000e+00
    2.750570922312022e+02      0.000000000000000e+00
    2.753410181621977e+02      0.000000000000000e+00
    2.756249440931933e+02      0.000000000000000e+00
    2.759088700241888e+02      0.000000000000000e+00
    2.761927959551843e+02      0.000000000000000e+00
    2.764767218861799e+02      0.000000000000000e+00
    2.767606478171754e+02      0.000000000000000e+00
    2.770445737481709e+02      0.000000000000000e+00
    2.773284996791664e+02      0.000000000000000e+00
    2.776124256101619e+02      0.000000000000000e+00
    2.778963515411575e+02      0.000000000000000e+00
    2.781802774721530e+02      0.000000000000000e+00
    2.784642034031485e+02      0.000000000000000e+00
    2.787481293341440e+02      0.000000000000000e+00
    2.790320552651395e+02      0.000000000000000e+00
    2.793159811961351e+02      0.000000000000000e+00
    2.795999071271306e+02      0.000000000000000e+00
    2.798838330581261e+02      0.000000000000000e+00
    2.801677589891216e+02      0.000000000000000e+00
    2.804516849201171e+02      0.000000000000000e+00
    2.807356108511127e+02      0.000000000000000e+00
    2.810195367821082e+02      0.000000000000000e+00
    2.813034627131037e+02      0.000000000000000e+00
    2.815873886440992e+02      0.000000000000000e+00
    2.818713145750948e+02      0.000000000000000e+00
    2.821552405060903e+02      0.000000000000000e+00
    2.824391664370858e+02      0.000000000000000e+00
    2.827230923680814e+02      0.000000000000000e+00
    2.830070182990769e+02      0.000000000000000e+00
    2.832909442300724e+02      0.000000000000000e+00
    2.835748701610679e+02      0.000000000000000e+00
    2.838587960920635e+02      0.000000000000000e+00
    2.841427220230590e+02      0.000000000000000e+00
    2.844266479540545e+02      5.969568359938785e-02
    2.847105738850501e+02      0.000000000000000e+00
    2.849944998160456e+02      0.000000000000000e+00
    2.852784257470411e+02      0.000000000000000e+00
    2.855623516780366e+02      0.000000000000000e+00
    2.858462776090321e+02      0.000000000000000e+00
    2.861302035400277e+02      0.000000000000000e+00
    2.864141294710232e+02      0.000000000000000e+00
    2.866980554020187e+02      0.000000000000000e+00
    2.869819813330142e+02      0.000000000000000e+00
    2.872659072640097e+02      0.000000000000000e+00
    2.875498331950052e+02      0.000000000000000e+00
    2.878337591260008e+02      0.000000000000000e+00
    2.881176850569963e+02      0.000000000000000e+00
    2.884016109879918e+02      0.000000000000000e+00
    2.886855369189873e+02      0.000000000000000e+00
    2.889694628499829e+02      0.000000000000000e+00
    2.892533887809784e+02      0.000000000000000e+00
    2.895373147119739e+02      0.000000000000000e+00
    2.898212406429694e+02      0.000000000000000e+00
    2.901051665739650e+02      0.000000000000000e+00
    2.903890925049605e+02      0.000000000000000e+00
    2.906730184359560e+02      0.000000000000000e+00
    2.909569443669516e+02      0.000000000000000e+00
    2.912408702979471e+02      0.000000000000000e+00
    2.915247962289426e+02      0.000000000000000e+00
    2.918087221599381e+02      0.000000000000000e+00
    2.920926480909337e+02      0.000000000000000e+00
    2.923765740219292e+02      0.000000000000000e+00
    2.926604999529247e+02      0.000000000000000e+00
    2.929444258839202e+02      0.000000000000000e+00
    2.932283518149158e+02      0.000000000000000e+00
    2.935122777459113e+02      0.000000000000000e+00
    2.937962036769068e+02      0.000000000000000e+00
    2.940801296079023e+02      0.000000000000000e+00
    2.943640555388978e+02      0.000000000000000e+00
    2.946479814698934e+02      0.000000000000000e+00
    2.949319074008889e+02      0.000000000000000e+00
    2.952158333318844e+02      0.000000000000000e+00
    2.954997592628799e+02      0.000000000000000e+00
    2.957836851938754e+02      0.000000000000000e+00
    2.960676111248710e+02      0.000000000000000e+00
    2.963515370558665e+02      0.000000000000000e+00
    2.966354629868620e+02      0.000000000000000e+00
    2.969193889178575e+02      0.000000000000000e+00
    2.972033148488531e+02      0.000000000000000e+00
    2.974872407798486e+02      0.000000000000000e+00
    2.977711667108441e+02      0.000000000000000e+00
    2.980550926418396e+02      0.000000000000000e+00
    2.983390185728352e+02      0.000000000000000e+00
    2.986229445038307e+02      0.000000000000000e+00
    2.989068704348262e+02      0.000000000000000e+00
    2.991907963658218e+02      0.000000000000000e+00
    2.994747222968173e+02      0.000000000000000e+00
    2.997586482278128e+02      0.000000000000000e+00
    3.000425741588083e+02      0.000000000000000e+00
    3.003265000898038e+02      0.000000000000000e+00
    3.006104260207994e+02      0.000000000000000e+00
    3.008943519517949e+02      0.000000000000000e+00
    3.011782778827904e+02      0.000000000000000e+00
    3.014622038137859e+02      0.000000000000000e+00
    3.017461297447815e+02      0.000000000000000e+00
    3.020300556757770e+02      0.000000000000000e+00
    3.023139816067725e+02      0.000000000000000e+00
    3.025979075377680e+02      0.000000000000000e+00
    3.028818334687635e+02      0.000000000000000e+00
    3.031657593997591e+02      0.000000000000000e+00
    3.034496853307546e+02      0.000000000000000e+00
    3.037336112617501e+02      0.000000000000000e+00
    3.040175371927456e+02      0.000000000000000e+00
    3.043014631237411e+02      0.000000000000000e+00
    3.045853890547367e+02      0.000000000000000e+00
    3.048693149857322e+02      0.000000000000000e+00
    3.051532409167277e+02      0.000000000000000e+00
    3.054371668477232e+02      0.000000000000000e+00
    3.057210927787188e+02      0.000000000000000e+00
    3.060050187097143e+02      0.000000000000000e+00
    3.062889446407098e+02      1.193913671987996e-01
    3.065728705717053e+02      0.000000000000000e+00
    3.068567965027009e+02      0.000000000000000e+00
    3.071407224336964e+02      0.000000000000000e+00
    3.074246483646919e+02      0.000000000000000e+00
    3.077085742956875e+02      0.000000000000000e+00
    3.079925002266830e+02      0.000000000000000e+00
    3.082764261576785e+02      0.000000000000000e+00
    3.085603520886740e+02      0.000000000000000e+00
    3.088442780196696e+02      0.000000000000000e+00
    3.091282039506651e+02      0.000000000000000e+00
    3.094121298816606e+02      0.000000000000000e+00
    3.096960558126561e+02      0.000000000000000e+00
    3.099799817436516e+02      0.000000000000000e+00
    3.102639076746472e+02      0.000000000000000e+00
    3.105478336056427e+02      0.000000000000000e+00
    3.108317595366382e+02      0.000000000000000e+00
    3.111156854676337e+02      0.000000000000000e+00
    3.113996113986292e+02      0.000000000000000e+00
    3.116835373296248e+02      0.000000000000000e+00
    3.119674632606203e+02      0.000000000000000e+00
    3.122513891916158e+02      0.000000000000000e+00
    3.125353151226113e+02      0.000000000000000e+00
    3.128192410536069e+02      0.000000000000000e+00
    3.131031669846024e+02      0.000000000000000e+00
    3.133870929155979e+02      0.000000000000000e+00
    3.136710188465934e+02      0.000000000000000e+00
    3.139549447775890e+02      0.000000000000000e+00
    3.142388707085845e+02      0.000000000000000e+00
    3.145227966395800e+02      0.000000000000000e+00
    3.148067225705755e+02      0.000000000000000e+00
    3.150906485015711e+02      0.000000000000000e+00
    3.153745744325666e+02      0.000000000000000e+00
    3.156585003635621e+02      0.000000000000000e+00
    3.159424262945577e+02      0.000000000000000e+00
    3.162263522255532e+02      0.000000000000000e+00
    3.165102781565487e+02      0.000000000000000e+00
    3.167942040875442e+02      0.000000000000000e+00
    3.170781300185398e+02      0.000000000000000e+00
    3.173620559495353e+02      0.000000000000000e+00
    3.176459818805308e+02      0.000000000000000e+00
    3.179299078115263e+02      0.000000000000000e+00
    3.182138337425218e+02      0.000000000000000e+00
    3.184977596735174e+02      0.000000000000000e+00
    3.187816856045129e+02      0.000000000000000e+00
    3.190656115355084e+02      0.000000000000000e+00
    3.193495374665039e+02      0.000000000000000e+00
    3.196334633974994e+02      0.000000000000000e+00
    3.199173893284949e+02      0.000000000000000e+00
    3.202013152594905e+02      0.000000000000000e+00
    3.204852411904860e+02      0.000000000000000e+00
    3.207691671214815e+02      0.000000000000000e+00
    3.210530930524771e+02      0.000000000000000e+00
    3.213370189834726e+02      0.000000000000000e+00
    3.216209449144681e+02      0.000000000000000e+00
    3.219048708454636e+02      0.000000000000000e+00
    3.221887967764592e+02      0.000000000000000e+00
    3.224727227074547e+02      0.000000000000000e+00
    3.227566486384502e+02      0.000000000000000e+00
    3.230405745694457e+02      0.000000000000000e+00
    3.233245005004413e+02      0.000000000000000e+00
    3.236084264314368e+02      0.000000000000000e+00
    3.238923523624323e+02      0.000000000000000e+00
    3.241762782934279e+02      0.000000000000000e+00
    3.244602042244234e+02      0.000000000000000e+00
    3.247441301554189e+02      0.000000000000000e+00
    3.250280560864144e+02      0.000000000000000e+00
    3.253119820174099e+02      0.000000000000000e+00
    3.255959079484055e+02      0.000000000000000e+00
    3.258798338794010e+02      0.000000000000000e+00
    3.261637598103965e+02      0.000000000000000e+00
    3.264476857413920e+02      0.000000000000000e+00
    3.267316116723875e+02      0.000000000000000e+00
    3.270155376033831e+02      0.000000000000000e+00
    3.272994635343786e+02      0.000000000000000e+00
    3.275833894653741e+02      0.000000000000000e+00
    3.278673153963696e+02      5.969568359939981e-02
