                     bin:                     prob.:
    1.381850959867183e+01      4.519774011299264e+00
    1.382225959867183e+01      0.000000000000000e+00
    1.382600959867183e+01      0.000000000000000e+00
    1.382975959867183e+01      0.000000000000000e+00
    1.383350959867183e+01      0.000000000000000e+00
    1.383725959867183e+01      0.000000000000000e+00
    1.384100959867183e+01      0.000000000000000e+00
    1.384475959867183e+01      0.000000000000000e+00
    1.384850959867183e+01      0.000000000000000e+00
    1.385225959867183e+01      0.000000000000000e+00
    1.385600959867183e+01      0.000000000000000e+00
    1.385975959867183e+01      0.000000000000000e+00
    1.386350959867183e+01      0.000000000000000e+00
    1.386725959867183e+01      0.000000000000000e+00
    1.387100959867183e+01      0.000000000000000e+00
    1.387475959867183e+01      0.000000000000000e+00
    1.387850959867183e+01      0.000000000000000e+00
    1.388225959867183e+01      0.000000000000000e+00
    1.388600959867183e+01      0.000000000000000e+00
    1.388975959867183e+01      0.000000000000000e+00
    1.389350959867183e+01      0.000000000000000e+00
    1.389725959867183e+01      0.000000000000000e+00
    1.390100959867183e+01      0.000000000000000e+00
    1.390475959867183e+01      0.000000000000000e+00
    1.390850959867183e+01      0.000000000000000e+00
    1.391225959867183e+01      0.000000000000000e+00
    1.391600959867183e+01      0.000000000000000e+00
    1.391975959867183e+01      0.000000000000000e+00
    1.392350959867183e+01      0.000000000000000e+00
    1.392725959867183e+01      0.000000000000000e+00
    1.393100959867183e+01      0.000000000000000e+00
    1.393475959867183e+01      9.039548022602808e+00
    1.393850959867183e+01      0.000000000000000e+00
    1.394225959867183e+01      0.000000000000000e+00
    1.394600959867183e+01      0.000000000000000e+00
    1.394975959867183e+01      0.000000000000000e+00
    1.395350959867183e+01      0.000000000000000e+00
    1.395725959867183e+01      0.000000000000000e+00
    1.396100959867183e+01      0.000000000000000e+00
    1.396475959867183e+01      0.000000000000000e+00
    1.396850959867183e+01      0.000000000000000e+00
    1.397225959867183e+01      0.000000000000000e+00
    1.397600959867183e+01      0.000000000000000e+00
    1.397975959867183e+01      0.000000000000000e+00
    1.398350959867183e+01      0.000000000000000e+00
    1.398725959867183e+01      0.000000000000000e+00
    1.399100959867183e+01      0.000000000000000e+00
    1.399475959867183e+01      0.000000000000000e+00
    1.399850959867183e+01      0.000000000000000e+00
    1.400225959867183e+01      0.000000000000000e+00
    1.400600959867183e+01      0.000000000000000e+00
    1.400975959867183e+01      0.000000000000000e+00
    1.401350959867183e+01      0.000000000000000e+00
    1.401725959867183e+01      0.000000000000000e+00
    1.402100959867183e+01      0.000000000000000e+00
    1.402475959867183e+01      0.000000000000000e+00
    1.402850959867183e+01      0.000000000000000e+00
    1.403225959867183e+01      0.000000000000000e+00
    1.403600959867183e+01      0.000000000000000e+00
    1.403975959867183e+01      0.000000000000000e+00
    1.404350959867183e+01      0.000000000000000e+00
    1.404725959867183e+01      0.000000000000000e+00
    1.405100959867183e+01      0.000000000000000e+00
    1.405475959867183e+01      4.519774011299264e+00
    1.405850959867183e+01      0.000000000000000e+00
    1.406225959867183e+01      0.000000000000000e+00
    1.406600959867183e+01      0.000000000000000e+00
    1.406975959867183e+01      0.000000000000000e+00
    1.407350959867183e+01      0.000000000000000e+00
    1.407725959867183e+01      0.000000000000000e+00
    1.408100959867183e+01      0.000000000000000e+00
    1.408475959867183e+01      0.000000000000000e+00
    1.408850959867183e+01      0.000000000000000e+00
    1.409225959867183e+01      0.000000000000000e+00
    1.409600959867183e+01      0.000000000000000e+00
    1.409975959867183e+01      0.000000000000000e+00
    1.410350959867183e+01      0.000000000000000e+00
    1.410725959867183e+01      0.000000000000000e+00
    1.411100959867183e+01      0.000000000000000e+00
    1.411475959867183e+01      0.000000000000000e+00
    1.411850959867183e+01      0.000000000000000e+00
    1.412225959867183e+01      0.000000000000000e+00
    1.412600959867183e+01      0.000000000000000e+00
    1.412975959867183e+01      0.000000000000000e+00
    1.413350959867183e+01      0.000000000000000e+00
    1.413725959867183e+01      0.000000000000000e+00
    1.414100959867183e+01      0.000000000000000e+00
    1.414475959867183e+01      0.000000000000000e+00
    1.414850959867183e+01      0.000000000000000e+00
    1.415225959867183e+01      0.000000000000000e+00
    1.415600959867183e+01      0.000000000000000e+00
    1.415975959867183e+01      0.000000000000000e+00
    1.416350959867183e+01      0.000000000000000e+00
    1.416725959867183e+01      0.000000000000000e+00
    1.417100959867183e+01      0.000000000000000e+00
    1.417475959867183e+01      9.039548022598527e+00
    1.417850959867183e+01      0.000000000000000e+00
    1.418225959867183e+01      0.000000000000000e+00
    1.418600959867183e+01      0.000000000000000e+00
    1.418975959867183e+01      0.000000000000000e+00
    1.419350959867183e+01      0.000000000000000e+00
    1.419725959867183e+01      0.000000000000000e+00
    1.420100959867183e+01      0.000000000000000e+00
    1.420475959867183e+01      0.000000000000000e+00
    1.420850959867183e+01      0.000000000000000e+00
    1.421225959867183e+01      0.000000000000000e+00
    1.421600959867183e+01      0.000000000000000e+00
    1.421975959867183e+01      0.000000000000000e+00
    1.422350959867183e+01      0.000000000000000e+00
    1.422725959867183e+01      0.000000000000000e+00
    1.423100959867183e+01      0.000000000000000e+00
    1.423475959867183e+01      0.000000000000000e+00
    1.423850959867183e+01      0.000000000000000e+00
    1.424225959867183e+01      0.000000000000000e+00
    1.424600959867183e+01      0.000000000000000e+00
    1.424975959867183e+01      0.000000000000000e+00
    1.425350959867183e+01      0.000000000000000e+00
    1.425725959867183e+01      0.000000000000000e+00
    1.426100959867183e+01      0.000000000000000e+00
    1.426475959867183e+01      0.000000000000000e+00
    1.426850959867183e+01      0.000000000000000e+00
    1.427225959867183e+01      0.000000000000000e+00
    1.427600959867183e+01      0.000000000000000e+00
    1.427975959867183e+01      0.000000000000000e+00
    1.428350959867183e+01      0.000000000000000e+00
    1.428725959867183e+01      0.000000000000000e+00
    1.429100959867183e+01      0.000000000000000e+00
    1.429475959867183e+01      4.519774011299264e+00
    1.429850959867183e+01      0.000000000000000e+00
    1.430225959867183e+01      0.000000000000000e+00
    1.430600959867183e+01      0.000000000000000e+00
    1.430975959867183e+01      0.000000000000000e+00
    1.431350959867183e+01      0.000000000000000e+00
    1.431725959867183e+01      0.000000000000000e+00
    1.432100959867183e+01      0.000000000000000e+00
    1.432475959867183e+01      0.000000000000000e+00
    1.432850959867183e+01      0.000000000000000e+00
    1.433225959867183e+01      0.000000000000000e+00
    1.433600959867183e+01      0.000000000000000e+00
    1.433975959867183e+01      0.000000000000000e+00
    1.434350959867183e+01      0.000000000000000e+00
    1.434725959867183e+01      0.000000000000000e+00
    1.435100959867183e+01      0.000000000000000e+00
    1.435475959867183e+01      0.000000000000000e+00
    1.435850959867183e+01      0.000000000000000e+00
    1.436225959867183e+01      0.000000000000000e+00
    1.436600959867183e+01      0.000000000000000e+00
    1.436975959867183e+01      0.000000000000000e+00
    1.437350959867183e+01      0.000000000000000e+00
    1.437725959867183e+01      0.000000000000000e+00
    1.438100959867183e+01      0.000000000000000e+00
    1.438475959867183e+01      0.000000000000000e+00
    1.438850959867183e+01      0.000000000000000e+00
    1.439225959867183e+01      0.000000000000000e+00
    1.439600959867183e+01      0.000000000000000e+00
    1.439975959867183e+01      0.000000000000000e+00
    1.440350959867183e+01      0.000000000000000e+00
    1.440725959867183e+01      0.000000000000000e+00
    1.441100959867183e+01      0.000000000000000e+00
    1.441475959867183e+01      9.039548022598527e+00
    1.441850959867183e+01      0.000000000000000e+00
    1.442225959867183e+01      0.000000000000000e+00
    1.442600959867183e+01      0.000000000000000e+00
    1.442975959867183e+01      0.000000000000000e+00
    1.443350959867183e+01      0.000000000000000e+00
    1.443725959867183e+01      0.000000000000000e+00
    1.444100959867183e+01      0.000000000000000e+00
    1.444475959867183e+01      0.000000000000000e+00
    1.444850959867183e+01      0.000000000000000e+00
    1.445225959867183e+01      0.000000000000000e+00
    1.445600959867183e+01      0.000000000000000e+00
    1.445975959867183e+01      0.000000000000000e+00
    1.446350959867183e+01      0.000000000000000e+00
    1.446725959867183e+01      0.000000000000000e+00
    1.447100959867183e+01      0.000000000000000e+00
    1.447475959867183e+01      0.000000000000000e+00
    1.447850959867183e+01      0.000000000000000e+00
    1.448225959867183e+01      0.000000000000000e+00
    1.448600959867183e+01      0.000000000000000e+00
    1.448975959867183e+01      0.000000000000000e+00
    1.449350959867183e+01      0.000000000000000e+00
    1.449725959867183e+01      0.000000000000000e+00
    1.450100959867183e+01      0.000000000000000e+00
    1.450475959867183e+01      0.000000000000000e+00
    1.450850959867183e+01      0.000000000000000e+00
    1.451225959867183e+01      0.000000000000000e+00
    1.451600959867183e+01      0.000000000000000e+00
    1.451975959867183e+01      0.000000000000000e+00
    1.452350959867183e+01      0.000000000000000e+00
    1.452725959867183e+01      0.000000000000000e+00
    1.453100959867183e+01      0.000000000000000e+00
    1.453475959867183e+01      4.519774011299264e+00
    1.453850959867183e+01      0.000000000000000e+00
    1.454225959867183e+01      0.000000000000000e+00
    1.454600959867183e+01      0.000000000000000e+00
    1.454975959867183e+01      0.000000000000000e+00
    1.455350959867183e+01      0.000000000000000e+00
    1.455725959867183e+01      0.000000000000000e+00
    1.456100959867183e+01      0.000000000000000e+00
    1.456475959867183e+01      0.000000000000000e+00
    1.456850959867183e+01      0.000000000000000e+00
    1.457225959867183e+01      0.000000000000000e+00
    1.457600959867183e+01      0.000000000000000e+00
    1.457975959867183e+01      0.000000000000000e+00
    1.458350959867183e+01      0.000000000000000e+00
    1.458725959867183e+01      0.000000000000000e+00
    1.459100959867183e+01      0.000000000000000e+00
    1.459475959867183e+01      0.000000000000000e+00
    1.459850959867183e+01      0.000000000000000e+00
    1.460225959867183e+01      0.000000000000000e+00
    1.460600959867183e+01      0.000000000000000e+00
    1.460975959867183e+01      0.000000000000000e+00
    1.461350959867183e+01      0.000000000000000e+00
    1.461725959867183e+01      0.000000000000000e+00
    1.462100959867183e+01      0.000000000000000e+00
    1.462475959867183e+01      0.000000000000000e+00
    1.462850959867183e+01      0.000000000000000e+00
    1.463225959867183e+01      0.000000000000000e+00
    1.463600959867183e+01      0.000000000000000e+00
    1.463975959867183e+01      0.000000000000000e+00
    1.464350959867183e+01      0.000000000000000e+00
    1.464725959867183e+01      0.000000000000000e+00
    1.465100959867183e+01      0.000000000000000e+00
    1.465475959867183e+01      9.039548022598527e+00
    1.465850959867183e+01      0.000000000000000e+00
    1.466225959867183e+01      0.000000000000000e+00
    1.466600959867183e+01      0.000000000000000e+00
    1.466975959867183e+01      0.000000000000000e+00
    1.467350959867183e+01      0.000000000000000e+00
    1.467725959867183e+01      0.000000000000000e+00
    1.468100959867183e+01      0.000000000000000e+00
    1.468475959867183e+01      0.000000000000000e+00
    1.468850959867183e+01      0.000000000000000e+00
    1.469225959867183e+01      0.000000000000000e+00
    1.469600959867183e+01      0.000000000000000e+00
    1.469975959867183e+01      0.000000000000000e+00
    1.470350959867183e+01      0.000000000000000e+00
    1.470725959867183e+01      0.000000000000000e+00
    1.471100959867183e+01      0.000000000000000e+00
    1.471475959867183e+01      0.000000000000000e+00
    1.471850959867183e+01      0.000000000000000e+00
    1.472225959867183e+01      0.000000000000000e+00
    1.472600959867183e+01      0.000000000000000e+00
    1.472975959867183e+01      0.000000000000000e+00
    1.473350959867183e+01      0.000000000000000e+00
    1.473725959867183e+01      0.000000000000000e+00
    1.474100959867183e+01      0.000000000000000e+00
    1.474475959867183e+01      0.000000000000000e+00
    1.474850959867183e+01      0.000000000000000e+00
    1.475225959867183e+01      0.000000000000000e+00
    1.475600959867183e+01      0.000000000000000e+00
    1.475975959867183e+01      0.000000000000000e+00
    1.476350959867183e+01      0.000000000000000e+00
    1.476725959867183e+01      0.000000000000000e+00
    1.477100959867183e+01      0.000000000000000e+00
    1.477475959867183e+01      4.519774011299264e+00
    1.477850959867183e+01      0.000000000000000e+00
    1.478225959867183e+01      0.000000000000000e+00
    1.478600959867183e+01      0.000000000000000e+00
    1.478975959867183e+01      0.000000000000000e+00
    1.479350959867183e+01      0.000000000000000e+00
    1.479725959867183e+01      0.000000000000000e+00
    1.480100959867183e+01      0.000000000000000e+00
    1.480475959867183e+01      0.000000000000000e+00
    1.480850959867183e+01      0.000000000000000e+00
    1.481225959867183e+01      0.000000000000000e+00
    1.481600959867183e+01      0.000000000000000e+00
    1.481975959867183e+01      0.000000000000000e+00
    1.482350959867183e+01      0.000000000000000e+00
    1.482725959867183e+01      0.000000000000000e+00
    1.483100959867183e+01      0.000000000000000e+00
    1.483475959867183e+01      0.000000000000000e+00
    1.483850959867183e+01      0.000000000000000e+00
    1.484225959867183e+01      0.000000000000000e+00
    1.484600959867183e+01      0.000000000000000e+00
    1.484975959867183e+01      0.000000000000000e+00
    1.485350959867183e+01      0.000000000000000e+00
    1.485725959867183e+01      0.000000000000000e+00
    1.486100959867183e+01      0.000000000000000e+00
    1.486475959867183e+01      0.000000000000000e+00
    1.486850959867183e+01      0.000000000000000e+00
    1.487225959867183e+01      0.000000000000000e+00
    1.487600959867183e+01      0.000000000000000e+00
    1.487975959867183e+01      0.000000000000000e+00
    1.488350959867183e+01      0.000000000000000e+00
    1.488725959867183e+01      0.000000000000000e+00
    1.489100959867183e+01      9.039548022598527e+00
    1.489475959867183e+01      0.000000000000000e+00
    1.489850959867183e+01      0.000000000000000e+00
    1.490225959867183e+01      0.000000000000000e+00
    1.490600959867183e+01      0.000000000000000e+00
    1.490975959867183e+01      0.000000000000000e+00
    1.491350959867183e+01      0.000000000000000e+00
    1.491725959867183e+01      0.000000000000000e+00
    1.492100959867183e+01      0.000000000000000e+00
    1.492475959867183e+01      0.000000000000000e+00
    1.492850959867183e+01      0.000000000000000e+00
    1.493225959867183e+01      0.000000000000000e+00
    1.493600959867183e+01      0.000000000000000e+00
    1.493975959867183e+01      0.000000000000000e+00
    1.494350959867183e+01      0.000000000000000e+00
    1.494725959867183e+01      0.000000000000000e+00
    1.495100959867183e+01      0.000000000000000e+00
    1.495475959867183e+01      0.000000000000000e+00
    1.495850959867183e+01      0.000000000000000e+00
    1.496225959867183e+01      0.000000000000000e+00
    1.496600959867183e+01      0.000000000000000e+00
    1.496975959867183e+01      0.000000000000000e+00
    1.497350959867183e+01      0.000000000000000e+00
    1.497725959867183e+01      0.000000000000000e+00
    1.498100959867183e+01      0.000000000000000e+00
    1.498475959867183e+01      0.000000000000000e+00
    1.498850959867183e+01      0.000000000000000e+00
    1.499225959867183e+01      0.000000000000000e+00
    1.499600959867183e+01      0.000000000000000e+00
    1.499975959867183e+01      0.000000000000000e+00
    1.500350959867183e+01      0.000000000000000e+00
    1.500725959867183e+01      0.000000000000000e+00
    1.501100959867183e+01      4.519774011299264e+00
    1.501475959867183e+01      0.000000000000000e+00
    1.501850959867183e+01      0.000000000000000e+00
    1.502225959867183e+01      0.000000000000000e+00
    1.502600959867183e+01      0.000000000000000e+00
    1.502975959867183e+01      0.000000000000000e+00
    1.503350959867183e+01      0.000000000000000e+00
    1.503725959867183e+01      0.000000000000000e+00
    1.504100959867183e+01      0.000000000000000e+00
    1.504475959867183e+01      0.000000000000000e+00
    1.504850959867183e+01      0.000000000000000e+00
    1.505225959867183e+01      0.000000000000000e+00
    1.505600959867183e+01      0.000000000000000e+00
    1.505975959867183e+01      0.000000000000000e+00
    1.506350959867183e+01      0.000000000000000e+00
    1.506725959867183e+01      0.000000000000000e+00
    1.507100959867183e+01      0.000000000000000e+00
    1.507475959867183e+01      0.000000000000000e+00
    1.507850959867183e+01      0.000000000000000e+00
    1.508225959867183e+01      0.000000000000000e+00
    1.508600959867183e+01      0.000000000000000e+00
    1.508975959867183e+01      0.000000000000000e+00
    1.509350959867183e+01      0.000000000000000e+00
    1.509725959867183e+01      0.000000000000000e+00
    1.510100959867183e+01      0.000000000000000e+00
    1.510475959867183e+01      0.000000000000000e+00
    1.510850959867183e+01      0.000000000000000e+00
    1.511225959867183e+01      0.000000000000000e+00
    1.511600959867183e+01      0.000000000000000e+00
    1.511975959867183e+01      0.000000000000000e+00
    1.512350959867183e+01      0.000000000000000e+00
    1.512725959867183e+01      0.000000000000000e+00
    1.513100959867183e+01      9.039548022598527e+00
    1.513475959867183e+01      0.000000000000000e+00
    1.513850959867183e+01      0.000000000000000e+00
    1.514225959867183e+01      0.000000000000000e+00
    1.514600959867183e+01      0.000000000000000e+00
    1.514975959867183e+01      0.000000000000000e+00
    1.515350959867183e+01      0.000000000000000e+00
    1.515725959867183e+01      0.000000000000000e+00
    1.516100959867183e+01      0.000000000000000e+00
    1.516475959867183e+01      0.000000000000000e+00
    1.516850959867183e+01      0.000000000000000e+00
    1.517225959867183e+01      0.000000000000000e+00
    1.517600959867183e+01      0.000000000000000e+00
    1.517975959867183e+01      0.000000000000000e+00
    1.518350959867183e+01      0.000000000000000e+00
    1.518725959867183e+01      0.000000000000000e+00
    1.519100959867183e+01      0.000000000000000e+00
    1.519475959867183e+01      0.000000000000000e+00
    1.519850959867183e+01      0.000000000000000e+00
    1.520225959867183e+01      0.000000000000000e+00
    1.520600959867183e+01      0.000000000000000e+00
    1.520975959867183e+01      0.000000000000000e+00
    1.521350959867183e+01      0.000000000000000e+00
    1.521725959867183e+01      0.000000000000000e+00
    1.522100959867183e+01      0.000000000000000e+00
    1.522475959867183e+01      0.000000000000000e+00
    1.522850959867183e+01      0.000000000000000e+00
    1.523225959867183e+01      0.000000000000000e+00
    1.523600959867183e+01      0.000000000000000e+00
    1.523975959867183e+01      0.000000000000000e+00
    1.524350959867183e+01      0.000000000000000e+00
    1.524725959867183e+01      0.000000000000000e+00
    1.525100959867183e+01      0.000000000000000e+00
    1.525475959867183e+01      0.000000000000000e+00
    1.525850959867183e+01      0.000000000000000e+00
    1.526225959867183e+01      0.000000000000000e+00
    1.526600959867183e+01      0.000000000000000e+00
    1.526975959867183e+01      0.000000000000000e+00
    1.527350959867183e+01      0.000000000000000e+00
    1.527725959867183e+01      0.000000000000000e+00
    1.528100959867183e+01      0.000000000000000e+00
    1.528475959867183e+01      0.000000000000000e+00
    1.528850959867183e+01      0.000000000000000e+00
    1.529225959867183e+01      0.000000000000000e+00
    1.529600959867183e+01      0.000000000000000e+00
    1.529975959867183e+01      0.000000000000000e+00
    1.530350959867183e+01      0.000000000000000e+00
    1.530725959867183e+01      0.000000000000000e+00
    1.531100959867183e+01      0.000000000000000e+00
    1.531475959867183e+01      0.000000000000000e+00
    1.531850959867183e+01      0.000000000000000e+00
    1.532225959867183e+01      0.000000000000000e+00
    1.532600959867183e+01      0.000000000000000e+00
    1.532975959867183e+01      0.000000000000000e+00
    1.533350959867183e+01      0.000000000000000e+00
    1.533725959867183e+01      0.000000000000000e+00
    1.534100959867183e+01      0.000000000000000e+00
    1.534475959867183e+01      0.000000000000000e+00
    1.534850959867183e+01      0.000000000000000e+00
    1.535225959867183e+01      0.000000000000000e+00
    1.535600959867183e+01      0.000000000000000e+00
    1.535975959867183e+01      0.000000000000000e+00
    1.536350959867183e+01      0.000000000000000e+00
    1.536725959867183e+01      0.000000000000000e+00
    1.537100959867183e+01      4.519774011299264e+00
    1.537475959867183e+01      0.000000000000000e+00
    1.537850959867183e+01      0.000000000000000e+00
    1.538225959867183e+01      0.000000000000000e+00
    1.538600959867183e+01      0.000000000000000e+00
    1.538975959867183e+01      0.000000000000000e+00
    1.539350959867183e+01      0.000000000000000e+00
    1.539725959867183e+01      0.000000000000000e+00
    1.540100959867183e+01      0.000000000000000e+00
    1.540475959867183e+01      0.000000000000000e+00
    1.540850959867183e+01      0.000000000000000e+00
    1.541225959867183e+01      0.000000000000000e+00
    1.541600959867183e+01      0.000000000000000e+00
    1.541975959867183e+01      0.000000000000000e+00
    1.542350959867183e+01      0.000000000000000e+00
    1.542725959867183e+01      0.000000000000000e+00
    1.543100959867183e+01      0.000000000000000e+00
    1.543475959867183e+01      0.000000000000000e+00
    1.543850959867183e+01      0.000000000000000e+00
    1.544225959867183e+01      0.000000000000000e+00
    1.544600959867183e+01      0.000000000000000e+00
    1.544975959867183e+01      0.000000000000000e+00
    1.545350959867183e+01      0.000000000000000e+00
    1.545725959867183e+01      0.000000000000000e+00
    1.546100959867183e+01      0.000000000000000e+00
    1.546475959867183e+01      0.000000000000000e+00
    1.546850959867183e+01      0.000000000000000e+00
    1.547225959867183e+01      0.000000000000000e+00
    1.547600959867183e+01      0.000000000000000e+00
    1.547975959867183e+01      0.000000000000000e+00
    1.548350959867183e+01      0.000000000000000e+00
    1.548725959867183e+01      0.000000000000000e+00
    1.549100959867183e+01      0.000000000000000e+00
    1.549475959867183e+01      0.000000000000000e+00
    1.549850959867183e+01      0.000000000000000e+00
    1.550225959867183e+01      0.000000000000000e+00
    1.550600959867183e+01      0.000000000000000e+00
    1.550975959867183e+01      0.000000000000000e+00
    1.551350959867183e+01      0.000000000000000e+00
    1.551725959867183e+01      0.000000000000000e+00
    1.552100959867183e+01      0.000000000000000e+00
    1.552475959867183e+01      0.000000000000000e+00
    1.552850959867183e+01      0.000000000000000e+00
    1.553225959867183e+01      0.000000000000000e+00
    1.553600959867183e+01      0.000000000000000e+00
    1.553975959867183e+01      0.000000000000000e+00
    1.554350959867183e+01      0.000000000000000e+00
    1.554725959867183e+01      0.000000000000000e+00
    1.555100959867183e+01      0.000000000000000e+00
    1.555475959867183e+01      0.000000000000000e+00
    1.555850959867183e+01      0.000000000000000e+00
    1.556225959867183e+01      0.000000000000000e+00
    1.556600959867183e+01      0.000000000000000e+00
    1.556975959867183e+01      0.000000000000000e+00
    1.557350959867183e+01      0.000000000000000e+00
    1.557725959867183e+01      0.000000000000000e+00
    1.558100959867183e+01      0.000000000000000e+00
    1.558475959867183e+01      0.000000000000000e+00
    1.558850959867183e+01      0.000000000000000e+00
    1.559225959867183e+01      0.000000000000000e+00
    1.559600959867183e+01      0.000000000000000e+00
    1.559975959867183e+01      0.000000000000000e+00
    1.560350959867183e+01      0.000000000000000e+00
    1.560725959867183e+01      0.000000000000000e+00
    1.561100959867183e+01      0.000000000000000e+00
    1.561475959867183e+01      0.000000000000000e+00
    1.561850959867183e+01      0.000000000000000e+00
    1.562225959867183e+01      0.000000000000000e+00
    1.562600959867183e+01      0.000000000000000e+00
    1.562975959867183e+01      0.000000000000000e+00
    1.563350959867183e+01      0.000000000000000e+00
    1.563725959867183e+01      0.000000000000000e+00
    1.564100959867183e+01      0.000000000000000e+00
    1.564475959867183e+01      0.000000000000000e+00
    1.564850959867183e+01      0.000000000000000e+00
    1.565225959867183e+01      0.000000000000000e+00
    1.565600959867183e+01      0.000000000000000e+00
    1.565975959867183e+01      0.000000000000000e+00
    1.566350959867183e+01      0.000000000000000e+00
    1.566725959867183e+01      0.000000000000000e+00
    1.567100959867183e+01      0.000000000000000e+00
    1.567475959867183e+01      4.519774011299264e+00
    1.567850959867183e+01      0.000000000000000e+00
    1.568225959867183e+01      0.000000000000000e+00
    1.568600959867183e+01      0.000000000000000e+00
    1.568975959867183e+01      0.000000000000000e+00
    1.569350959867183e+01      0.000000000000000e+00
    1.569725959867183e+01      0.000000000000000e+00
    1.570100959867183e+01      0.000000000000000e+00
    1.570475959867183e+01      0.000000000000000e+00
    1.570850959867183e+01      0.000000000000000e+00
    1.571225959867183e+01      0.000000000000000e+00
    1.571600959867183e+01      0.000000000000000e+00
    1.571975959867183e+01      0.000000000000000e+00
    1.572350959867183e+01      0.000000000000000e+00
    1.572725959867183e+01      0.000000000000000e+00
    1.573100959867183e+01      0.000000000000000e+00
    1.573475959867183e+01      0.000000000000000e+00
    1.573850959867183e+01      9.039548022598527e+00
    1.574225959867183e+01      0.000000000000000e+00
    1.574600959867183e+01      0.000000000000000e+00
    1.574975959867183e+01      0.000000000000000e+00
    1.575350959867183e+01      0.000000000000000e+00
    1.575725959867183e+01      0.000000000000000e+00
    1.576100959867183e+01      0.000000000000000e+00
    1.576475959867183e+01      0.000000000000000e+00
    1.576850959867183e+01      0.000000000000000e+00
    1.577225959867183e+01      0.000000000000000e+00
    1.577600959867183e+01      0.000000000000000e+00
    1.577975959867183e+01      0.000000000000000e+00
    1.578350959867183e+01      0.000000000000000e+00
    1.578725959867183e+01      0.000000000000000e+00
    1.579100959867183e+01      0.000000000000000e+00
    1.579475959867183e+01      0.000000000000000e+00
    1.579850959867183e+01      0.000000000000000e+00
    1.580225959867183e+01      0.000000000000000e+00
    1.580600959867183e+01      4.519774011299264e+00
    1.580975959867183e+01      0.000000000000000e+00
    1.581350959867183e+01      0.000000000000000e+00
    1.581725959867183e+01      0.000000000000000e+00
    1.582100959867183e+01      0.000000000000000e+00
    1.582475959867183e+01      0.000000000000000e+00
    1.582850959867183e+01      0.000000000000000e+00
    1.583225959867183e+01      0.000000000000000e+00
    1.583600959867183e+01      0.000000000000000e+00
    1.583975959867183e+01      0.000000000000000e+00
    1.584350959867183e+01      0.000000000000000e+00
    1.584725959867183e+01      0.000000000000000e+00
    1.585100959867183e+01      0.000000000000000e+00
    1.585475959867183e+01      0.000000000000000e+00
    1.585850959867183e+01      0.000000000000000e+00
    1.586225959867183e+01      0.000000000000000e+00
    1.586600959867183e+01      0.000000000000000e+00
    1.586975959867183e+01      1.807909604519705e+01
    1.587350959867183e+01      0.000000000000000e+00
    1.587725959867183e+01      0.000000000000000e+00
    1.588100959867183e+01      0.000000000000000e+00
    1.588475959867183e+01      0.000000000000000e+00
    1.588850959867183e+01      0.000000000000000e+00
    1.589225959867183e+01      0.000000000000000e+00
    1.589600959867183e+01      0.000000000000000e+00
    1.589975959867183e+01      0.000000000000000e+00
    1.590350959867183e+01      0.000000000000000e+00
    1.590725959867183e+01      0.000000000000000e+00
    1.591100959867183e+01      0.000000000000000e+00
    1.591475959867183e+01      0.000000000000000e+00
    1.591850959867183e+01      0.000000000000000e+00
    1.592225959867183e+01      0.000000000000000e+00
    1.592600959867183e+01      0.000000000000000e+00
    1.592975959867183e+01      0.000000000000000e+00
    1.593350959867183e+01      0.000000000000000e+00
    1.593725959867183e+01      4.519774011299264e+00
    1.594100959867183e+01      0.000000000000000e+00
    1.594475959867183e+01      0.000000000000000e+00
    1.594850959867183e+01      0.000000000000000e+00
    1.595225959867183e+01      0.000000000000000e+00
    1.595600959867183e+01      0.000000000000000e+00
    1.595975959867183e+01      0.000000000000000e+00
    1.596350959867183e+01      0.000000000000000e+00
    1.596725959867183e+01      0.000000000000000e+00
    1.597100959867183e+01      0.000000000000000e+00
    1.597475959867183e+01      0.000000000000000e+00
    1.597850959867183e+01      0.000000000000000e+00
    1.598225959867183e+01      0.000000000000000e+00
    1.598600959867183e+01      0.000000000000000e+00
    1.598975959867183e+01      0.000000000000000e+00
    1.599350959867183e+01      0.000000000000000e+00
    1.599725959867183e+01      0.000000000000000e+00
    1.600100959867183e+01      9.039548022598527e+00
    1.600475959867183e+01      0.000000000000000e+00
    1.600850959867183e+01      0.000000000000000e+00
    1.601225959867183e+01      0.000000000000000e+00
    1.601600959867183e+01      0.000000000000000e+00
    1.601975959867183e+01      0.000000000000000e+00
    1.602350959867183e+01      0.000000000000000e+00
    1.602725959867183e+01      0.000000000000000e+00
    1.603100959867183e+01      0.000000000000000e+00
    1.603475959867183e+01      0.000000000000000e+00
    1.603850959867183e+01      0.000000000000000e+00
    1.604225959867183e+01      0.000000000000000e+00
    1.604600959867183e+01      0.000000000000000e+00
    1.604975959867183e+01      0.000000000000000e+00
    1.605350959867183e+01      0.000000000000000e+00
    1.605725959867183e+01      0.000000000000000e+00
    1.606100959867183e+01      0.000000000000000e+00
    1.606475959867183e+01      4.519774011299264e+00
    1.606850959867183e+01      0.000000000000000e+00
    1.607225959867183e+01      0.000000000000000e+00
    1.607600959867183e+01      0.000000000000000e+00
    1.607975959867183e+01      0.000000000000000e+00
    1.608350959867183e+01      0.000000000000000e+00
    1.608725959867183e+01      0.000000000000000e+00
    1.609100959867183e+01      0.000000000000000e+00
    1.609475959867183e+01      0.000000000000000e+00
    1.609850959867183e+01      0.000000000000000e+00
    1.610225959867183e+01      0.000000000000000e+00
    1.610600959867183e+01      0.000000000000000e+00
    1.610975959867183e+01      0.000000000000000e+00
    1.611350959867183e+01      0.000000000000000e+00
    1.611725959867183e+01      0.000000000000000e+00
    1.612100959867183e+01      0.000000000000000e+00
    1.612475959867183e+01      0.000000000000000e+00
    1.612850959867183e+01      0.000000000000000e+00
    1.613225959867183e+01      4.519774011299264e+00
    1.613600959867183e+01      0.000000000000000e+00
    1.613975959867183e+01      0.000000000000000e+00
    1.614350959867183e+01      0.000000000000000e+00
    1.614725959867183e+01      0.000000000000000e+00
    1.615100959867183e+01      0.000000000000000e+00
    1.615475959867183e+01      0.000000000000000e+00
    1.615850959867183e+01      0.000000000000000e+00
    1.616225959867183e+01      0.000000000000000e+00
    1.616600959867183e+01      4.519774011299264e+00
    1.616975959867183e+01      0.000000000000000e+00
    1.617350959867183e+01      0.000000000000000e+00
    1.617725959867183e+01      0.000000000000000e+00
    1.618100959867183e+01      0.000000000000000e+00
    1.618475959867183e+01      0.000000000000000e+00
    1.618850959867183e+01      0.000000000000000e+00
    1.619225959867183e+01      0.000000000000000e+00
    1.619600959867183e+01      9.039548022598527e+00
    1.619975959867183e+01      0.000000000000000e+00
    1.620350959867183e+01      0.000000000000000e+00
    1.620725959867183e+01      0.000000000000000e+00
    1.621100959867183e+01      0.000000000000000e+00
    1.621475959867183e+01      0.000000000000000e+00
    1.621850959867183e+01      0.000000000000000e+00
    1.622225959867183e+01      0.000000000000000e+00
    1.622600959867183e+01      0.000000000000000e+00
    1.622975959867183e+01      4.519774011299264e+00
    1.623350959867183e+01      0.000000000000000e+00
    1.623725959867183e+01      0.000000000000000e+00
    1.624100959867183e+01      0.000000000000000e+00
    1.624475959867183e+01      0.000000000000000e+00
    1.624850959867183e+01      0.000000000000000e+00
    1.625225959867183e+01      0.000000000000000e+00
    1.625600959867183e+01      0.000000000000000e+00
    1.625975959867183e+01      0.000000000000000e+00
    1.626350959867183e+01      9.039548022598527e+00
    1.626725959867183e+01      0.000000000000000e+00
    1.627100959867183e+01      0.000000000000000e+00
    1.627475959867183e+01      0.000000000000000e+00
    1.627850959867183e+01      0.000000000000000e+00
    1.628225959867183e+01      0.000000000000000e+00
    1.628600959867183e+01      0.000000000000000e+00
    1.628975959867183e+01      0.000000000000000e+00
    1.629350959867183e+01      0.000000000000000e+00
    1.629725959867183e+01      0.000000000000000e+00
    1.630100959867183e+01      0.000000000000000e+00
    1.630475959867183e+01      0.000000000000000e+00
    1.630850959867183e+01      0.000000000000000e+00
    1.631225959867183e+01      0.000000000000000e+00
    1.631600959867183e+01      0.000000000000000e+00
    1.631975959867183e+01      0.000000000000000e+00
    1.632350959867183e+01      0.000000000000000e+00
    1.632725959867183e+01      4.519774011299264e+00
    1.633100959867183e+01      0.000000000000000e+00
    1.633475959867183e+01      0.000000000000000e+00
    1.633850959867183e+01      0.000000000000000e+00
    1.634225959867183e+01      0.000000000000000e+00
    1.634600959867183e+01      0.000000000000000e+00
    1.634975959867183e+01      0.000000000000000e+00
    1.635350959867183e+01      0.000000000000000e+00
    1.635725959867183e+01      0.000000000000000e+00
    1.636100959867183e+01      0.000000000000000e+00
    1.636475959867183e+01      0.000000000000000e+00
    1.636850959867183e+01      0.000000000000000e+00
    1.637225959867183e+01      0.000000000000000e+00
    1.637600959867183e+01      0.000000000000000e+00
    1.637975959867183e+01      0.000000000000000e+00
    1.638350959867183e+01      0.000000000000000e+00
    1.638725959867183e+01      0.000000000000000e+00
    1.639100959867183e+01      9.039548022607091e+00
    1.639475959867183e+01      0.000000000000000e+00
    1.639850959867183e+01      0.000000000000000e+00
    1.640225959867183e+01      0.000000000000000e+00
    1.640600959867183e+01      0.000000000000000e+00
    1.640975959867183e+01      0.000000000000000e+00
    1.641350959867183e+01      0.000000000000000e+00
    1.641725959867183e+01      0.000000000000000e+00
    1.642100959867183e+01      0.000000000000000e+00
    1.642475959867183e+01      0.000000000000000e+00
    1.642850959867183e+01      0.000000000000000e+00
    1.643225959867183e+01      0.000000000000000e+00
    1.643600959867183e+01      0.000000000000000e+00
    1.643975959867183e+01      0.000000000000000e+00
    1.644350959867183e+01      0.000000000000000e+00
    1.644725959867183e+01      0.000000000000000e+00
    1.645100959867183e+01      0.000000000000000e+00
    1.645475959867183e+01      0.000000000000000e+00
    1.645850959867183e+01      4.519774011299264e+00
    1.646225959867183e+01      0.000000000000000e+00
    1.646600959867183e+01      0.000000000000000e+00
    1.646975959867183e+01      0.000000000000000e+00
    1.647350959867183e+01      0.000000000000000e+00
    1.647725959867183e+01      0.000000000000000e+00
    1.648100959867183e+01      0.000000000000000e+00
    1.648475959867183e+01      0.000000000000000e+00
    1.648850959867183e+01      0.000000000000000e+00
    1.649225959867183e+01      0.000000000000000e+00
    1.649600959867183e+01      0.000000000000000e+00
    1.649975959867183e+01      0.000000000000000e+00
    1.650350959867183e+01      0.000000000000000e+00
    1.650725959867183e+01      0.000000000000000e+00
    1.651100959867183e+01      0.000000000000000e+00
    1.651475959867183e+01      0.000000000000000e+00
    1.651850959867183e+01      0.000000000000000e+00
    1.652225959867183e+01      9.039548022598527e+00
    1.652600959867183e+01      0.000000000000000e+00
    1.652975959867183e+01      0.000000000000000e+00
    1.653350959867183e+01      0.000000000000000e+00
    1.653725959867183e+01      0.000000000000000e+00
    1.654100959867183e+01      0.000000000000000e+00
    1.654475959867183e+01      0.000000000000000e+00
    1.654850959867183e+01      0.000000000000000e+00
    1.655225959867183e+01      0.000000000000000e+00
    1.655600959867183e+01      0.000000000000000e+00
    1.655975959867183e+01      0.000000000000000e+00
    1.656350959867183e+01      0.000000000000000e+00
    1.656725959867183e+01      0.000000000000000e+00
    1.657100959867183e+01      0.000000000000000e+00
    1.657475959867183e+01      0.000000000000000e+00
    1.657850959867183e+01      0.000000000000000e+00
    1.658225959867183e+01      0.000000000000000e+00
    1.658600959867183e+01      0.000000000000000e+00
    1.658975959867183e+01      4.519774011299264e+00
    1.659350959867183e+01      0.000000000000000e+00
    1.659725959867183e+01      0.000000000000000e+00
    1.660100959867183e+01      0.000000000000000e+00
    1.660475959867183e+01      0.000000000000000e+00
    1.660850959867183e+01      0.000000000000000e+00
    1.661225959867183e+01      0.000000000000000e+00
    1.661600959867183e+01      0.000000000000000e+00
    1.661975959867183e+01      0.000000000000000e+00
    1.662350959867183e+01      0.000000000000000e+00
    1.662725959867183e+01      0.000000000000000e+00
    1.663100959867183e+01      0.000000000000000e+00
    1.663475959867183e+01      0.000000000000000e+00
    1.663850959867183e+01      0.000000000000000e+00
    1.664225959867183e+01      0.000000000000000e+00
    1.664600959867183e+01      0.000000000000000e+00
    1.664975959867183e+01      0.000000000000000e+00
    1.665350959867183e+01      0.000000000000000e+00
    1.665725959867183e+01      0.000000000000000e+00
    1.666100959867183e+01      0.000000000000000e+00
    1.666475959867183e+01      0.000000000000000e+00
    1.666850959867183e+01      0.000000000000000e+00
    1.667225959867183e+01      0.000000000000000e+00
    1.667600959867183e+01      0.000000000000000e+00
    1.667975959867183e+01      0.000000000000000e+00
    1.668350959867183e+01      0.000000000000000e+00
    1.668725959867183e+01      0.000000000000000e+00
    1.669100959867183e+01      0.000000000000000e+00
    1.669475959867183e+01      0.000000000000000e+00
    1.669850959867183e+01      0.000000000000000e+00
    1.670225959867183e+01      0.000000000000000e+00
    1.670600959867183e+01      0.000000000000000e+00
    1.670975959867183e+01      0.000000000000000e+00
    1.671350959867183e+01      0.000000000000000e+00
    1.671725959867183e+01      0.000000000000000e+00
    1.672100959867183e+01      0.000000000000000e+00
    1.672475959867183e+01      0.000000000000000e+00
    1.672850959867183e+01      0.000000000000000e+00
    1.673225959867183e+01      0.000000000000000e+00
    1.673600959867183e+01      0.000000000000000e+00
    1.673975959867183e+01      0.000000000000000e+00
    1.674350959867183e+01      0.000000000000000e+00
    1.674725959867183e+01      0.000000000000000e+00
    1.675100959867183e+01      0.000000000000000e+00
    1.675475959867183e+01      0.000000000000000e+00
    1.675850959867183e+01      0.000000000000000e+00
    1.676225959867183e+01      0.000000000000000e+00
    1.676600959867183e+01      0.000000000000000e+00
    1.676975959867183e+01      0.000000000000000e+00
    1.677350959867183e+01      0.000000000000000e+00
    1.677725959867183e+01      0.000000000000000e+00
    1.678100959867183e+01      0.000000000000000e+00
    1.678475959867183e+01      4.519774011299264e+00
    1.678850959867183e+01      0.000000000000000e+00
    1.679225959867183e+01      0.000000000000000e+00
    1.679600959867183e+01      0.000000000000000e+00
    1.679975959867183e+01      0.000000000000000e+00
    1.680350959867183e+01      0.000000000000000e+00
    1.680725959867183e+01      0.000000000000000e+00
    1.681100959867183e+01      0.000000000000000e+00
    1.681475959867183e+01      0.000000000000000e+00
    1.681850959867183e+01      0.000000000000000e+00
    1.682225959867183e+01      0.000000000000000e+00
    1.682600959867183e+01      0.000000000000000e+00
    1.682975959867183e+01      0.000000000000000e+00
    1.683350959867183e+01      0.000000000000000e+00
    1.683725959867183e+01      0.000000000000000e+00
    1.684100959867183e+01      0.000000000000000e+00
    1.684475959867183e+01      0.000000000000000e+00
    1.684850959867183e+01      0.000000000000000e+00
    1.685225959867183e+01      0.000000000000000e+00
    1.685600959867183e+01      0.000000000000000e+00
    1.685975959867183e+01      0.000000000000000e+00
    1.686350959867183e+01      0.000000000000000e+00
    1.686725959867183e+01      0.000000000000000e+00
    1.687100959867183e+01      0.000000000000000e+00
    1.687475959867183e+01      0.000000000000000e+00
    1.687850959867183e+01      0.000000000000000e+00
    1.688225959867183e+01      0.000000000000000e+00
    1.688600959867183e+01      0.000000000000000e+00
    1.688975959867183e+01      0.000000000000000e+00
    1.689350959867183e+01      0.000000000000000e+00
    1.689725959867183e+01      0.000000000000000e+00
    1.690100959867183e+01      0.000000000000000e+00
    1.690475959867183e+01      0.000000000000000e+00
    1.690850959867183e+01      0.000000000000000e+00
    1.691225959867183e+01      0.000000000000000e+00
    1.691600959867183e+01      9.039548022598527e+00
    1.691975959867183e+01      0.000000000000000e+00
    1.692350959867183e+01      0.000000000000000e+00
    1.692725959867183e+01      0.000000000000000e+00
    1.693100959867183e+01      0.000000000000000e+00
    1.693475959867183e+01      0.000000000000000e+00
    1.693850959867183e+01      0.000000000000000e+00
    1.694225959867183e+01      0.000000000000000e+00
    1.694600959867183e+01      0.000000000000000e+00
    1.694975959867183e+01      0.000000000000000e+00
    1.695350959867183e+01      0.000000000000000e+00
    1.695725959867183e+01      0.000000000000000e+00
    1.696100959867183e+01      0.000000000000000e+00
    1.696475959867183e+01      0.000000000000000e+00
    1.696850959867183e+01      0.000000000000000e+00
    1.697225959867183e+01      0.000000000000000e+00
    1.697600959867183e+01      0.000000000000000e+00
    1.697975959867183e+01      0.000000000000000e+00
    1.698350959867183e+01      0.000000000000000e+00
    1.698725959867183e+01      0.000000000000000e+00
    1.699100959867183e+01      0.000000000000000e+00
    1.699475959867183e+01      0.000000000000000e+00
    1.699850959867183e+01      0.000000000000000e+00
    1.700225959867183e+01      0.000000000000000e+00
    1.700600959867183e+01      0.000000000000000e+00
    1.700975959867183e+01      0.000000000000000e+00
    1.701350959867183e+01      0.000000000000000e+00
    1.701725959867183e+01      0.000000000000000e+00
    1.702100959867183e+01      0.000000000000000e+00
    1.702475959867183e+01      0.000000000000000e+00
    1.702850959867183e+01      0.000000000000000e+00
    1.703225959867183e+01      0.000000000000000e+00
    1.703600959867183e+01      0.000000000000000e+00
    1.703975959867183e+01      0.000000000000000e+00
    1.704350959867183e+01      4.519774011299264e+00
    1.704725959867183e+01      0.000000000000000e+00
    1.705100959867183e+01      0.000000000000000e+00
    1.705475959867183e+01      0.000000000000000e+00
    1.705850959867183e+01      0.000000000000000e+00
    1.706225959867183e+01      0.000000000000000e+00
    1.706600959867183e+01      0.000000000000000e+00
    1.706975959867183e+01      0.000000000000000e+00
    1.707350959867183e+01      0.000000000000000e+00
    1.707725959867183e+01      0.000000000000000e+00
    1.708100959867183e+01      0.000000000000000e+00
    1.708475959867183e+01      0.000000000000000e+00
    1.708850959867183e+01      0.000000000000000e+00
    1.709225959867183e+01      0.000000000000000e+00
    1.709600959867183e+01      0.000000000000000e+00
    1.709975959867183e+01      0.000000000000000e+00
    1.710350959867183e+01      0.000000000000000e+00
    1.710725959867183e+01      0.000000000000000e+00
    1.711100959867183e+01      0.000000000000000e+00
    1.711475959867183e+01      0.000000000000000e+00
    1.711850959867183e+01      0.000000000000000e+00
    1.712225959867183e+01      0.000000000000000e+00
    1.712600959867183e+01      0.000000000000000e+00
    1.712975959867183e+01      0.000000000000000e+00
    1.713350959867183e+01      0.000000000000000e+00
    1.713725959867183e+01      0.000000000000000e+00
    1.714100959867183e+01      0.000000000000000e+00
    1.714475959867183e+01      0.000000000000000e+00
    1.714850959867183e+01      0.000000000000000e+00
    1.715225959867183e+01      0.000000000000000e+00
    1.715600959867183e+01      0.000000000000000e+00
    1.715975959867183e+01      0.000000000000000e+00
    1.716350959867183e+01      0.000000000000000e+00
    1.716725959867183e+01      0.000000000000000e+00
    1.717100959867183e+01      0.000000000000000e+00
    1.717475959867183e+01      2.711864406779558e+01
    1.717850959867183e+01      0.000000000000000e+00
    1.718225959867183e+01      0.000000000000000e+00
    1.718600959867183e+01      0.000000000000000e+00
    1.718975959867183e+01      0.000000000000000e+00
    1.719350959867183e+01      0.000000000000000e+00
    1.719725959867183e+01      0.000000000000000e+00
    1.720100959867183e+01      0.000000000000000e+00
    1.720475959867183e+01      0.000000000000000e+00
    1.720850959867183e+01      0.000000000000000e+00
    1.721225959867183e+01      0.000000000000000e+00
    1.721600959867183e+01      0.000000000000000e+00
    1.721975959867183e+01      0.000000000000000e+00
    1.722350959867183e+01      0.000000000000000e+00
    1.722725959867183e+01      0.000000000000000e+00
    1.723100959867183e+01      0.000000000000000e+00
    1.723475959867183e+01      0.000000000000000e+00
    1.723850959867183e+01      0.000000000000000e+00
    1.724225959867183e+01      0.000000000000000e+00
    1.724600959867183e+01      0.000000000000000e+00
    1.724975959867183e+01      0.000000000000000e+00
    1.725350959867183e+01      0.000000000000000e+00
    1.725725959867183e+01      0.000000000000000e+00
    1.726100959867183e+01      0.000000000000000e+00
    1.726475959867183e+01      0.000000000000000e+00
    1.726850959867183e+01      0.000000000000000e+00
    1.727225959867183e+01      0.000000000000000e+00
    1.727600959867183e+01      0.000000000000000e+00
    1.727975959867183e+01      0.000000000000000e+00
    1.728350959867183e+01      0.000000000000000e+00
    1.728725959867183e+01      0.000000000000000e+00
    1.729100959867183e+01      0.000000000000000e+00
    1.729475959867183e+01      0.000000000000000e+00
    1.729850959867183e+01      0.000000000000000e+00
    1.730225959867183e+01      0.000000000000000e+00
    1.730600959867183e+01      4.519774011299264e+00
    1.730975959867183e+01      0.000000000000000e+00
    1.731350959867183e+01      0.000000000000000e+00
    1.731725959867183e+01      0.000000000000000e+00
    1.732100959867183e+01      0.000000000000000e+00
    1.732475959867183e+01      0.000000000000000e+00
    1.732850959867183e+01      0.000000000000000e+00
    1.733225959867183e+01      0.000000000000000e+00
    1.733600959867183e+01      0.000000000000000e+00
    1.733975959867183e+01      0.000000000000000e+00
    1.734350959867183e+01      0.000000000000000e+00
    1.734725959867183e+01      0.000000000000000e+00
    1.735100959867183e+01      0.000000000000000e+00
    1.735475959867183e+01      0.000000000000000e+00
    1.735850959867183e+01      0.000000000000000e+00
    1.736225959867183e+01      0.000000000000000e+00
    1.736600959867183e+01      0.000000000000000e+00
    1.736975959867183e+01      0.000000000000000e+00
    1.737350959867183e+01      0.000000000000000e+00
    1.737725959867183e+01      0.000000000000000e+00
    1.738100959867183e+01      0.000000000000000e+00
    1.738475959867183e+01      0.000000000000000e+00
    1.738850959867183e+01      0.000000000000000e+00
    1.739225959867183e+01      0.000000000000000e+00
    1.739600959867183e+01      0.000000000000000e+00
    1.739975959867183e+01      0.000000000000000e+00
    1.740350959867183e+01      0.000000000000000e+00
    1.740725959867183e+01      0.000000000000000e+00
    1.741100959867183e+01      0.000000000000000e+00
    1.741475959867183e+01      0.000000000000000e+00
    1.741850959867183e+01      0.000000000000000e+00
    1.742225959867183e+01      0.000000000000000e+00
    1.742600959867183e+01      0.000000000000000e+00
    1.742975959867183e+01      0.000000000000000e+00
    1.743350959867183e+01      0.000000000000000e+00
    1.743725959867183e+01      9.039548022598527e+00
    1.744100959867183e+01      0.000000000000000e+00
    1.744475959867183e+01      0.000000000000000e+00
    1.744850959867183e+01      0.000000000000000e+00
    1.745225959867183e+01      0.000000000000000e+00
    1.745600959867183e+01      0.000000000000000e+00
    1.745975959867183e+01      0.000000000000000e+00
    1.746350959867183e+01      0.000000000000000e+00
    1.746725959867183e+01      0.000000000000000e+00
    1.747100959867183e+01      0.000000000000000e+00
    1.747475959867183e+01      0.000000000000000e+00
    1.747850959867183e+01      0.000000000000000e+00
    1.748225959867183e+01      0.000000000000000e+00
    1.748600959867183e+01      0.000000000000000e+00
    1.748975959867183e+01      0.000000000000000e+00
    1.749350959867183e+01      0.000000000000000e+00
    1.749725959867183e+01      0.000000000000000e+00
    1.750100959867183e+01      0.000000000000000e+00
    1.750475959867183e+01      0.000000000000000e+00
    1.750850959867183e+01      0.000000000000000e+00
    1.751225959867183e+01      0.000000000000000e+00
    1.751600959867183e+01      0.000000000000000e+00
    1.751975959867183e+01      0.000000000000000e+00
    1.752350959867183e+01      0.000000000000000e+00
    1.752725959867183e+01      0.000000000000000e+00
    1.753100959867183e+01      0.000000000000000e+00
    1.753475959867183e+01      0.000000000000000e+00
    1.753850959867183e+01      0.000000000000000e+00
    1.754225959867183e+01      0.000000000000000e+00
    1.754600959867183e+01      0.000000000000000e+00
    1.754975959867183e+01      0.000000000000000e+00
    1.755350959867183e+01      0.000000000000000e+00
    1.755725959867183e+01      0.000000000000000e+00
    1.756100959867183e+01      0.000000000000000e+00
    1.756475959867183e+01      4.519774011299264e+00
