                     bin:                     prob.:
    3.624944602953935e-01      1.808069863287011e+01
    3.634318771998243e-01      0.000000000000000e+00
    3.643692941042552e-01      0.000000000000000e+00
    3.653067110086862e-01      0.000000000000000e+00
    3.662441279131171e-01      0.000000000000000e+00
    3.671815448175479e-01      0.000000000000000e+00
    3.681189617219788e-01      0.000000000000000e+00
    3.690563786264098e-01      0.000000000000000e+00
    3.699937955308407e-01      0.000000000000000e+00
    3.709312124352716e-01      0.000000000000000e+00
    3.718686293397024e-01      0.000000000000000e+00
    3.728060462441334e-01      0.000000000000000e+00
    3.737434631485643e-01      0.000000000000000e+00
    3.746808800529952e-01      0.000000000000000e+00
    3.756182969574260e-01      0.000000000000000e+00
    3.765557138618570e-01      0.000000000000000e+00
    3.774931307662879e-01      0.000000000000000e+00
    3.784305476707188e-01      0.000000000000000e+00
    3.793679645751497e-01      0.000000000000000e+00
    3.803053814795806e-01      0.000000000000000e+00
    3.812427983840115e-01      0.000000000000000e+00
    3.821802152884424e-01      0.000000000000000e+00
    3.831176321928733e-01      0.000000000000000e+00
    3.840550490973042e-01      0.000000000000000e+00
    3.849924660017351e-01      0.000000000000000e+00
    3.859298829061660e-01      0.000000000000000e+00
    3.868672998105969e-01      0.000000000000000e+00
    3.878047167150278e-01      0.000000000000000e+00
    3.887421336194587e-01      0.000000000000000e+00
    3.896795505238896e-01      0.000000000000000e+00
    3.906169674283205e-01      0.000000000000000e+00
    3.915543843327514e-01      0.000000000000000e+00
    3.924918012371823e-01      0.000000000000000e+00
    3.934292181416132e-01      0.000000000000000e+00
    3.943666350460441e-01      0.000000000000000e+00
    3.953040519504750e-01      0.000000000000000e+00
    3.962414688549059e-01      0.000000000000000e+00
    3.971788857593368e-01      0.000000000000000e+00
    3.981163026637677e-01      0.000000000000000e+00
    3.990537195681986e-01      0.000000000000000e+00
    3.999911364726295e-01      0.000000000000000e+00
    4.009285533770604e-01      0.000000000000000e+00
    4.018659702814913e-01      0.000000000000000e+00
    4.028033871859222e-01      0.000000000000000e+00
    4.037408040903531e-01      0.000000000000000e+00
    4.046782209947840e-01      0.000000000000000e+00
    4.056156378992149e-01      0.000000000000000e+00
    4.065530548036458e-01      0.000000000000000e+00
    4.074904717080767e-01      0.000000000000000e+00
    4.084278886125076e-01      0.000000000000000e+00
    4.093653055169385e-01      0.000000000000000e+00
    4.103027224213694e-01      0.000000000000000e+00
    4.112401393258003e-01      0.000000000000000e+00
    4.121775562302312e-01      0.000000000000000e+00
    4.131149731346621e-01      0.000000000000000e+00
    4.140523900390931e-01      0.000000000000000e+00
    4.149898069435239e-01      0.000000000000000e+00
    4.159272238479548e-01      0.000000000000000e+00
    4.168646407523857e-01      0.000000000000000e+00
    4.178020576568167e-01      0.000000000000000e+00
    4.187394745612475e-01      0.000000000000000e+00
    4.196768914656784e-01      0.000000000000000e+00
    4.206143083701093e-01      0.000000000000000e+00
    4.215517252745403e-01      0.000000000000000e+00
    4.224891421789712e-01      0.000000000000000e+00
    4.234265590834020e-01      0.000000000000000e+00
    4.243639759878329e-01      3.616139726573807e+01
    4.253013928922639e-01      0.000000000000000e+00
    4.262388097966948e-01      0.000000000000000e+00
    4.271762267011256e-01      0.000000000000000e+00
    4.281136436055565e-01      0.000000000000000e+00
    4.290510605099874e-01      0.000000000000000e+00
    4.299884774144184e-01      0.000000000000000e+00
    4.309258943188493e-01      0.000000000000000e+00
    4.318633112232801e-01      0.000000000000000e+00
    4.328007281277111e-01      0.000000000000000e+00
    4.337381450321420e-01      0.000000000000000e+00
    4.346755619365729e-01      0.000000000000000e+00
    4.356129788410038e-01      0.000000000000000e+00
    4.365503957454346e-01      0.000000000000000e+00
    4.374878126498656e-01      0.000000000000000e+00
    4.384252295542965e-01      0.000000000000000e+00
    4.393626464587274e-01      0.000000000000000e+00
    4.403000633631583e-01      0.000000000000000e+00
    4.412374802675892e-01      0.000000000000000e+00
    4.421748971720201e-01      0.000000000000000e+00
    4.431123140764510e-01      0.000000000000000e+00
    4.440497309808819e-01      0.000000000000000e+00
    4.449871478853128e-01      0.000000000000000e+00
    4.459245647897437e-01      0.000000000000000e+00
    4.468619816941746e-01      0.000000000000000e+00
    4.477993985986055e-01      0.000000000000000e+00
    4.487368155030364e-01      0.000000000000000e+00
    4.496742324074673e-01      0.000000000000000e+00
    4.506116493118982e-01      0.000000000000000e+00
    4.515490662163291e-01      0.000000000000000e+00
    4.524864831207600e-01      0.000000000000000e+00
    4.534239000251909e-01      0.000000000000000e+00
    4.543613169296218e-01      0.000000000000000e+00
    4.552987338340527e-01      0.000000000000000e+00
    4.562361507384836e-01      0.000000000000000e+00
    4.571735676429145e-01      0.000000000000000e+00
    4.581109845473454e-01      0.000000000000000e+00
    4.590484014517763e-01      0.000000000000000e+00
    4.599858183562072e-01      0.000000000000000e+00
    4.609232352606381e-01      0.000000000000000e+00
    4.618606521650690e-01      0.000000000000000e+00
    4.627980690694999e-01      0.000000000000000e+00
    4.637354859739308e-01      0.000000000000000e+00
    4.646729028783617e-01      0.000000000000000e+00
    4.656103197827926e-01      0.000000000000000e+00
    4.665477366872235e-01      0.000000000000000e+00
    4.674851535916544e-01      0.000000000000000e+00
    4.684225704960853e-01      0.000000000000000e+00
    4.693599874005162e-01      0.000000000000000e+00
    4.702974043049472e-01      0.000000000000000e+00
    4.712348212093780e-01      0.000000000000000e+00
    4.721722381138089e-01      0.000000000000000e+00
    4.731096550182398e-01      0.000000000000000e+00
    4.740470719226707e-01      0.000000000000000e+00
    4.749844888271016e-01      0.000000000000000e+00
    4.759219057315325e-01      0.000000000000000e+00
    4.768593226359634e-01      0.000000000000000e+00
    4.777967395403944e-01      0.000000000000000e+00
    4.787341564448253e-01      0.000000000000000e+00
    4.796715733492561e-01      0.000000000000000e+00
    4.806089902536870e-01      0.000000000000000e+00
    4.815464071581179e-01      0.000000000000000e+00
    4.824838240625489e-01      0.000000000000000e+00
    4.834212409669797e-01      0.000000000000000e+00
    4.843586578714106e-01      0.000000000000000e+00
    4.852960747758416e-01      0.000000000000000e+00
    4.862334916802725e-01      0.000000000000000e+00
    4.871709085847034e-01      1.808069863287011e+01
    4.881083254891342e-01      0.000000000000000e+00
    4.890457423935651e-01      0.000000000000000e+00
    4.899831592979961e-01      0.000000000000000e+00
    4.909205762024270e-01      0.000000000000000e+00
    4.918579931068578e-01      0.000000000000000e+00
    4.927954100112888e-01      0.000000000000000e+00
    4.937328269157196e-01      0.000000000000000e+00
    4.946702438201506e-01      0.000000000000000e+00
    4.956076607245815e-01      0.000000000000000e+00
    4.965450776290123e-01      0.000000000000000e+00
    4.974824945334433e-01      0.000000000000000e+00
    4.984199114378742e-01      0.000000000000000e+00
    4.993573283423051e-01      0.000000000000000e+00
    5.002947452467360e-01      0.000000000000000e+00
    5.012321621511668e-01      0.000000000000000e+00
    5.021695790555978e-01      0.000000000000000e+00
    5.031069959600287e-01      0.000000000000000e+00
    5.040444128644596e-01      0.000000000000000e+00
    5.049818297688905e-01      0.000000000000000e+00
    5.059192466733213e-01      0.000000000000000e+00
    5.068566635777523e-01      0.000000000000000e+00
    5.077940804821832e-01      0.000000000000000e+00
    5.087314973866141e-01      0.000000000000000e+00
    5.096689142910450e-01      0.000000000000000e+00
    5.106063311954758e-01      0.000000000000000e+00
    5.115437480999068e-01      0.000000000000000e+00
    5.124811650043377e-01      0.000000000000000e+00
    5.134185819087687e-01      0.000000000000000e+00
    5.143559988131995e-01      0.000000000000000e+00
    5.152934157176304e-01      0.000000000000000e+00
    5.162308326220613e-01      0.000000000000000e+00
    5.171682495264922e-01      0.000000000000000e+00
    5.181056664309232e-01      0.000000000000000e+00
    5.190430833353540e-01      0.000000000000000e+00
    5.199805002397849e-01      0.000000000000000e+00
    5.209179171442158e-01      0.000000000000000e+00
    5.218553340486467e-01      0.000000000000000e+00
    5.227927509530776e-01      0.000000000000000e+00
    5.237301678575085e-01      0.000000000000000e+00
    5.246675847619394e-01      0.000000000000000e+00
    5.256050016663703e-01      0.000000000000000e+00
    5.265424185708012e-01      0.000000000000000e+00
    5.274798354752321e-01      0.000000000000000e+00
    5.284172523796631e-01      0.000000000000000e+00
    5.293546692840939e-01      0.000000000000000e+00
    5.302920861885249e-01      0.000000000000000e+00
    5.312295030929557e-01      0.000000000000000e+00
    5.321669199973866e-01      0.000000000000000e+00
    5.331043369018176e-01      0.000000000000000e+00
    5.340417538062484e-01      0.000000000000000e+00
    5.349791707106794e-01      0.000000000000000e+00
    5.359165876151102e-01      0.000000000000000e+00
    5.368540045195411e-01      0.000000000000000e+00
    5.377914214239721e-01      0.000000000000000e+00
    5.387288383284029e-01      0.000000000000000e+00
    5.396662552328338e-01      0.000000000000000e+00
    5.406036721372647e-01      0.000000000000000e+00
    5.415410890416956e-01      0.000000000000000e+00
    5.424785059461266e-01      0.000000000000000e+00
    5.434159228505575e-01      0.000000000000000e+00
    5.443533397549883e-01      0.000000000000000e+00
    5.452907566594193e-01      0.000000000000000e+00
    5.462281735638501e-01      0.000000000000000e+00
    5.471655904682811e-01      0.000000000000000e+00
    5.481030073727120e-01      0.000000000000000e+00
    5.490404242771428e-01      0.000000000000000e+00
    5.499778411815738e-01      3.616139726574236e+01
    5.509152580860046e-01      0.000000000000000e+00
    5.518526749904356e-01      0.000000000000000e+00
    5.527900918948665e-01      0.000000000000000e+00
    5.537275087992973e-01      0.000000000000000e+00
    5.546649257037283e-01      0.000000000000000e+00
    5.556023426081591e-01      0.000000000000000e+00
    5.565397595125900e-01      0.000000000000000e+00
    5.574771764170210e-01      0.000000000000000e+00
    5.584145933214519e-01      0.000000000000000e+00
    5.593520102258828e-01      0.000000000000000e+00
    5.602894271303137e-01      0.000000000000000e+00
    5.612268440347445e-01      0.000000000000000e+00
    5.621642609391755e-01      0.000000000000000e+00
    5.631016778436064e-01      0.000000000000000e+00
    5.640390947480373e-01      0.000000000000000e+00
    5.649765116524682e-01      0.000000000000000e+00
    5.659139285568990e-01      0.000000000000000e+00
    5.668513454613300e-01      0.000000000000000e+00
    5.677887623657609e-01      0.000000000000000e+00
    5.687261792701918e-01      0.000000000000000e+00
    5.696635961746227e-01      0.000000000000000e+00
    5.706010130790535e-01      0.000000000000000e+00
    5.715384299834845e-01      0.000000000000000e+00
    5.724758468879154e-01      0.000000000000000e+00
    5.734132637923464e-01      0.000000000000000e+00
    5.743506806967772e-01      0.000000000000000e+00
    5.752880976012081e-01      0.000000000000000e+00
    5.762255145056390e-01      0.000000000000000e+00
    5.771629314100699e-01      0.000000000000000e+00
    5.781003483145009e-01      0.000000000000000e+00
    5.790377652189317e-01      0.000000000000000e+00
    5.799751821233626e-01      0.000000000000000e+00
    5.809125990277935e-01      0.000000000000000e+00
    5.818500159322244e-01      0.000000000000000e+00
    5.827874328366554e-01      0.000000000000000e+00
    5.837248497410862e-01      0.000000000000000e+00
    5.846622666455171e-01      0.000000000000000e+00
    5.855996835499480e-01      0.000000000000000e+00
    5.865371004543789e-01      0.000000000000000e+00
    5.874745173588098e-01      0.000000000000000e+00
    5.884119342632408e-01      0.000000000000000e+00
    5.893493511676716e-01      0.000000000000000e+00
    5.902867680721026e-01      0.000000000000000e+00
    5.912241849765334e-01      0.000000000000000e+00
    5.921616018809643e-01      0.000000000000000e+00
    5.930990187853953e-01      0.000000000000000e+00
    5.940364356898261e-01      0.000000000000000e+00
    5.949738525942571e-01      0.000000000000000e+00
    5.959112694986879e-01      0.000000000000000e+00
    5.968486864031188e-01      0.000000000000000e+00
    5.977861033075498e-01      0.000000000000000e+00
    5.987235202119806e-01      0.000000000000000e+00
    5.996609371164116e-01      0.000000000000000e+00
    6.005983540208424e-01      0.000000000000000e+00
    6.015357709252733e-01      0.000000000000000e+00
    6.024731878297043e-01      0.000000000000000e+00
    6.034106047341351e-01      0.000000000000000e+00
    6.043480216385660e-01      0.000000000000000e+00
    6.052854385429969e-01      0.000000000000000e+00
    6.062228554474278e-01      0.000000000000000e+00
    6.071602723518588e-01      0.000000000000000e+00
    6.080976892562897e-01      0.000000000000000e+00
    6.090351061607205e-01      0.000000000000000e+00
    6.099725230651515e-01      0.000000000000000e+00
    6.109099399695823e-01      0.000000000000000e+00
    6.118473568740133e-01      1.808069863286904e+01
    6.127847737784442e-01      0.000000000000000e+00
    6.137221906828750e-01      0.000000000000000e+00
    6.146596075873060e-01      0.000000000000000e+00
    6.155970244917368e-01      0.000000000000000e+00
    6.165344413961678e-01      0.000000000000000e+00
    6.174718583005987e-01      0.000000000000000e+00
    6.184092752050296e-01      0.000000000000000e+00
    6.193466921094605e-01      0.000000000000000e+00
    6.202841090138913e-01      0.000000000000000e+00
    6.212215259183222e-01      0.000000000000000e+00
    6.221589428227532e-01      0.000000000000000e+00
    6.230963597271841e-01      0.000000000000000e+00
    6.240337766316150e-01      0.000000000000000e+00
    6.249711935360458e-01      0.000000000000000e+00
    6.259086104404767e-01      0.000000000000000e+00
    6.268460273449077e-01      0.000000000000000e+00
    6.277834442493386e-01      0.000000000000000e+00
    6.287208611537695e-01      0.000000000000000e+00
    6.296582780582004e-01      0.000000000000000e+00
    6.305956949626312e-01      0.000000000000000e+00
    6.315331118670622e-01      0.000000000000000e+00
    6.324705287714931e-01      0.000000000000000e+00
    6.334079456759241e-01      0.000000000000000e+00
    6.343453625803549e-01      0.000000000000000e+00
    6.352827794847857e-01      0.000000000000000e+00
    6.362201963892167e-01      0.000000000000000e+00
    6.371576132936476e-01      0.000000000000000e+00
    6.380950301980786e-01      0.000000000000000e+00
    6.390324471025094e-01      0.000000000000000e+00
    6.399698640069402e-01      0.000000000000000e+00
    6.409072809113712e-01      0.000000000000000e+00
    6.418446978158021e-01      0.000000000000000e+00
    6.427821147202331e-01      0.000000000000000e+00
    6.437195316246639e-01      0.000000000000000e+00
    6.446569485290948e-01      0.000000000000000e+00
    6.455943654335257e-01      0.000000000000000e+00
    6.465317823379566e-01      0.000000000000000e+00
    6.474691992423875e-01      0.000000000000000e+00
    6.484066161468185e-01      0.000000000000000e+00
    6.493440330512493e-01      0.000000000000000e+00
    6.502814499556802e-01      0.000000000000000e+00
    6.512188668601111e-01      0.000000000000000e+00
    6.521562837645420e-01      0.000000000000000e+00
    6.530937006689730e-01      0.000000000000000e+00
    6.540311175734038e-01      0.000000000000000e+00
    6.549685344778347e-01      0.000000000000000e+00
    6.559059513822656e-01      0.000000000000000e+00
    6.568433682866965e-01      0.000000000000000e+00
    6.577807851911275e-01      0.000000000000000e+00
    6.587182020955583e-01      0.000000000000000e+00
    6.596556189999893e-01      0.000000000000000e+00
    6.605930359044201e-01      0.000000000000000e+00
    6.615304528088510e-01      0.000000000000000e+00
    6.624678697132820e-01      0.000000000000000e+00
    6.634052866177129e-01      0.000000000000000e+00
    6.643427035221438e-01      0.000000000000000e+00
    6.652801204265746e-01      0.000000000000000e+00
    6.662175373310055e-01      0.000000000000000e+00
    6.671549542354365e-01      0.000000000000000e+00
    6.680923711398674e-01      0.000000000000000e+00
    6.690297880442982e-01      0.000000000000000e+00
    6.699672049487291e-01      0.000000000000000e+00
    6.709046218531600e-01      0.000000000000000e+00
    6.718420387575910e-01      0.000000000000000e+00
    6.727794556620219e-01      0.000000000000000e+00
    6.737168725664527e-01      0.000000000000000e+00
    6.746542894708837e-01      3.616139726574236e+01
    6.755917063753145e-01      0.000000000000000e+00
    6.765291232797455e-01      0.000000000000000e+00
    6.774665401841764e-01      0.000000000000000e+00
    6.784039570886073e-01      0.000000000000000e+00
    6.793413739930382e-01      0.000000000000000e+00
    6.802787908974690e-01      0.000000000000000e+00
    6.812162078019000e-01      0.000000000000000e+00
    6.821536247063309e-01      0.000000000000000e+00
    6.830910416107618e-01      0.000000000000000e+00
    6.840284585151927e-01      0.000000000000000e+00
    6.849658754196235e-01      0.000000000000000e+00
    6.859032923240544e-01      0.000000000000000e+00
    6.868407092284854e-01      0.000000000000000e+00
    6.877781261329163e-01      0.000000000000000e+00
    6.887155430373472e-01      0.000000000000000e+00
    6.896529599417781e-01      0.000000000000000e+00
    6.905903768462089e-01      0.000000000000000e+00
    6.915277937506399e-01      0.000000000000000e+00
    6.924652106550708e-01      0.000000000000000e+00
    6.934026275595018e-01      0.000000000000000e+00
    6.943400444639326e-01      0.000000000000000e+00
    6.952774613683634e-01      0.000000000000000e+00
    6.962148782727944e-01      0.000000000000000e+00
    6.971522951772253e-01      0.000000000000000e+00
    6.980897120816563e-01      0.000000000000000e+00
    6.990271289860871e-01      0.000000000000000e+00
    6.999645458905179e-01      0.000000000000000e+00
    7.009019627949489e-01      0.000000000000000e+00
    7.018393796993798e-01      0.000000000000000e+00
    7.027767966038108e-01      0.000000000000000e+00
    7.037142135082416e-01      0.000000000000000e+00
    7.046516304126725e-01      0.000000000000000e+00
    7.055890473171034e-01      0.000000000000000e+00
    7.065264642215343e-01      0.000000000000000e+00
    7.074638811259653e-01      0.000000000000000e+00
    7.084012980303962e-01      0.000000000000000e+00
    7.093387149348270e-01      0.000000000000000e+00
    7.102761318392579e-01      0.000000000000000e+00
    7.112135487436888e-01      0.000000000000000e+00
    7.121509656481197e-01      0.000000000000000e+00
    7.130883825525507e-01      0.000000000000000e+00
    7.140257994569815e-01      0.000000000000000e+00
    7.149632163614124e-01      0.000000000000000e+00
    7.159006332658433e-01      0.000000000000000e+00
    7.168380501702742e-01      0.000000000000000e+00
    7.177754670747052e-01      0.000000000000000e+00
    7.187128839791360e-01      0.000000000000000e+00
    7.196503008835670e-01      0.000000000000000e+00
    7.205877177879978e-01      0.000000000000000e+00
    7.215251346924287e-01      0.000000000000000e+00
    7.224625515968597e-01      0.000000000000000e+00
    7.233999685012905e-01      0.000000000000000e+00
    7.243373854057215e-01      0.000000000000000e+00
    7.252748023101523e-01      0.000000000000000e+00
    7.262122192145832e-01      0.000000000000000e+00
    7.271496361190142e-01      0.000000000000000e+00
    7.280870530234451e-01      0.000000000000000e+00
    7.290244699278760e-01      0.000000000000000e+00
    7.299618868323068e-01      0.000000000000000e+00
    7.308993037367377e-01      0.000000000000000e+00
    7.318367206411687e-01      0.000000000000000e+00
    7.327741375455996e-01      0.000000000000000e+00
    7.337115544500304e-01      0.000000000000000e+00
    7.346489713544613e-01      0.000000000000000e+00
    7.355863882588922e-01      0.000000000000000e+00
    7.365238051633232e-01      0.000000000000000e+00
    7.374612220677541e-01      1.808069863287118e+01
    7.383986389721849e-01      0.000000000000000e+00
    7.393360558766159e-01      0.000000000000000e+00
    7.402734727810467e-01      0.000000000000000e+00
    7.412108896854777e-01      0.000000000000000e+00
    7.421483065899086e-01      0.000000000000000e+00
    7.430857234943395e-01      0.000000000000000e+00
    7.440231403987704e-01      0.000000000000000e+00
    7.449605573032012e-01      0.000000000000000e+00
    7.458979742076322e-01      0.000000000000000e+00
    7.468353911120631e-01      0.000000000000000e+00
    7.477728080164940e-01      0.000000000000000e+00
    7.487102249209249e-01      0.000000000000000e+00
    7.496476418253557e-01      0.000000000000000e+00
    7.505850587297866e-01      0.000000000000000e+00
    7.515224756342176e-01      0.000000000000000e+00
    7.524598925386485e-01      0.000000000000000e+00
    7.533973094430794e-01      0.000000000000000e+00
    7.543347263475103e-01      0.000000000000000e+00
    7.552721432519411e-01      0.000000000000000e+00
    7.562095601563721e-01      0.000000000000000e+00
    7.571469770608030e-01      0.000000000000000e+00
    7.580843939652340e-01      0.000000000000000e+00
    7.590218108696648e-01      0.000000000000000e+00
    7.599592277740956e-01      0.000000000000000e+00
    7.608966446785266e-01      0.000000000000000e+00
    7.618340615829575e-01      0.000000000000000e+00
    7.627714784873885e-01      0.000000000000000e+00
    7.637088953918193e-01      0.000000000000000e+00
    7.646463122962501e-01      0.000000000000000e+00
    7.655837292006811e-01      0.000000000000000e+00
    7.665211461051120e-01      0.000000000000000e+00
    7.674585630095430e-01      0.000000000000000e+00
    7.683959799139738e-01      0.000000000000000e+00
    7.693333968184047e-01      0.000000000000000e+00
    7.702708137228356e-01      0.000000000000000e+00
    7.712082306272665e-01      0.000000000000000e+00
    7.721456475316975e-01      0.000000000000000e+00
    7.730830644361284e-01      0.000000000000000e+00
    7.740204813405592e-01      0.000000000000000e+00
    7.749578982449901e-01      0.000000000000000e+00
    7.758953151494210e-01      0.000000000000000e+00
    7.768327320538519e-01      0.000000000000000e+00
    7.777701489582829e-01      0.000000000000000e+00
    7.787075658627137e-01      0.000000000000000e+00
    7.796449827671446e-01      0.000000000000000e+00
    7.805823996715755e-01      0.000000000000000e+00
    7.815198165760064e-01      0.000000000000000e+00
    7.824572334804374e-01      0.000000000000000e+00
    7.833946503848682e-01      0.000000000000000e+00
    7.843320672892992e-01      0.000000000000000e+00
    7.852694841937300e-01      0.000000000000000e+00
    7.862069010981609e-01      0.000000000000000e+00
    7.871443180025919e-01      0.000000000000000e+00
    7.880817349070228e-01      0.000000000000000e+00
    7.890191518114537e-01      0.000000000000000e+00
    7.899565687158845e-01      0.000000000000000e+00
    7.908939856203154e-01      0.000000000000000e+00
    7.918314025247464e-01      0.000000000000000e+00
    7.927688194291773e-01      0.000000000000000e+00
    7.937062363336082e-01      0.000000000000000e+00
    7.946436532380390e-01      0.000000000000000e+00
    7.955810701424699e-01      0.000000000000000e+00
    7.965184870469009e-01      0.000000000000000e+00
    7.974559039513318e-01      0.000000000000000e+00
    7.983933208557626e-01      0.000000000000000e+00
    7.993307377601936e-01      0.000000000000000e+00
    8.002681546646244e-01      0.000000000000000e+00
    8.012055715690554e-01      0.000000000000000e+00
    8.021429884734863e-01      0.000000000000000e+00
    8.030804053779173e-01      0.000000000000000e+00
    8.040178222823481e-01      0.000000000000000e+00
    8.049552391867789e-01      0.000000000000000e+00
    8.058926560912099e-01      0.000000000000000e+00
    8.068300729956408e-01      0.000000000000000e+00
    8.077674899000717e-01      0.000000000000000e+00
    8.087049068045026e-01      0.000000000000000e+00
    8.096423237089334e-01      0.000000000000000e+00
    8.105797406133644e-01      0.000000000000000e+00
    8.115171575177953e-01      0.000000000000000e+00
    8.124545744222262e-01      0.000000000000000e+00
    8.133919913266571e-01      0.000000000000000e+00
    8.143294082310880e-01      0.000000000000000e+00
    8.152668251355188e-01      0.000000000000000e+00
    8.162042420399498e-01      0.000000000000000e+00
    8.171416589443807e-01      0.000000000000000e+00
    8.180790758488117e-01      0.000000000000000e+00
    8.190164927532425e-01      0.000000000000000e+00
    8.199539096576733e-01      0.000000000000000e+00
    8.208913265621043e-01      0.000000000000000e+00
    8.218287434665352e-01      0.000000000000000e+00
    8.227661603709662e-01      0.000000000000000e+00
    8.237035772753970e-01      0.000000000000000e+00
    8.246409941798278e-01      0.000000000000000e+00
    8.255784110842588e-01      0.000000000000000e+00
    8.265158279886897e-01      0.000000000000000e+00
    8.274532448931207e-01      0.000000000000000e+00
    8.283906617975515e-01      0.000000000000000e+00
    8.293280787019824e-01      0.000000000000000e+00
    8.302654956064133e-01      0.000000000000000e+00
    8.312029125108442e-01      1.808069863286904e+01
    8.321403294152752e-01      0.000000000000000e+00
    8.330777463197061e-01      0.000000000000000e+00
    8.340151632241369e-01      0.000000000000000e+00
    8.349525801285678e-01      0.000000000000000e+00
    8.358899970329987e-01      0.000000000000000e+00
    8.368274139374297e-01      0.000000000000000e+00
    8.377648308418606e-01      0.000000000000000e+00
    8.387022477462914e-01      0.000000000000000e+00
    8.396396646507223e-01      0.000000000000000e+00
    8.405770815551532e-01      0.000000000000000e+00
    8.415144984595841e-01      0.000000000000000e+00
    8.424519153640151e-01      0.000000000000000e+00
    8.433893322684459e-01      0.000000000000000e+00
    8.443267491728768e-01      0.000000000000000e+00
    8.452641660773077e-01      0.000000000000000e+00
    8.462015829817386e-01      0.000000000000000e+00
    8.471389998861696e-01      0.000000000000000e+00
    8.480764167906004e-01      0.000000000000000e+00
    8.490138336950314e-01      0.000000000000000e+00
    8.499512505994622e-01      0.000000000000000e+00
    8.508886675038931e-01      0.000000000000000e+00
    8.518260844083241e-01      0.000000000000000e+00
    8.527635013127550e-01      0.000000000000000e+00
    8.537009182171859e-01      0.000000000000000e+00
    8.546383351216167e-01      0.000000000000000e+00
    8.555757520260476e-01      0.000000000000000e+00
    8.565131689304786e-01      0.000000000000000e+00
    8.574505858349095e-01      0.000000000000000e+00
    8.583880027393404e-01      0.000000000000000e+00
    8.593254196437712e-01      0.000000000000000e+00
    8.602628365482021e-01      0.000000000000000e+00
    8.612002534526331e-01      0.000000000000000e+00
    8.621376703570640e-01      3.616139726574236e+01
    8.630750872614948e-01      0.000000000000000e+00
    8.640125041659258e-01      0.000000000000000e+00
    8.649499210703566e-01      0.000000000000000e+00
    8.658873379747876e-01      0.000000000000000e+00
    8.668247548792185e-01      0.000000000000000e+00
    8.677621717836493e-01      0.000000000000000e+00
    8.686995886880803e-01      0.000000000000000e+00
    8.696370055925112e-01      0.000000000000000e+00
    8.705744224969421e-01      0.000000000000000e+00
    8.715118394013730e-01      0.000000000000000e+00
    8.724492563058038e-01      0.000000000000000e+00
    8.733866732102348e-01      0.000000000000000e+00
    8.743240901146657e-01      0.000000000000000e+00
    8.752615070190966e-01      0.000000000000000e+00
    8.761989239235275e-01      0.000000000000000e+00
    8.771363408279584e-01      0.000000000000000e+00
    8.780737577323893e-01      0.000000000000000e+00
    8.790111746368202e-01      0.000000000000000e+00
    8.799485915412510e-01      0.000000000000000e+00
    8.808860084456820e-01      0.000000000000000e+00
    8.818234253501129e-01      0.000000000000000e+00
    8.827608422545438e-01      0.000000000000000e+00
    8.836982591589747e-01      0.000000000000000e+00
    8.846356760634057e-01      0.000000000000000e+00
    8.855730929678365e-01      0.000000000000000e+00
    8.865105098722674e-01      0.000000000000000e+00
    8.874479267766983e-01      0.000000000000000e+00
    8.883853436811292e-01      0.000000000000000e+00
    8.893227605855601e-01      0.000000000000000e+00
    8.902601774899910e-01      0.000000000000000e+00
    8.911975943944219e-01      0.000000000000000e+00
    8.921350112988529e-01      0.000000000000000e+00
    8.930724282032837e-01      1.808069863286904e+01
    8.940098451077146e-01      0.000000000000000e+00
    8.949472620121455e-01      0.000000000000000e+00
    8.958846789165764e-01      0.000000000000000e+00
    8.968220958210074e-01      0.000000000000000e+00
    8.977595127254382e-01      0.000000000000000e+00
    8.986969296298691e-01      0.000000000000000e+00
    8.996343465343001e-01      0.000000000000000e+00
    9.005717634387309e-01      0.000000000000000e+00
    9.015091803431619e-01      0.000000000000000e+00
    9.024465972475927e-01      0.000000000000000e+00
    9.033840141520236e-01      0.000000000000000e+00
    9.043214310564546e-01      0.000000000000000e+00
    9.052588479608854e-01      0.000000000000000e+00
    9.061962648653163e-01      0.000000000000000e+00
    9.071336817697473e-01      0.000000000000000e+00
    9.080710986741781e-01      0.000000000000000e+00
    9.090085155786091e-01      0.000000000000000e+00
    9.099459324830399e-01      0.000000000000000e+00
    9.108833493874708e-01      0.000000000000000e+00
    9.118207662919018e-01      0.000000000000000e+00
    9.127581831963326e-01      0.000000000000000e+00
    9.136956001007636e-01      0.000000000000000e+00
    9.146330170051945e-01      0.000000000000000e+00
    9.155704339096253e-01      0.000000000000000e+00
    9.165078508140563e-01      0.000000000000000e+00
    9.174452677184871e-01      0.000000000000000e+00
    9.183826846229181e-01      0.000000000000000e+00
    9.193201015273490e-01      0.000000000000000e+00
    9.202575184317798e-01      0.000000000000000e+00
    9.211949353362108e-01      0.000000000000000e+00
    9.221323522406417e-01      0.000000000000000e+00
    9.230697691450725e-01      0.000000000000000e+00
    9.240071860495035e-01      0.000000000000000e+00
    9.249446029539343e-01      5.424209589860711e+01
    9.258820198583653e-01      0.000000000000000e+00
    9.268194367627962e-01      0.000000000000000e+00
    9.277568536672270e-01      0.000000000000000e+00
    9.286942705716580e-01      0.000000000000000e+00
    9.296316874760889e-01      0.000000000000000e+00
    9.305691043805198e-01      0.000000000000000e+00
    9.315065212849507e-01      0.000000000000000e+00
    9.324439381893815e-01      0.000000000000000e+00
    9.333813550938125e-01      0.000000000000000e+00
    9.343187719982434e-01      0.000000000000000e+00
    9.352561889026743e-01      0.000000000000000e+00
    9.361936058071052e-01      0.000000000000000e+00
    9.371310227115361e-01      0.000000000000000e+00
    9.380684396159670e-01      0.000000000000000e+00
    9.390058565203979e-01      0.000000000000000e+00
    9.399432734248288e-01      1.808069863286904e+01
    9.408806903292597e-01      0.000000000000000e+00
    9.418181072336906e-01      0.000000000000000e+00
    9.427555241381215e-01      0.000000000000000e+00
    9.436929410425524e-01      0.000000000000000e+00
    9.446303579469834e-01      0.000000000000000e+00
    9.455677748514142e-01      0.000000000000000e+00
    9.465051917558451e-01      0.000000000000000e+00
    9.474426086602760e-01      0.000000000000000e+00
    9.483800255647069e-01      0.000000000000000e+00
    9.493174424691379e-01      0.000000000000000e+00
    9.502548593735687e-01      0.000000000000000e+00
    9.511922762779996e-01      0.000000000000000e+00
    9.521296931824306e-01      0.000000000000000e+00
    9.530671100868614e-01      0.000000000000000e+00
    9.540045269912923e-01      0.000000000000000e+00
    9.549419438957232e-01      0.000000000000000e+00
    9.558793608001541e-01      3.616139726573807e+01
    9.568167777045851e-01      0.000000000000000e+00
    9.577541946090159e-01      0.000000000000000e+00
    9.586916115134468e-01      0.000000000000000e+00
    9.596290284178778e-01      0.000000000000000e+00
    9.605664453223086e-01      0.000000000000000e+00
    9.615038622267396e-01      0.000000000000000e+00
    9.624412791311704e-01      0.000000000000000e+00
    9.633786960356013e-01      0.000000000000000e+00
    9.643161129400323e-01      0.000000000000000e+00
    9.652535298444631e-01      0.000000000000000e+00
    9.661909467488941e-01      0.000000000000000e+00
    9.671283636533249e-01      0.000000000000000e+00
    9.680657805577558e-01      0.000000000000000e+00
    9.690031974621868e-01      0.000000000000000e+00
    9.699406143666176e-01      0.000000000000000e+00
    9.708780312710485e-01      1.808069863286904e+01
    9.718154481754795e-01      0.000000000000000e+00
    9.727528650799103e-01      0.000000000000000e+00
    9.736902819843413e-01      0.000000000000000e+00
    9.746276988887721e-01      0.000000000000000e+00
    9.755651157932030e-01      0.000000000000000e+00
    9.765025326976340e-01      0.000000000000000e+00
    9.774399496020648e-01      0.000000000000000e+00
    9.783773665064958e-01      0.000000000000000e+00
    9.793147834109267e-01      0.000000000000000e+00
    9.802522003153575e-01      0.000000000000000e+00
    9.811896172197885e-01      0.000000000000000e+00
    9.821270341242193e-01      0.000000000000000e+00
    9.830644510286503e-01      0.000000000000000e+00
    9.840018679330812e-01      0.000000000000000e+00
    9.849392848375120e-01      0.000000000000000e+00
    9.858767017419430e-01      0.000000000000000e+00
    9.868141186463739e-01      5.424209589861354e+01
    9.877515355508047e-01      0.000000000000000e+00
    9.886889524552357e-01      0.000000000000000e+00
    9.896263693596665e-01      0.000000000000000e+00
    9.905637862640975e-01      0.000000000000000e+00
    9.915012031685284e-01      0.000000000000000e+00
    9.924386200729592e-01      0.000000000000000e+00
    9.933760369773902e-01      0.000000000000000e+00
    9.943134538818211e-01      0.000000000000000e+00
    9.952508707862520e-01      0.000000000000000e+00
    9.961882876906829e-01      0.000000000000000e+00
    9.971257045951137e-01      0.000000000000000e+00
    9.980631214995447e-01      0.000000000000000e+00
    9.990005384039756e-01      0.000000000000000e+00
    9.999379553084065e-01      0.000000000000000e+00
    1.000875372212837e+00      0.000000000000000e+00
    1.001812789117268e+00      0.000000000000000e+00
    1.002750206021699e+00      1.808069863286904e+01
    1.003687622926130e+00      0.000000000000000e+00
    1.004625039830561e+00      0.000000000000000e+00
    1.005562456734992e+00      0.000000000000000e+00
    1.006499873639423e+00      0.000000000000000e+00
    1.007437290543854e+00      0.000000000000000e+00
    1.008374707448285e+00      0.000000000000000e+00
    1.009312124352716e+00      0.000000000000000e+00
    1.010249541257146e+00      0.000000000000000e+00
    1.011186958161577e+00      0.000000000000000e+00
    1.012124375066008e+00      0.000000000000000e+00
    1.013061791970439e+00      0.000000000000000e+00
    1.013999208874870e+00      0.000000000000000e+00
    1.014936625779301e+00      0.000000000000000e+00
    1.015874042683732e+00      0.000000000000000e+00
    1.016811459588163e+00      0.000000000000000e+00
    1.017748876492594e+00      3.616139726573807e+01
    1.018686293397025e+00      0.000000000000000e+00
    1.019623710301455e+00      0.000000000000000e+00
    1.020561127205886e+00      0.000000000000000e+00
    1.021498544110317e+00      0.000000000000000e+00
    1.022435961014748e+00      0.000000000000000e+00
    1.023373377919179e+00      0.000000000000000e+00
    1.024310794823610e+00      0.000000000000000e+00
    1.025248211728041e+00      0.000000000000000e+00
    1.026185628632472e+00      0.000000000000000e+00
    1.027123045536903e+00      0.000000000000000e+00
    1.028060462441334e+00      0.000000000000000e+00
    1.028997879345765e+00      0.000000000000000e+00
    1.029935296250195e+00      0.000000000000000e+00
    1.030872713154626e+00      0.000000000000000e+00
    1.031810130059057e+00      0.000000000000000e+00
    1.032747546963488e+00      0.000000000000000e+00
    1.033684963867919e+00      1.808069863286904e+01
    1.034622380772350e+00      0.000000000000000e+00
    1.035559797676781e+00      0.000000000000000e+00
    1.036497214581212e+00      0.000000000000000e+00
    1.037434631485643e+00      0.000000000000000e+00
    1.038372048390074e+00      0.000000000000000e+00
    1.039309465294505e+00      0.000000000000000e+00
    1.040246882198935e+00      0.000000000000000e+00
    1.041184299103366e+00      0.000000000000000e+00
    1.042121716007797e+00      0.000000000000000e+00
    1.043059132912228e+00      0.000000000000000e+00
    1.043996549816659e+00      0.000000000000000e+00
    1.044933966721090e+00      0.000000000000000e+00
    1.045871383625521e+00      0.000000000000000e+00
    1.046808800529952e+00      0.000000000000000e+00
    1.047746217434383e+00      0.000000000000000e+00
    1.048683634338814e+00      0.000000000000000e+00
    1.049621051243244e+00      0.000000000000000e+00
    1.050558468147675e+00      0.000000000000000e+00
    1.051495885052106e+00      0.000000000000000e+00
    1.052433301956537e+00      0.000000000000000e+00
    1.053370718860968e+00      0.000000000000000e+00
    1.054308135765399e+00      0.000000000000000e+00
    1.055245552669830e+00      0.000000000000000e+00
    1.056182969574261e+00      0.000000000000000e+00
    1.057120386478692e+00      0.000000000000000e+00
    1.058057803383122e+00      0.000000000000000e+00
    1.058995220287553e+00      0.000000000000000e+00
    1.059932637191984e+00      0.000000000000000e+00
    1.060870054096415e+00      0.000000000000000e+00
    1.061807471000846e+00      0.000000000000000e+00
    1.062744887905277e+00      0.000000000000000e+00
    1.063682304809708e+00      0.000000000000000e+00
    1.064619721714139e+00      0.000000000000000e+00
    1.065557138618570e+00      0.000000000000000e+00
    1.066494555523001e+00      0.000000000000000e+00
    1.067431972427431e+00      0.000000000000000e+00
    1.068369389331862e+00      1.808069863286904e+01
    1.069306806236293e+00      0.000000000000000e+00
    1.070244223140724e+00      0.000000000000000e+00
    1.071181640045155e+00      0.000000000000000e+00
    1.072119056949586e+00      0.000000000000000e+00
    1.073056473854017e+00      0.000000000000000e+00
    1.073993890758448e+00      0.000000000000000e+00
    1.074931307662879e+00      0.000000000000000e+00
    1.075868724567310e+00      0.000000000000000e+00
    1.076806141471740e+00      0.000000000000000e+00
    1.077743558376171e+00      0.000000000000000e+00
    1.078680975280602e+00      0.000000000000000e+00
    1.079618392185033e+00      0.000000000000000e+00
    1.080555809089464e+00      0.000000000000000e+00
    1.081493225993895e+00      0.000000000000000e+00
    1.082430642898326e+00      0.000000000000000e+00
    1.083368059802757e+00      0.000000000000000e+00
    1.084305476707188e+00      0.000000000000000e+00
    1.085242893611619e+00      0.000000000000000e+00
    1.086180310516049e+00      0.000000000000000e+00
    1.087117727420480e+00      3.616139726573807e+01
    1.088055144324911e+00      0.000000000000000e+00
    1.088992561229342e+00      0.000000000000000e+00
    1.089929978133773e+00      0.000000000000000e+00
    1.090867395038204e+00      0.000000000000000e+00
    1.091804811942635e+00      0.000000000000000e+00
    1.092742228847066e+00      0.000000000000000e+00
    1.093679645751497e+00      0.000000000000000e+00
    1.094617062655928e+00      0.000000000000000e+00
    1.095554479560358e+00      0.000000000000000e+00
    1.096491896464789e+00      0.000000000000000e+00
    1.097429313369220e+00      0.000000000000000e+00
    1.098366730273651e+00      0.000000000000000e+00
    1.099304147178082e+00      0.000000000000000e+00
    1.100241564082513e+00      0.000000000000000e+00
    1.101178980986944e+00      0.000000000000000e+00
    1.102116397891375e+00      0.000000000000000e+00
    1.103053814795806e+00      0.000000000000000e+00
    1.103991231700236e+00      0.000000000000000e+00
    1.104928648604667e+00      0.000000000000000e+00
    1.105866065509098e+00      1.808069863286904e+01
    1.106803482413529e+00      0.000000000000000e+00
    1.107740899317960e+00      0.000000000000000e+00
    1.108678316222391e+00      0.000000000000000e+00
    1.109615733126822e+00      0.000000000000000e+00
    1.110553150031253e+00      0.000000000000000e+00
    1.111490566935684e+00      0.000000000000000e+00
    1.112427983840115e+00      0.000000000000000e+00
    1.113365400744545e+00      0.000000000000000e+00
    1.114302817648976e+00      0.000000000000000e+00
    1.115240234553407e+00      0.000000000000000e+00
    1.116177651457838e+00      0.000000000000000e+00
    1.117115068362269e+00      0.000000000000000e+00
    1.118052485266700e+00      0.000000000000000e+00
    1.118989902171131e+00      0.000000000000000e+00
    1.119927319075562e+00      0.000000000000000e+00
    1.120864735979993e+00      0.000000000000000e+00
    1.121802152884424e+00      0.000000000000000e+00
    1.122739569788854e+00      0.000000000000000e+00
    1.123676986693285e+00      0.000000000000000e+00
    1.124614403597716e+00      5.424209589860711e+01
    1.125551820502147e+00      0.000000000000000e+00
    1.126489237406578e+00      0.000000000000000e+00
    1.127426654311009e+00      0.000000000000000e+00
    1.128364071215440e+00      0.000000000000000e+00
    1.129301488119871e+00      0.000000000000000e+00
    1.130238905024302e+00      0.000000000000000e+00
    1.131176321928733e+00      0.000000000000000e+00
    1.132113738833163e+00      0.000000000000000e+00
    1.133051155737594e+00      0.000000000000000e+00
    1.133988572642025e+00      0.000000000000000e+00
    1.134925989546456e+00      0.000000000000000e+00
    1.135863406450887e+00      0.000000000000000e+00
    1.136800823355318e+00      0.000000000000000e+00
    1.137738240259749e+00      0.000000000000000e+00
    1.138675657164180e+00      0.000000000000000e+00
    1.139613074068611e+00      0.000000000000000e+00
    1.140550490973042e+00      0.000000000000000e+00
    1.141487907877473e+00      0.000000000000000e+00
    1.142425324781903e+00      0.000000000000000e+00
    1.143362741686334e+00      1.808069863286904e+01
    1.144300158590765e+00      0.000000000000000e+00
    1.145237575495196e+00      0.000000000000000e+00
    1.146174992399627e+00      0.000000000000000e+00
    1.147112409304058e+00      0.000000000000000e+00
    1.148049826208489e+00      0.000000000000000e+00
    1.148987243112920e+00      0.000000000000000e+00
    1.149924660017351e+00      0.000000000000000e+00
    1.150862076921782e+00      0.000000000000000e+00
    1.151799493826212e+00      0.000000000000000e+00
    1.152736910730643e+00      0.000000000000000e+00
    1.153674327635074e+00      0.000000000000000e+00
    1.154611744539505e+00      0.000000000000000e+00
    1.155549161443936e+00      0.000000000000000e+00
    1.156486578348367e+00      0.000000000000000e+00
    1.157423995252798e+00      0.000000000000000e+00
    1.158361412157229e+00      0.000000000000000e+00
    1.159298829061660e+00      0.000000000000000e+00
    1.160236245966091e+00      0.000000000000000e+00
    1.161173662870522e+00      0.000000000000000e+00
    1.162111079774952e+00      3.616139726573807e+01
    1.163048496679383e+00      0.000000000000000e+00
    1.163985913583814e+00      0.000000000000000e+00
    1.164923330488245e+00      0.000000000000000e+00
    1.165860747392676e+00      0.000000000000000e+00
    1.166798164297107e+00      0.000000000000000e+00
    1.167735581201538e+00      0.000000000000000e+00
    1.168672998105969e+00      0.000000000000000e+00
    1.169610415010400e+00      0.000000000000000e+00
    1.170547831914831e+00      0.000000000000000e+00
    1.171485248819262e+00      0.000000000000000e+00
    1.172422665723692e+00      0.000000000000000e+00
    1.173360082628123e+00      0.000000000000000e+00
    1.174297499532554e+00      0.000000000000000e+00
    1.175234916436985e+00      0.000000000000000e+00
    1.176172333341416e+00      0.000000000000000e+00
    1.177109750245847e+00      0.000000000000000e+00
    1.178047167150278e+00      0.000000000000000e+00
    1.178984584054709e+00      0.000000000000000e+00
    1.179922000959140e+00      0.000000000000000e+00
    1.180859417863571e+00      1.808069863287332e+01
    1.181796834768001e+00      0.000000000000000e+00
    1.182734251672432e+00      0.000000000000000e+00
    1.183671668576863e+00      0.000000000000000e+00
    1.184609085481294e+00      0.000000000000000e+00
    1.185546502385725e+00      0.000000000000000e+00
    1.186483919290156e+00      0.000000000000000e+00
    1.187421336194587e+00      0.000000000000000e+00
    1.188358753099018e+00      0.000000000000000e+00
    1.189296170003449e+00      0.000000000000000e+00
    1.190233586907880e+00      0.000000000000000e+00
    1.191171003812310e+00      0.000000000000000e+00
    1.192108420716741e+00      0.000000000000000e+00
    1.193045837621172e+00      0.000000000000000e+00
    1.193983254525603e+00      0.000000000000000e+00
    1.194920671430034e+00      0.000000000000000e+00
    1.195858088334465e+00      0.000000000000000e+00
    1.196795505238896e+00      0.000000000000000e+00
    1.197732922143327e+00      0.000000000000000e+00
    1.198670339047758e+00      0.000000000000000e+00
    1.199607755952188e+00      0.000000000000000e+00
    1.200545172856619e+00      0.000000000000000e+00
    1.201482589761050e+00      0.000000000000000e+00
    1.202420006665481e+00      0.000000000000000e+00
    1.203357423569912e+00      0.000000000000000e+00
    1.204294840474343e+00      0.000000000000000e+00
    1.205232257378774e+00      0.000000000000000e+00
    1.206169674283205e+00      0.000000000000000e+00
    1.207107091187636e+00      0.000000000000000e+00
    1.208044508092067e+00      0.000000000000000e+00
    1.208981924996497e+00      0.000000000000000e+00
    1.209919341900928e+00      0.000000000000000e+00
    1.210856758805359e+00      0.000000000000000e+00
    1.211794175709790e+00      1.808069863286904e+01
    1.212731592614221e+00      0.000000000000000e+00
    1.213669009518652e+00      0.000000000000000e+00
    1.214606426423083e+00      0.000000000000000e+00
    1.215543843327514e+00      0.000000000000000e+00
    1.216481260231945e+00      0.000000000000000e+00
    1.217418677136376e+00      0.000000000000000e+00
    1.218356094040807e+00      0.000000000000000e+00
    1.219293510945237e+00      0.000000000000000e+00
    1.220230927849668e+00      0.000000000000000e+00
    1.221168344754099e+00      0.000000000000000e+00
    1.222105761658530e+00      0.000000000000000e+00
    1.223043178562961e+00      0.000000000000000e+00
    1.223980595467392e+00      0.000000000000000e+00
    1.224918012371823e+00      3.616139726573807e+01
    1.225855429276254e+00      0.000000000000000e+00
    1.226792846180685e+00      0.000000000000000e+00
    1.227730263085116e+00      0.000000000000000e+00
    1.228667679989547e+00      0.000000000000000e+00
    1.229605096893977e+00      0.000000000000000e+00
    1.230542513798408e+00      0.000000000000000e+00
    1.231479930702839e+00      0.000000000000000e+00
    1.232417347607270e+00      0.000000000000000e+00
    1.233354764511701e+00      0.000000000000000e+00
    1.234292181416132e+00      0.000000000000000e+00
    1.235229598320563e+00      0.000000000000000e+00
    1.236167015224994e+00      0.000000000000000e+00
    1.237104432129425e+00      1.808069863286904e+01
    1.238041849033856e+00      0.000000000000000e+00
    1.238979265938286e+00      0.000000000000000e+00
    1.239916682842717e+00      0.000000000000000e+00
    1.240854099747148e+00      0.000000000000000e+00
    1.241791516651579e+00      0.000000000000000e+00
    1.242728933556010e+00      0.000000000000000e+00
    1.243666350460441e+00      0.000000000000000e+00
    1.244603767364872e+00      0.000000000000000e+00
    1.245541184269303e+00      0.000000000000000e+00
    1.246478601173734e+00      0.000000000000000e+00
    1.247416018078165e+00      0.000000000000000e+00
    1.248353434982596e+00      0.000000000000000e+00
    1.249290851887026e+00      7.232279453147615e+01
    1.250228268791457e+00      0.000000000000000e+00
    1.251165685695888e+00      0.000000000000000e+00
    1.252103102600319e+00      0.000000000000000e+00
    1.253040519504750e+00      0.000000000000000e+00
    1.253977936409181e+00      0.000000000000000e+00
    1.254915353313612e+00      0.000000000000000e+00
    1.255852770218043e+00      1.808069863286904e+01
    1.256790187122474e+00      0.000000000000000e+00
    1.257727604026905e+00      0.000000000000000e+00
    1.258665020931335e+00      0.000000000000000e+00
    1.259602437835766e+00      0.000000000000000e+00
    1.260539854740197e+00      0.000000000000000e+00
    1.261477271644628e+00      0.000000000000000e+00
    1.262414688549059e+00      3.616139726573807e+01
    1.263352105453490e+00      0.000000000000000e+00
    1.264289522357921e+00      0.000000000000000e+00
    1.265226939262352e+00      0.000000000000000e+00
    1.266164356166783e+00      0.000000000000000e+00
    1.267101773071214e+00      0.000000000000000e+00
    1.268039189975644e+00      1.808069863287332e+01
    1.268976606880075e+00      0.000000000000000e+00
    1.269914023784506e+00      0.000000000000000e+00
    1.270851440688937e+00      0.000000000000000e+00
    1.271788857593368e+00      0.000000000000000e+00
    1.272726274497799e+00      0.000000000000000e+00
    1.273663691402230e+00      0.000000000000000e+00
    1.274601108306661e+00      5.424209589860711e+01
    1.275538525211092e+00      0.000000000000000e+00
    1.276475942115523e+00      0.000000000000000e+00
    1.277413359019953e+00      0.000000000000000e+00
    1.278350775924384e+00      0.000000000000000e+00
    1.279288192828815e+00      0.000000000000000e+00
    1.280225609733246e+00      0.000000000000000e+00
    1.281163026637677e+00      1.808069863287332e+01
    1.282100443542108e+00      0.000000000000000e+00
    1.283037860446539e+00      0.000000000000000e+00
    1.283975277350970e+00      0.000000000000000e+00
    1.284912694255401e+00      0.000000000000000e+00
    1.285850111159831e+00      0.000000000000000e+00
    1.286787528064262e+00      3.616139726573807e+01
    1.287724944968693e+00      0.000000000000000e+00
    1.288662361873124e+00      0.000000000000000e+00
    1.289599778777555e+00      0.000000000000000e+00
    1.290537195681986e+00      0.000000000000000e+00
    1.291474612586417e+00      0.000000000000000e+00
    1.292412029490848e+00      0.000000000000000e+00
    1.293349446395279e+00      1.808069863286904e+01
    1.294286863299710e+00      0.000000000000000e+00
    1.295224280204140e+00      0.000000000000000e+00
    1.296161697108571e+00      0.000000000000000e+00
    1.297099114013002e+00      0.000000000000000e+00
    1.298036530917433e+00      0.000000000000000e+00
    1.298973947821864e+00      1.808069863286904e+01
