                     bin:                     prob.:
    1.379896169446694e+01      4.519774011299264e+00
    1.380271169446694e+01      0.000000000000000e+00
    1.380646169446694e+01      0.000000000000000e+00
    1.381021169446694e+01      0.000000000000000e+00
    1.381396169446694e+01      0.000000000000000e+00
    1.381771169446694e+01      0.000000000000000e+00
    1.382146169446694e+01      0.000000000000000e+00
    1.382521169446693e+01      0.000000000000000e+00
    1.382896169446694e+01      0.000000000000000e+00
    1.383271169446694e+01      0.000000000000000e+00
    1.383646169446694e+01      0.000000000000000e+00
    1.384021169446694e+01      0.000000000000000e+00
    1.384396169446694e+01      0.000000000000000e+00
    1.384771169446694e+01      0.000000000000000e+00
    1.385146169446694e+01      0.000000000000000e+00
    1.385521169446694e+01      0.000000000000000e+00
    1.385896169446694e+01      0.000000000000000e+00
    1.386271169446694e+01      0.000000000000000e+00
    1.386646169446694e+01      0.000000000000000e+00
    1.387021169446693e+01      0.000000000000000e+00
    1.387396169446694e+01      0.000000000000000e+00
    1.387771169446694e+01      0.000000000000000e+00
    1.388146169446694e+01      0.000000000000000e+00
    1.388521169446694e+01      0.000000000000000e+00
    1.388896169446694e+01      0.000000000000000e+00
    1.389271169446694e+01      0.000000000000000e+00
    1.389646169446694e+01      9.039548022598527e+00
    1.390021169446694e+01      0.000000000000000e+00
    1.390396169446694e+01      0.000000000000000e+00
    1.390771169446694e+01      0.000000000000000e+00
    1.391146169446694e+01      0.000000000000000e+00
    1.391521169446694e+01      0.000000000000000e+00
    1.391896169446693e+01      0.000000000000000e+00
    1.392271169446694e+01      0.000000000000000e+00
    1.392646169446694e+01      0.000000000000000e+00
    1.393021169446694e+01      0.000000000000000e+00
    1.393396169446694e+01      0.000000000000000e+00
    1.393771169446694e+01      0.000000000000000e+00
    1.394146169446694e+01      0.000000000000000e+00
    1.394521169446694e+01      0.000000000000000e+00
    1.394896169446694e+01      0.000000000000000e+00
    1.395271169446694e+01      0.000000000000000e+00
    1.395646169446694e+01      0.000000000000000e+00
    1.396021169446694e+01      0.000000000000000e+00
    1.396396169446693e+01      0.000000000000000e+00
    1.396771169446694e+01      0.000000000000000e+00
    1.397146169446694e+01      0.000000000000000e+00
    1.397521169446694e+01      0.000000000000000e+00
    1.397896169446694e+01      0.000000000000000e+00
    1.398271169446694e+01      0.000000000000000e+00
    1.398646169446694e+01      0.000000000000000e+00
    1.399021169446694e+01      0.000000000000000e+00
    1.399396169446694e+01      0.000000000000000e+00
    1.399771169446694e+01      4.519774011299264e+00
    1.400146169446694e+01      0.000000000000000e+00
    1.400521169446694e+01      0.000000000000000e+00
    1.400896169446694e+01      0.000000000000000e+00
    1.401271169446693e+01      0.000000000000000e+00
    1.401646169446694e+01      0.000000000000000e+00
    1.402021169446694e+01      0.000000000000000e+00
    1.402396169446694e+01      0.000000000000000e+00
    1.402771169446694e+01      0.000000000000000e+00
    1.403146169446694e+01      0.000000000000000e+00
    1.403521169446694e+01      0.000000000000000e+00
    1.403896169446694e+01      0.000000000000000e+00
    1.404271169446694e+01      0.000000000000000e+00
    1.404646169446694e+01      0.000000000000000e+00
    1.405021169446694e+01      0.000000000000000e+00
    1.405396169446694e+01      0.000000000000000e+00
    1.405771169446693e+01      0.000000000000000e+00
    1.406146169446694e+01      0.000000000000000e+00
    1.406521169446694e+01      0.000000000000000e+00
    1.406896169446694e+01      0.000000000000000e+00
    1.407271169446694e+01      0.000000000000000e+00
    1.407646169446694e+01      0.000000000000000e+00
    1.408021169446694e+01      0.000000000000000e+00
    1.408396169446694e+01      0.000000000000000e+00
    1.408771169446694e+01      0.000000000000000e+00
    1.409146169446694e+01      0.000000000000000e+00
    1.409521169446694e+01      9.039548022598527e+00
    1.409896169446694e+01      0.000000000000000e+00
    1.410271169446694e+01      0.000000000000000e+00
    1.410646169446693e+01      0.000000000000000e+00
    1.411021169446694e+01      0.000000000000000e+00
    1.411396169446694e+01      0.000000000000000e+00
    1.411771169446694e+01      0.000000000000000e+00
    1.412146169446694e+01      0.000000000000000e+00
    1.412521169446694e+01      0.000000000000000e+00
    1.412896169446694e+01      0.000000000000000e+00
    1.413271169446694e+01      0.000000000000000e+00
    1.413646169446694e+01      0.000000000000000e+00
    1.414021169446694e+01      0.000000000000000e+00
    1.414396169446694e+01      0.000000000000000e+00
    1.414771169446694e+01      0.000000000000000e+00
    1.415146169446693e+01      0.000000000000000e+00
    1.415521169446694e+01      0.000000000000000e+00
    1.415896169446694e+01      0.000000000000000e+00
    1.416271169446694e+01      0.000000000000000e+00
    1.416646169446694e+01      0.000000000000000e+00
    1.417021169446694e+01      0.000000000000000e+00
    1.417396169446694e+01      0.000000000000000e+00
    1.417771169446694e+01      0.000000000000000e+00
    1.418146169446694e+01      0.000000000000000e+00
    1.418521169446694e+01      0.000000000000000e+00
    1.418896169446694e+01      0.000000000000000e+00
    1.419271169446694e+01      0.000000000000000e+00
    1.419646169446694e+01      4.519774011301404e+00
    1.420021169446693e+01      0.000000000000000e+00
    1.420396169446694e+01      0.000000000000000e+00
    1.420771169446694e+01      0.000000000000000e+00
    1.421146169446694e+01      0.000000000000000e+00
    1.421521169446694e+01      0.000000000000000e+00
    1.421896169446694e+01      0.000000000000000e+00
    1.422271169446694e+01      0.000000000000000e+00
    1.422646169446694e+01      0.000000000000000e+00
    1.423021169446694e+01      0.000000000000000e+00
    1.423396169446694e+01      0.000000000000000e+00
    1.423771169446694e+01      0.000000000000000e+00
    1.424146169446694e+01      0.000000000000000e+00
    1.424521169446693e+01      0.000000000000000e+00
    1.424896169446694e+01      0.000000000000000e+00
    1.425271169446694e+01      0.000000000000000e+00
    1.425646169446694e+01      0.000000000000000e+00
    1.426021169446694e+01      0.000000000000000e+00
    1.426396169446694e+01      0.000000000000000e+00
    1.426771169446694e+01      0.000000000000000e+00
    1.427146169446694e+01      0.000000000000000e+00
    1.427521169446694e+01      0.000000000000000e+00
    1.427896169446694e+01      0.000000000000000e+00
    1.428271169446694e+01      0.000000000000000e+00
    1.428646169446694e+01      0.000000000000000e+00
    1.429021169446694e+01      0.000000000000000e+00
    1.429396169446693e+01      0.000000000000000e+00
    1.429771169446694e+01      9.039548022598527e+00
    1.430146169446694e+01      0.000000000000000e+00
    1.430521169446694e+01      0.000000000000000e+00
    1.430896169446694e+01      0.000000000000000e+00
    1.431271169446694e+01      0.000000000000000e+00
    1.431646169446694e+01      0.000000000000000e+00
    1.432021169446694e+01      0.000000000000000e+00
    1.432396169446694e+01      0.000000000000000e+00
    1.432771169446694e+01      0.000000000000000e+00
    1.433146169446694e+01      0.000000000000000e+00
    1.433521169446694e+01      0.000000000000000e+00
    1.433896169446693e+01      0.000000000000000e+00
    1.434271169446694e+01      0.000000000000000e+00
    1.434646169446694e+01      0.000000000000000e+00
    1.435021169446694e+01      0.000000000000000e+00
    1.435396169446694e+01      0.000000000000000e+00
    1.435771169446694e+01      0.000000000000000e+00
    1.436146169446694e+01      0.000000000000000e+00
    1.436521169446694e+01      0.000000000000000e+00
    1.436896169446694e+01      0.000000000000000e+00
    1.437271169446694e+01      0.000000000000000e+00
    1.437646169446694e+01      0.000000000000000e+00
    1.438021169446694e+01      0.000000000000000e+00
    1.438396169446694e+01      0.000000000000000e+00
    1.438771169446693e+01      0.000000000000000e+00
    1.439146169446694e+01      0.000000000000000e+00
    1.439521169446694e+01      4.519774011299264e+00
    1.439896169446694e+01      0.000000000000000e+00
    1.440271169446694e+01      0.000000000000000e+00
    1.440646169446694e+01      0.000000000000000e+00
    1.441021169446694e+01      0.000000000000000e+00
    1.441396169446694e+01      0.000000000000000e+00
    1.441771169446694e+01      0.000000000000000e+00
    1.442146169446694e+01      0.000000000000000e+00
    1.442521169446694e+01      0.000000000000000e+00
    1.442896169446694e+01      0.000000000000000e+00
    1.443271169446693e+01      0.000000000000000e+00
    1.443646169446694e+01      0.000000000000000e+00
    1.444021169446694e+01      0.000000000000000e+00
    1.444396169446694e+01      0.000000000000000e+00
    1.444771169446694e+01      0.000000000000000e+00
    1.445146169446694e+01      0.000000000000000e+00
    1.445521169446694e+01      0.000000000000000e+00
    1.445896169446694e+01      0.000000000000000e+00
    1.446271169446694e+01      0.000000000000000e+00
    1.446646169446694e+01      0.000000000000000e+00
    1.447021169446694e+01      0.000000000000000e+00
    1.447396169446694e+01      0.000000000000000e+00
    1.447771169446694e+01      0.000000000000000e+00
    1.448146169446693e+01      0.000000000000000e+00
    1.448521169446694e+01      0.000000000000000e+00
    1.448896169446694e+01      0.000000000000000e+00
    1.449271169446694e+01      0.000000000000000e+00
    1.449646169446694e+01      9.039548022598527e+00
    1.450021169446694e+01      0.000000000000000e+00
    1.450396169446694e+01      0.000000000000000e+00
    1.450771169446694e+01      0.000000000000000e+00
    1.451146169446694e+01      0.000000000000000e+00
    1.451521169446694e+01      0.000000000000000e+00
    1.451896169446694e+01      0.000000000000000e+00
    1.452271169446694e+01      0.000000000000000e+00
    1.452646169446693e+01      0.000000000000000e+00
    1.453021169446694e+01      0.000000000000000e+00
    1.453396169446694e+01      0.000000000000000e+00
    1.453771169446694e+01      0.000000000000000e+00
    1.454146169446694e+01      0.000000000000000e+00
    1.454521169446694e+01      0.000000000000000e+00
    1.454896169446694e+01      0.000000000000000e+00
    1.455271169446694e+01      0.000000000000000e+00
    1.455646169446694e+01      0.000000000000000e+00
    1.456021169446694e+01      0.000000000000000e+00
    1.456396169446694e+01      0.000000000000000e+00
    1.456771169446694e+01      0.000000000000000e+00
    1.457146169446694e+01      0.000000000000000e+00
    1.457521169446693e+01      0.000000000000000e+00
    1.457896169446694e+01      0.000000000000000e+00
    1.458271169446694e+01      0.000000000000000e+00
    1.458646169446694e+01      0.000000000000000e+00
    1.459021169446694e+01      0.000000000000000e+00
    1.459396169446694e+01      0.000000000000000e+00
    1.459771169446694e+01      4.519774011299264e+00
    1.460146169446694e+01      0.000000000000000e+00
    1.460521169446694e+01      0.000000000000000e+00
    1.460896169446694e+01      0.000000000000000e+00
    1.461271169446694e+01      0.000000000000000e+00
    1.461646169446694e+01      0.000000000000000e+00
    1.462021169446693e+01      0.000000000000000e+00
    1.462396169446694e+01      0.000000000000000e+00
    1.462771169446694e+01      0.000000000000000e+00
    1.463146169446694e+01      0.000000000000000e+00
    1.463521169446694e+01      0.000000000000000e+00
    1.463896169446694e+01      0.000000000000000e+00
    1.464271169446694e+01      0.000000000000000e+00
    1.464646169446694e+01      0.000000000000000e+00
    1.465021169446694e+01      0.000000000000000e+00
    1.465396169446694e+01      0.000000000000000e+00
    1.465771169446694e+01      0.000000000000000e+00
    1.466146169446694e+01      0.000000000000000e+00
    1.466521169446694e+01      0.000000000000000e+00
    1.466896169446693e+01      0.000000000000000e+00
    1.467271169446694e+01      0.000000000000000e+00
    1.467646169446694e+01      0.000000000000000e+00
    1.468021169446694e+01      0.000000000000000e+00
    1.468396169446694e+01      0.000000000000000e+00
    1.468771169446694e+01      0.000000000000000e+00
    1.469146169446694e+01      0.000000000000000e+00
    1.469521169446694e+01      9.039548022598527e+00
    1.469896169446694e+01      0.000000000000000e+00
    1.470271169446694e+01      0.000000000000000e+00
    1.470646169446694e+01      0.000000000000000e+00
    1.471021169446694e+01      0.000000000000000e+00
    1.471396169446693e+01      0.000000000000000e+00
    1.471771169446694e+01      0.000000000000000e+00
    1.472146169446694e+01      0.000000000000000e+00
    1.472521169446694e+01      0.000000000000000e+00
    1.472896169446694e+01      0.000000000000000e+00
    1.473271169446694e+01      0.000000000000000e+00
    1.473646169446694e+01      0.000000000000000e+00
    1.474021169446694e+01      0.000000000000000e+00
    1.474396169446694e+01      0.000000000000000e+00
    1.474771169446694e+01      0.000000000000000e+00
    1.475146169446694e+01      0.000000000000000e+00
    1.475521169446694e+01      0.000000000000000e+00
    1.475896169446694e+01      0.000000000000000e+00
    1.476271169446693e+01      0.000000000000000e+00
    1.476646169446694e+01      0.000000000000000e+00
    1.477021169446694e+01      0.000000000000000e+00
    1.477396169446694e+01      0.000000000000000e+00
    1.477771169446694e+01      0.000000000000000e+00
    1.478146169446694e+01      0.000000000000000e+00
    1.478521169446694e+01      0.000000000000000e+00
    1.478896169446694e+01      0.000000000000000e+00
    1.479271169446694e+01      0.000000000000000e+00
    1.479646169446694e+01      4.519774011299264e+00
    1.480021169446694e+01      0.000000000000000e+00
    1.480396169446693e+01      0.000000000000000e+00
    1.480771169446693e+01      0.000000000000000e+00
    1.481146169446694e+01      0.000000000000000e+00
    1.481521169446694e+01      0.000000000000000e+00
    1.481896169446694e+01      0.000000000000000e+00
    1.482271169446694e+01      0.000000000000000e+00
    1.482646169446694e+01      0.000000000000000e+00
    1.483021169446694e+01      0.000000000000000e+00
    1.483396169446694e+01      0.000000000000000e+00
    1.483771169446694e+01      0.000000000000000e+00
    1.484146169446694e+01      0.000000000000000e+00
    1.484521169446694e+01      0.000000000000000e+00
    1.484896169446694e+01      0.000000000000000e+00
    1.485271169446694e+01      0.000000000000000e+00
    1.485646169446693e+01      0.000000000000000e+00
    1.486021169446694e+01      0.000000000000000e+00
    1.486396169446694e+01      0.000000000000000e+00
    1.486771169446694e+01      0.000000000000000e+00
    1.487146169446694e+01      0.000000000000000e+00
    1.487521169446694e+01      0.000000000000000e+00
    1.487896169446694e+01      0.000000000000000e+00
    1.488271169446694e+01      0.000000000000000e+00
    1.488646169446694e+01      0.000000000000000e+00
    1.489021169446694e+01      0.000000000000000e+00
    1.489396169446694e+01      0.000000000000000e+00
    1.489771169446693e+01      9.039548022598527e+00
    1.490146169446693e+01      0.000000000000000e+00
    1.490521169446694e+01      0.000000000000000e+00
    1.490896169446694e+01      0.000000000000000e+00
    1.491271169446694e+01      0.000000000000000e+00
    1.491646169446694e+01      0.000000000000000e+00
    1.492021169446694e+01      0.000000000000000e+00
    1.492396169446694e+01      0.000000000000000e+00
    1.492771169446694e+01      0.000000000000000e+00
    1.493146169446694e+01      0.000000000000000e+00
    1.493521169446694e+01      0.000000000000000e+00
    1.493896169446694e+01      0.000000000000000e+00
    1.494271169446694e+01      0.000000000000000e+00
    1.494646169446694e+01      0.000000000000000e+00
    1.495021169446693e+01      0.000000000000000e+00
    1.495396169446694e+01      0.000000000000000e+00
    1.495771169446694e+01      0.000000000000000e+00
    1.496146169446694e+01      0.000000000000000e+00
    1.496521169446694e+01      0.000000000000000e+00
    1.496896169446694e+01      0.000000000000000e+00
    1.497271169446694e+01      0.000000000000000e+00
    1.497646169446694e+01      0.000000000000000e+00
    1.498021169446694e+01      0.000000000000000e+00
    1.498396169446694e+01      0.000000000000000e+00
    1.498771169446694e+01      0.000000000000000e+00
    1.499146169446693e+01      0.000000000000000e+00
    1.499521169446693e+01      0.000000000000000e+00
    1.499896169446694e+01      0.000000000000000e+00
    1.500271169446694e+01      0.000000000000000e+00
    1.500646169446694e+01      0.000000000000000e+00
    1.501021169446694e+01      0.000000000000000e+00
    1.501396169446694e+01      0.000000000000000e+00
    1.501771169446694e+01      0.000000000000000e+00
    1.502146169446694e+01      0.000000000000000e+00
    1.502521169446694e+01      0.000000000000000e+00
    1.502896169446694e+01      0.000000000000000e+00
    1.503271169446694e+01      0.000000000000000e+00
    1.503646169446694e+01      0.000000000000000e+00
    1.504021169446694e+01      0.000000000000000e+00
    1.504396169446693e+01      0.000000000000000e+00
    1.504771169446694e+01      0.000000000000000e+00
    1.505146169446694e+01      0.000000000000000e+00
    1.505521169446694e+01      0.000000000000000e+00
    1.505896169446694e+01      0.000000000000000e+00
    1.506271169446694e+01      0.000000000000000e+00
    1.506646169446694e+01      0.000000000000000e+00
    1.507021169446694e+01      0.000000000000000e+00
    1.507396169446694e+01      0.000000000000000e+00
    1.507771169446694e+01      0.000000000000000e+00
    1.508146169446694e+01      0.000000000000000e+00
    1.508521169446693e+01      0.000000000000000e+00
    1.508896169446693e+01      0.000000000000000e+00
    1.509271169446694e+01      0.000000000000000e+00
    1.509646169446694e+01      4.519774011299264e+00
    1.510021169446694e+01      0.000000000000000e+00
    1.510396169446694e+01      0.000000000000000e+00
    1.510771169446694e+01      0.000000000000000e+00
    1.511146169446694e+01      0.000000000000000e+00
    1.511521169446694e+01      0.000000000000000e+00
    1.511896169446694e+01      0.000000000000000e+00
    1.512271169446694e+01      0.000000000000000e+00
    1.512646169446694e+01      0.000000000000000e+00
    1.513021169446694e+01      0.000000000000000e+00
    1.513396169446694e+01      0.000000000000000e+00
    1.513771169446693e+01      0.000000000000000e+00
    1.514146169446694e+01      0.000000000000000e+00
    1.514521169446694e+01      0.000000000000000e+00
    1.514896169446694e+01      0.000000000000000e+00
    1.515271169446694e+01      0.000000000000000e+00
    1.515646169446694e+01      0.000000000000000e+00
    1.516021169446694e+01      0.000000000000000e+00
    1.516396169446694e+01      0.000000000000000e+00
    1.516771169446694e+01      0.000000000000000e+00
    1.517146169446694e+01      0.000000000000000e+00
    1.517521169446694e+01      0.000000000000000e+00
    1.517896169446693e+01      0.000000000000000e+00
    1.518271169446693e+01      0.000000000000000e+00
    1.518646169446694e+01      0.000000000000000e+00
    1.519021169446694e+01      0.000000000000000e+00
    1.519396169446694e+01      0.000000000000000e+00
    1.519771169446694e+01      0.000000000000000e+00
    1.520146169446694e+01      0.000000000000000e+00
    1.520521169446694e+01      0.000000000000000e+00
    1.520896169446694e+01      0.000000000000000e+00
    1.521271169446694e+01      0.000000000000000e+00
    1.521646169446694e+01      0.000000000000000e+00
    1.522021169446694e+01      0.000000000000000e+00
    1.522396169446694e+01      0.000000000000000e+00
    1.522771169446694e+01      0.000000000000000e+00
    1.523146169446693e+01      0.000000000000000e+00
    1.523521169446694e+01      0.000000000000000e+00
    1.523896169446694e+01      0.000000000000000e+00
    1.524271169446694e+01      0.000000000000000e+00
    1.524646169446694e+01      0.000000000000000e+00
    1.525021169446694e+01      0.000000000000000e+00
    1.525396169446694e+01      0.000000000000000e+00
    1.525771169446694e+01      0.000000000000000e+00
    1.526146169446694e+01      0.000000000000000e+00
    1.526521169446694e+01      0.000000000000000e+00
    1.526896169446694e+01      0.000000000000000e+00
    1.527271169446693e+01      0.000000000000000e+00
    1.527646169446693e+01      0.000000000000000e+00
    1.528021169446694e+01      0.000000000000000e+00
    1.528396169446694e+01      0.000000000000000e+00
    1.528771169446694e+01      0.000000000000000e+00
    1.529146169446694e+01      0.000000000000000e+00
    1.529521169446694e+01      0.000000000000000e+00
    1.529896169446694e+01      0.000000000000000e+00
    1.530271169446694e+01      0.000000000000000e+00
    1.530646169446694e+01      0.000000000000000e+00
    1.531021169446694e+01      0.000000000000000e+00
    1.531396169446694e+01      0.000000000000000e+00
    1.531771169446694e+01      0.000000000000000e+00
    1.532146169446694e+01      0.000000000000000e+00
    1.532521169446693e+01      0.000000000000000e+00
    1.532896169446694e+01      0.000000000000000e+00
    1.533271169446694e+01      0.000000000000000e+00
    1.533646169446694e+01      0.000000000000000e+00
    1.534021169446694e+01      0.000000000000000e+00
    1.534396169446694e+01      0.000000000000000e+00
    1.534771169446694e+01      0.000000000000000e+00
    1.535146169446694e+01      0.000000000000000e+00
    1.535521169446694e+01      0.000000000000000e+00
    1.535896169446694e+01      0.000000000000000e+00
    1.536271169446694e+01      0.000000000000000e+00
    1.536646169446693e+01      0.000000000000000e+00
    1.537021169446693e+01      4.519774011299264e+00
    1.537396169446694e+01      0.000000000000000e+00
    1.537771169446694e+01      0.000000000000000e+00
    1.538146169446694e+01      0.000000000000000e+00
    1.538521169446694e+01      0.000000000000000e+00
    1.538896169446694e+01      0.000000000000000e+00
    1.539271169446694e+01      0.000000000000000e+00
    1.539646169446694e+01      0.000000000000000e+00
    1.540021169446694e+01      0.000000000000000e+00
    1.540396169446694e+01      0.000000000000000e+00
    1.540771169446694e+01      0.000000000000000e+00
    1.541146169446694e+01      0.000000000000000e+00
    1.541521169446694e+01      0.000000000000000e+00
    1.541896169446693e+01      0.000000000000000e+00
    1.542271169446694e+01      0.000000000000000e+00
    1.542646169446694e+01      0.000000000000000e+00
    1.543021169446694e+01      0.000000000000000e+00
    1.543396169446694e+01      0.000000000000000e+00
    1.543771169446694e+01      0.000000000000000e+00
    1.544146169446694e+01      0.000000000000000e+00
    1.544521169446694e+01      9.039548022598527e+00
    1.544896169446694e+01      0.000000000000000e+00
    1.545271169446694e+01      0.000000000000000e+00
    1.545646169446694e+01      0.000000000000000e+00
    1.546021169446693e+01      0.000000000000000e+00
    1.546396169446693e+01      0.000000000000000e+00
    1.546771169446694e+01      0.000000000000000e+00
    1.547146169446694e+01      0.000000000000000e+00
    1.547521169446694e+01      0.000000000000000e+00
    1.547896169446694e+01      0.000000000000000e+00
    1.548271169446694e+01      0.000000000000000e+00
    1.548646169446694e+01      0.000000000000000e+00
    1.549021169446694e+01      0.000000000000000e+00
    1.549396169446694e+01      0.000000000000000e+00
    1.549771169446694e+01      0.000000000000000e+00
    1.550146169446694e+01      0.000000000000000e+00
    1.550521169446694e+01      0.000000000000000e+00
    1.550896169446694e+01      0.000000000000000e+00
    1.551271169446693e+01      0.000000000000000e+00
    1.551646169446694e+01      0.000000000000000e+00
    1.552021169446694e+01      4.519774011299264e+00
    1.552396169446694e+01      0.000000000000000e+00
    1.552771169446694e+01      0.000000000000000e+00
    1.553146169446694e+01      0.000000000000000e+00
    1.553521169446694e+01      0.000000000000000e+00
    1.553896169446694e+01      0.000000000000000e+00
    1.554271169446694e+01      0.000000000000000e+00
    1.554646169446694e+01      0.000000000000000e+00
    1.555021169446694e+01      0.000000000000000e+00
    1.555396169446693e+01      0.000000000000000e+00
    1.555771169446693e+01      0.000000000000000e+00
    1.556146169446694e+01      0.000000000000000e+00
    1.556521169446694e+01      0.000000000000000e+00
    1.556896169446694e+01      0.000000000000000e+00
    1.557271169446694e+01      0.000000000000000e+00
    1.557646169446694e+01      0.000000000000000e+00
    1.558021169446694e+01      0.000000000000000e+00
    1.558396169446694e+01      0.000000000000000e+00
    1.558771169446694e+01      0.000000000000000e+00
    1.559146169446694e+01      0.000000000000000e+00
    1.559521169446694e+01      2.711864406779558e+01
    1.559896169446694e+01      0.000000000000000e+00
    1.560271169446694e+01      0.000000000000000e+00
    1.560646169446693e+01      0.000000000000000e+00
    1.561021169446694e+01      0.000000000000000e+00
    1.561396169446694e+01      0.000000000000000e+00
    1.561771169446694e+01      0.000000000000000e+00
    1.562146169446694e+01      0.000000000000000e+00
    1.562521169446694e+01      0.000000000000000e+00
    1.562896169446694e+01      0.000000000000000e+00
    1.563271169446694e+01      0.000000000000000e+00
    1.563646169446694e+01      0.000000000000000e+00
    1.564021169446694e+01      0.000000000000000e+00
    1.564396169446694e+01      0.000000000000000e+00
    1.564771169446693e+01      0.000000000000000e+00
    1.565146169446693e+01      0.000000000000000e+00
    1.565521169446694e+01      0.000000000000000e+00
    1.565896169446694e+01      0.000000000000000e+00
    1.566271169446694e+01      0.000000000000000e+00
    1.566646169446694e+01      0.000000000000000e+00
    1.567021169446694e+01      4.519774011299264e+00
    1.567396169446694e+01      0.000000000000000e+00
    1.567771169446694e+01      0.000000000000000e+00
    1.568146169446694e+01      0.000000000000000e+00
    1.568521169446694e+01      0.000000000000000e+00
    1.568896169446694e+01      0.000000000000000e+00
    1.569271169446694e+01      0.000000000000000e+00
    1.569646169446694e+01      0.000000000000000e+00
    1.570021169446693e+01      0.000000000000000e+00
    1.570396169446694e+01      0.000000000000000e+00
    1.570771169446694e+01      0.000000000000000e+00
    1.571146169446694e+01      0.000000000000000e+00
    1.571521169446694e+01      0.000000000000000e+00
    1.571896169446694e+01      0.000000000000000e+00
    1.572271169446694e+01      0.000000000000000e+00
    1.572646169446694e+01      0.000000000000000e+00
    1.573021169446694e+01      0.000000000000000e+00
    1.573396169446694e+01      0.000000000000000e+00
    1.573771169446694e+01      0.000000000000000e+00
    1.574146169446693e+01      0.000000000000000e+00
    1.574521169446693e+01      9.039548022598527e+00
    1.574896169446694e+01      0.000000000000000e+00
    1.575271169446694e+01      0.000000000000000e+00
    1.575646169446694e+01      0.000000000000000e+00
    1.576021169446694e+01      0.000000000000000e+00
    1.576396169446694e+01      0.000000000000000e+00
    1.576771169446694e+01      0.000000000000000e+00
    1.577146169446694e+01      0.000000000000000e+00
    1.577521169446694e+01      0.000000000000000e+00
    1.577896169446694e+01      0.000000000000000e+00
    1.578271169446694e+01      0.000000000000000e+00
    1.578646169446694e+01      0.000000000000000e+00
    1.579021169446694e+01      0.000000000000000e+00
    1.579396169446693e+01      0.000000000000000e+00
    1.579771169446694e+01      0.000000000000000e+00
    1.580146169446694e+01      0.000000000000000e+00
    1.580521169446694e+01      0.000000000000000e+00
    1.580896169446694e+01      0.000000000000000e+00
    1.581271169446694e+01      0.000000000000000e+00
    1.581646169446694e+01      0.000000000000000e+00
    1.582021169446694e+01      4.519774011299264e+00
    1.582396169446694e+01      0.000000000000000e+00
    1.582771169446694e+01      0.000000000000000e+00
    1.583146169446693e+01      0.000000000000000e+00
    1.583521169446693e+01      0.000000000000000e+00
    1.583896169446693e+01      0.000000000000000e+00
    1.584271169446694e+01      0.000000000000000e+00
    1.584646169446694e+01      0.000000000000000e+00
    1.585021169446694e+01      0.000000000000000e+00
    1.585396169446694e+01      0.000000000000000e+00
    1.585771169446694e+01      0.000000000000000e+00
    1.586146169446694e+01      0.000000000000000e+00
    1.586521169446694e+01      0.000000000000000e+00
    1.586896169446694e+01      0.000000000000000e+00
    1.587271169446694e+01      0.000000000000000e+00
    1.587646169446694e+01      0.000000000000000e+00
    1.588021169446694e+01      0.000000000000000e+00
    1.588396169446694e+01      0.000000000000000e+00
    1.588771169446694e+01      0.000000000000000e+00
    1.589146169446694e+01      0.000000000000000e+00
    1.589521169446694e+01      4.519774011299264e+00
    1.589896169446694e+01      0.000000000000000e+00
    1.590271169446694e+01      0.000000000000000e+00
    1.590646169446694e+01      0.000000000000000e+00
    1.591021169446694e+01      0.000000000000000e+00
    1.591396169446694e+01      0.000000000000000e+00
    1.591771169446694e+01      0.000000000000000e+00
    1.592146169446694e+01      0.000000000000000e+00
    1.592521169446693e+01      0.000000000000000e+00
    1.592896169446693e+01      0.000000000000000e+00
    1.593271169446693e+01      4.519774011299264e+00
    1.593646169446694e+01      0.000000000000000e+00
    1.594021169446694e+01      0.000000000000000e+00
    1.594396169446694e+01      0.000000000000000e+00
    1.594771169446694e+01      0.000000000000000e+00
    1.595146169446694e+01      0.000000000000000e+00
    1.595521169446694e+01      0.000000000000000e+00
    1.595896169446694e+01      0.000000000000000e+00
    1.596271169446694e+01      0.000000000000000e+00
    1.596646169446694e+01      0.000000000000000e+00
    1.597021169446694e+01      9.039548022598527e+00
    1.597396169446694e+01      0.000000000000000e+00
    1.597771169446694e+01      0.000000000000000e+00
    1.598146169446694e+01      0.000000000000000e+00
    1.598521169446694e+01      0.000000000000000e+00
    1.598896169446694e+01      0.000000000000000e+00
    1.599271169446694e+01      0.000000000000000e+00
    1.599646169446694e+01      0.000000000000000e+00
    1.600021169446693e+01      0.000000000000000e+00
    1.600396169446694e+01      0.000000000000000e+00
    1.600771169446693e+01      4.519774011299264e+00
    1.601146169446693e+01      0.000000000000000e+00
    1.601521169446693e+01      0.000000000000000e+00
    1.601896169446693e+01      0.000000000000000e+00
    1.602271169446693e+01      0.000000000000000e+00
    1.602646169446693e+01      0.000000000000000e+00
    1.603021169446694e+01      0.000000000000000e+00
    1.603396169446694e+01      0.000000000000000e+00
    1.603771169446694e+01      0.000000000000000e+00
    1.604146169446694e+01      0.000000000000000e+00
    1.604521169446694e+01      9.039548022598527e+00
    1.604896169446694e+01      0.000000000000000e+00
    1.605271169446694e+01      0.000000000000000e+00
    1.605646169446694e+01      0.000000000000000e+00
    1.606021169446694e+01      0.000000000000000e+00
    1.606396169446694e+01      0.000000000000000e+00
    1.606771169446694e+01      0.000000000000000e+00
    1.607146169446694e+01      0.000000000000000e+00
    1.607521169446694e+01      0.000000000000000e+00
    1.607896169446694e+01      0.000000000000000e+00
    1.608271169446694e+01      0.000000000000000e+00
    1.608646169446694e+01      0.000000000000000e+00
    1.609021169446694e+01      0.000000000000000e+00
    1.609396169446693e+01      0.000000000000000e+00
    1.609771169446694e+01      0.000000000000000e+00
    1.610146169446693e+01      0.000000000000000e+00
    1.610521169446693e+01      0.000000000000000e+00
    1.610896169446693e+01      0.000000000000000e+00
    1.611271169446693e+01      0.000000000000000e+00
    1.611646169446693e+01      0.000000000000000e+00
    1.612021169446693e+01      4.519774011299264e+00
    1.612396169446694e+01      0.000000000000000e+00
    1.612771169446694e+01      0.000000000000000e+00
    1.613146169446694e+01      0.000000000000000e+00
    1.613521169446694e+01      0.000000000000000e+00
    1.613896169446694e+01      0.000000000000000e+00
    1.614271169446694e+01      0.000000000000000e+00
    1.614646169446694e+01      0.000000000000000e+00
    1.615021169446694e+01      0.000000000000000e+00
    1.615396169446694e+01      0.000000000000000e+00
    1.615771169446694e+01      0.000000000000000e+00
    1.616146169446694e+01      0.000000000000000e+00
    1.616521169446694e+01      0.000000000000000e+00
    1.616896169446694e+01      0.000000000000000e+00
    1.617271169446694e+01      0.000000000000000e+00
    1.617646169446694e+01      0.000000000000000e+00
    1.618021169446694e+01      0.000000000000000e+00
    1.618396169446694e+01      0.000000000000000e+00
    1.618771169446693e+01      0.000000000000000e+00
    1.619146169446694e+01      0.000000000000000e+00
    1.619521169446693e+01      9.039548022598527e+00
    1.619896169446693e+01      0.000000000000000e+00
    1.620271169446693e+01      0.000000000000000e+00
    1.620646169446693e+01      0.000000000000000e+00
    1.621021169446693e+01      0.000000000000000e+00
    1.621396169446693e+01      0.000000000000000e+00
    1.621771169446694e+01      0.000000000000000e+00
    1.622146169446694e+01      0.000000000000000e+00
    1.622521169446694e+01      0.000000000000000e+00
    1.622896169446694e+01      0.000000000000000e+00
    1.623271169446694e+01      0.000000000000000e+00
    1.623646169446694e+01      0.000000000000000e+00
    1.624021169446694e+01      0.000000000000000e+00
    1.624396169446694e+01      0.000000000000000e+00
    1.624771169446694e+01      0.000000000000000e+00
    1.625146169446694e+01      0.000000000000000e+00
    1.625521169446694e+01      0.000000000000000e+00
    1.625896169446694e+01      0.000000000000000e+00
    1.626271169446694e+01      0.000000000000000e+00
    1.626646169446694e+01      0.000000000000000e+00
    1.627021169446694e+01      4.519774011299264e+00
    1.627396169446694e+01      0.000000000000000e+00
    1.627771169446694e+01      0.000000000000000e+00
    1.628146169446693e+01      0.000000000000000e+00
    1.628521169446694e+01      0.000000000000000e+00
    1.628896169446693e+01      0.000000000000000e+00
    1.629271169446693e+01      0.000000000000000e+00
    1.629646169446693e+01      0.000000000000000e+00
    1.630021169446693e+01      0.000000000000000e+00
    1.630396169446693e+01      0.000000000000000e+00
    1.630771169446693e+01      0.000000000000000e+00
    1.631146169446694e+01      0.000000000000000e+00
    1.631521169446694e+01      0.000000000000000e+00
    1.631896169446694e+01      0.000000000000000e+00
    1.632271169446694e+01      0.000000000000000e+00
    1.632646169446694e+01      0.000000000000000e+00
    1.633021169446694e+01      0.000000000000000e+00
    1.633396169446694e+01      0.000000000000000e+00
    1.633771169446694e+01      0.000000000000000e+00
    1.634146169446694e+01      0.000000000000000e+00
    1.634521169446694e+01      9.039548022598527e+00
    1.634896169446694e+01      0.000000000000000e+00
    1.635271169446694e+01      0.000000000000000e+00
    1.635646169446694e+01      0.000000000000000e+00
    1.636021169446694e+01      0.000000000000000e+00
    1.636396169446694e+01      0.000000000000000e+00
    1.636771169446694e+01      0.000000000000000e+00
    1.637146169446694e+01      0.000000000000000e+00
    1.637521169446693e+01      0.000000000000000e+00
    1.637896169446694e+01      0.000000000000000e+00
    1.638271169446693e+01      0.000000000000000e+00
    1.638646169446693e+01      0.000000000000000e+00
    1.639021169446693e+01      0.000000000000000e+00
    1.639396169446693e+01      0.000000000000000e+00
    1.639771169446693e+01      0.000000000000000e+00
    1.640146169446693e+01      0.000000000000000e+00
    1.640521169446694e+01      0.000000000000000e+00
    1.640896169446694e+01      0.000000000000000e+00
    1.641271169446694e+01      0.000000000000000e+00
    1.641646169446694e+01      0.000000000000000e+00
    1.642021169446694e+01      4.519774011299264e+00
    1.642396169446694e+01      0.000000000000000e+00
    1.642771169446694e+01      0.000000000000000e+00
    1.643146169446694e+01      0.000000000000000e+00
    1.643521169446694e+01      0.000000000000000e+00
    1.643896169446694e+01      0.000000000000000e+00
    1.644271169446694e+01      0.000000000000000e+00
    1.644646169446694e+01      0.000000000000000e+00
    1.645021169446694e+01      0.000000000000000e+00
    1.645396169446694e+01      0.000000000000000e+00
    1.645771169446694e+01      0.000000000000000e+00
    1.646146169446694e+01      0.000000000000000e+00
    1.646521169446694e+01      0.000000000000000e+00
    1.646896169446693e+01      0.000000000000000e+00
    1.647271169446694e+01      0.000000000000000e+00
    1.647646169446693e+01      0.000000000000000e+00
    1.648021169446693e+01      0.000000000000000e+00
    1.648396169446693e+01      0.000000000000000e+00
    1.648771169446693e+01      0.000000000000000e+00
    1.649146169446693e+01      0.000000000000000e+00
    1.649521169446693e+01      0.000000000000000e+00
    1.649896169446694e+01      0.000000000000000e+00
    1.650271169446694e+01      0.000000000000000e+00
    1.650646169446694e+01      0.000000000000000e+00
    1.651021169446694e+01      0.000000000000000e+00
    1.651396169446694e+01      0.000000000000000e+00
    1.651771169446694e+01      0.000000000000000e+00
    1.652146169446694e+01      0.000000000000000e+00
    1.652521169446694e+01      0.000000000000000e+00
    1.652896169446694e+01      0.000000000000000e+00
    1.653271169446694e+01      0.000000000000000e+00
    1.653646169446694e+01      0.000000000000000e+00
    1.654021169446694e+01      0.000000000000000e+00
    1.654396169446694e+01      0.000000000000000e+00
    1.654771169446694e+01      0.000000000000000e+00
    1.655146169446694e+01      0.000000000000000e+00
    1.655521169446694e+01      0.000000000000000e+00
    1.655896169446694e+01      0.000000000000000e+00
    1.656271169446693e+01      0.000000000000000e+00
    1.656646169446694e+01      0.000000000000000e+00
    1.657021169446693e+01      0.000000000000000e+00
    1.657396169446693e+01      0.000000000000000e+00
    1.657771169446693e+01      0.000000000000000e+00
    1.658146169446693e+01      0.000000000000000e+00
    1.658521169446693e+01      0.000000000000000e+00
    1.658896169446693e+01      0.000000000000000e+00
    1.659271169446694e+01      0.000000000000000e+00
    1.659646169446694e+01      0.000000000000000e+00
    1.660021169446694e+01      0.000000000000000e+00
    1.660396169446694e+01      0.000000000000000e+00
    1.660771169446694e+01      0.000000000000000e+00
    1.661146169446694e+01      0.000000000000000e+00
    1.661521169446694e+01      0.000000000000000e+00
    1.661896169446694e+01      0.000000000000000e+00
    1.662271169446694e+01      0.000000000000000e+00
    1.662646169446694e+01      0.000000000000000e+00
    1.663021169446694e+01      0.000000000000000e+00
    1.663396169446694e+01      0.000000000000000e+00
    1.663771169446694e+01      0.000000000000000e+00
    1.664146169446694e+01      0.000000000000000e+00
    1.664521169446694e+01      4.519774011299264e+00
    1.664896169446694e+01      0.000000000000000e+00
    1.665271169446694e+01      0.000000000000000e+00
    1.665646169446693e+01      0.000000000000000e+00
    1.666021169446694e+01      0.000000000000000e+00
    1.666396169446693e+01      0.000000000000000e+00
    1.666771169446693e+01      0.000000000000000e+00
    1.667146169446693e+01      0.000000000000000e+00
    1.667521169446693e+01      0.000000000000000e+00
    1.667896169446693e+01      0.000000000000000e+00
    1.668271169446693e+01      0.000000000000000e+00
    1.668646169446694e+01      0.000000000000000e+00
    1.669021169446694e+01      0.000000000000000e+00
    1.669396169446694e+01      0.000000000000000e+00
    1.669771169446694e+01      0.000000000000000e+00
    1.670146169446694e+01      0.000000000000000e+00
    1.670521169446694e+01      0.000000000000000e+00
    1.670896169446694e+01      0.000000000000000e+00
    1.671271169446694e+01      0.000000000000000e+00
    1.671646169446694e+01      0.000000000000000e+00
    1.672021169446694e+01      0.000000000000000e+00
    1.672396169446694e+01      0.000000000000000e+00
    1.672771169446694e+01      0.000000000000000e+00
    1.673146169446694e+01      0.000000000000000e+00
    1.673521169446694e+01      0.000000000000000e+00
    1.673896169446694e+01      0.000000000000000e+00
    1.674271169446694e+01      0.000000000000000e+00
    1.674646169446694e+01      0.000000000000000e+00
    1.675021169446693e+01      0.000000000000000e+00
    1.675396169446694e+01      0.000000000000000e+00
    1.675771169446693e+01      0.000000000000000e+00
    1.676146169446693e+01      0.000000000000000e+00
    1.676521169446693e+01      0.000000000000000e+00
    1.676896169446693e+01      0.000000000000000e+00
    1.677271169446693e+01      0.000000000000000e+00
    1.677646169446693e+01      0.000000000000000e+00
    1.678021169446694e+01      0.000000000000000e+00
    1.678396169446694e+01      0.000000000000000e+00
    1.678771169446694e+01      0.000000000000000e+00
    1.679146169446694e+01      0.000000000000000e+00
    1.679521169446694e+01      9.039548022598527e+00
    1.679896169446694e+01      0.000000000000000e+00
    1.680271169446694e+01      0.000000000000000e+00
    1.680646169446694e+01      0.000000000000000e+00
    1.681021169446694e+01      0.000000000000000e+00
    1.681396169446694e+01      0.000000000000000e+00
    1.681771169446694e+01      0.000000000000000e+00
    1.682146169446694e+01      0.000000000000000e+00
    1.682521169446694e+01      0.000000000000000e+00
    1.682896169446694e+01      0.000000000000000e+00
    1.683271169446694e+01      0.000000000000000e+00
    1.683646169446694e+01      0.000000000000000e+00
    1.684021169446694e+01      0.000000000000000e+00
    1.684396169446693e+01      0.000000000000000e+00
    1.684771169446694e+01      0.000000000000000e+00
    1.685146169446693e+01      0.000000000000000e+00
    1.685521169446693e+01      0.000000000000000e+00
    1.685896169446693e+01      0.000000000000000e+00
    1.686271169446693e+01      0.000000000000000e+00
    1.686646169446693e+01      0.000000000000000e+00
    1.687021169446693e+01      0.000000000000000e+00
    1.687396169446694e+01      0.000000000000000e+00
    1.687771169446694e+01      0.000000000000000e+00
    1.688146169446694e+01      0.000000000000000e+00
    1.688521169446694e+01      0.000000000000000e+00
    1.688896169446694e+01      0.000000000000000e+00
    1.689271169446694e+01      0.000000000000000e+00
    1.689646169446694e+01      0.000000000000000e+00
    1.690021169446694e+01      0.000000000000000e+00
    1.690396169446694e+01      0.000000000000000e+00
    1.690771169446694e+01      0.000000000000000e+00
    1.691146169446694e+01      0.000000000000000e+00
    1.691521169446694e+01      0.000000000000000e+00
    1.691896169446694e+01      0.000000000000000e+00
    1.692271169446694e+01      0.000000000000000e+00
    1.692646169446694e+01      0.000000000000000e+00
    1.693021169446694e+01      0.000000000000000e+00
    1.693396169446694e+01      0.000000000000000e+00
    1.693771169446693e+01      0.000000000000000e+00
    1.694146169446694e+01      0.000000000000000e+00
    1.694521169446693e+01      4.519774011299264e+00
    1.694896169446693e+01      0.000000000000000e+00
    1.695271169446693e+01      0.000000000000000e+00
    1.695646169446693e+01      0.000000000000000e+00
    1.696021169446693e+01      0.000000000000000e+00
    1.696396169446693e+01      0.000000000000000e+00
    1.696771169446694e+01      0.000000000000000e+00
    1.697146169446694e+01      0.000000000000000e+00
    1.697521169446694e+01      0.000000000000000e+00
    1.697896169446694e+01      0.000000000000000e+00
    1.698271169446694e+01      0.000000000000000e+00
    1.698646169446694e+01      0.000000000000000e+00
    1.699021169446694e+01      0.000000000000000e+00
    1.699396169446694e+01      0.000000000000000e+00
    1.699771169446694e+01      0.000000000000000e+00
    1.700146169446694e+01      0.000000000000000e+00
    1.700521169446694e+01      0.000000000000000e+00
    1.700896169446694e+01      0.000000000000000e+00
    1.701271169446694e+01      0.000000000000000e+00
    1.701646169446694e+01      0.000000000000000e+00
    1.702021169446694e+01      0.000000000000000e+00
    1.702396169446694e+01      0.000000000000000e+00
    1.702771169446694e+01      0.000000000000000e+00
    1.703146169446693e+01      0.000000000000000e+00
    1.703521169446694e+01      0.000000000000000e+00
    1.703896169446693e+01      0.000000000000000e+00
    1.704271169446693e+01      0.000000000000000e+00
    1.704646169446693e+01      0.000000000000000e+00
    1.705021169446693e+01      0.000000000000000e+00
    1.705396169446693e+01      0.000000000000000e+00
    1.705771169446693e+01      0.000000000000000e+00
    1.706146169446694e+01      0.000000000000000e+00
    1.706521169446694e+01      0.000000000000000e+00
    1.706896169446694e+01      0.000000000000000e+00
    1.707271169446694e+01      0.000000000000000e+00
    1.707646169446694e+01      0.000000000000000e+00
    1.708021169446694e+01      0.000000000000000e+00
    1.708396169446694e+01      0.000000000000000e+00
    1.708771169446694e+01      0.000000000000000e+00
    1.709146169446694e+01      0.000000000000000e+00
    1.709521169446694e+01      1.807909604519705e+01
    1.709896169446694e+01      0.000000000000000e+00
    1.710271169446694e+01      0.000000000000000e+00
    1.710646169446694e+01      0.000000000000000e+00
    1.711021169446694e+01      0.000000000000000e+00
    1.711396169446694e+01      0.000000000000000e+00
    1.711771169446694e+01      0.000000000000000e+00
    1.712146169446694e+01      0.000000000000000e+00
    1.712521169446693e+01      0.000000000000000e+00
    1.712896169446694e+01      0.000000000000000e+00
    1.713271169446693e+01      0.000000000000000e+00
    1.713646169446693e+01      0.000000000000000e+00
    1.714021169446693e+01      0.000000000000000e+00
    1.714396169446693e+01      0.000000000000000e+00
    1.714771169446693e+01      0.000000000000000e+00
    1.715146169446693e+01      0.000000000000000e+00
    1.715521169446694e+01      0.000000000000000e+00
    1.715896169446694e+01      0.000000000000000e+00
    1.716271169446694e+01      0.000000000000000e+00
    1.716646169446694e+01      0.000000000000000e+00
    1.717021169446694e+01      0.000000000000000e+00
    1.717396169446694e+01      0.000000000000000e+00
    1.717771169446694e+01      0.000000000000000e+00
    1.718146169446694e+01      0.000000000000000e+00
    1.718521169446694e+01      0.000000000000000e+00
    1.718896169446694e+01      0.000000000000000e+00
    1.719271169446694e+01      0.000000000000000e+00
    1.719646169446694e+01      0.000000000000000e+00
    1.720021169446694e+01      0.000000000000000e+00
    1.720396169446694e+01      0.000000000000000e+00
    1.720771169446694e+01      0.000000000000000e+00
    1.721146169446694e+01      0.000000000000000e+00
    1.721521169446694e+01      0.000000000000000e+00
    1.721896169446693e+01      0.000000000000000e+00
    1.722271169446694e+01      0.000000000000000e+00
    1.722646169446693e+01      0.000000000000000e+00
    1.723021169446693e+01      0.000000000000000e+00
    1.723396169446693e+01      0.000000000000000e+00
    1.723771169446693e+01      0.000000000000000e+00
    1.724146169446693e+01      0.000000000000000e+00
    1.724521169446693e+01      4.519774011299264e+00
    1.724896169446694e+01      0.000000000000000e+00
    1.725271169446694e+01      0.000000000000000e+00
    1.725646169446694e+01      0.000000000000000e+00
    1.726021169446694e+01      0.000000000000000e+00
    1.726396169446694e+01      0.000000000000000e+00
    1.726771169446694e+01      0.000000000000000e+00
    1.727146169446694e+01      0.000000000000000e+00
    1.727521169446694e+01      0.000000000000000e+00
    1.727896169446694e+01      0.000000000000000e+00
    1.728271169446694e+01      0.000000000000000e+00
    1.728646169446694e+01      0.000000000000000e+00
    1.729021169446694e+01      0.000000000000000e+00
    1.729396169446694e+01      0.000000000000000e+00
    1.729771169446694e+01      0.000000000000000e+00
    1.730146169446694e+01      0.000000000000000e+00
    1.730521169446694e+01      0.000000000000000e+00
    1.730896169446694e+01      0.000000000000000e+00
    1.731271169446693e+01      0.000000000000000e+00
    1.731646169446694e+01      0.000000000000000e+00
    1.732021169446693e+01      0.000000000000000e+00
    1.732396169446693e+01      0.000000000000000e+00
    1.732771169446693e+01      0.000000000000000e+00
    1.733146169446693e+01      0.000000000000000e+00
    1.733521169446693e+01      0.000000000000000e+00
    1.733896169446693e+01      0.000000000000000e+00
    1.734271169446694e+01      0.000000000000000e+00
    1.734646169446694e+01      0.000000000000000e+00
    1.735021169446694e+01      0.000000000000000e+00
    1.735396169446694e+01      0.000000000000000e+00
    1.735771169446694e+01      0.000000000000000e+00
    1.736146169446694e+01      0.000000000000000e+00
    1.736521169446694e+01      0.000000000000000e+00
    1.736896169446694e+01      0.000000000000000e+00
    1.737271169446694e+01      0.000000000000000e+00
    1.737646169446694e+01      0.000000000000000e+00
    1.738021169446694e+01      0.000000000000000e+00
    1.738396169446694e+01      0.000000000000000e+00
    1.738771169446694e+01      0.000000000000000e+00
    1.739146169446694e+01      0.000000000000000e+00
    1.739521169446694e+01      9.039548022607091e+00
    1.739896169446693e+01      0.000000000000000e+00
    1.740271169446694e+01      0.000000000000000e+00
    1.740646169446693e+01      0.000000000000000e+00
    1.741021169446694e+01      0.000000000000000e+00
    1.741396169446693e+01      0.000000000000000e+00
    1.741771169446693e+01      0.000000000000000e+00
    1.742146169446693e+01      0.000000000000000e+00
    1.742521169446693e+01      0.000000000000000e+00
    1.742896169446693e+01      0.000000000000000e+00
    1.743271169446693e+01      0.000000000000000e+00
    1.743646169446694e+01      0.000000000000000e+00
    1.744021169446694e+01      0.000000000000000e+00
    1.744396169446694e+01      0.000000000000000e+00
    1.744771169446694e+01      0.000000000000000e+00
    1.745146169446694e+01      0.000000000000000e+00
    1.745521169446694e+01      0.000000000000000e+00
    1.745896169446694e+01      0.000000000000000e+00
    1.746271169446694e+01      0.000000000000000e+00
    1.746646169446694e+01      0.000000000000000e+00
    1.747021169446694e+01      0.000000000000000e+00
    1.747396169446694e+01      0.000000000000000e+00
    1.747771169446694e+01      0.000000000000000e+00
    1.748146169446694e+01      0.000000000000000e+00
    1.748521169446694e+01      0.000000000000000e+00
    1.748896169446694e+01      0.000000000000000e+00
    1.749271169446693e+01      0.000000000000000e+00
    1.749646169446694e+01      0.000000000000000e+00
    1.750021169446693e+01      0.000000000000000e+00
    1.750396169446694e+01      0.000000000000000e+00
    1.750771169446693e+01      0.000000000000000e+00
    1.751146169446693e+01      0.000000000000000e+00
    1.751521169446693e+01      0.000000000000000e+00
    1.751896169446693e+01      0.000000000000000e+00
    1.752271169446693e+01      0.000000000000000e+00
    1.752646169446693e+01      0.000000000000000e+00
    1.753021169446694e+01      0.000000000000000e+00
    1.753396169446694e+01      0.000000000000000e+00
    1.753771169446694e+01      0.000000000000000e+00
    1.754146169446694e+01      0.000000000000000e+00
    1.754521169446694e+01      4.519774011299264e+00
