                     bin:                     prob.:
    1.379903169685613e+01      5.135818793200922e+00
    1.380233188193369e+01      0.000000000000000e+00
    1.380563206701125e+01      0.000000000000000e+00
    1.380893225208881e+01      0.000000000000000e+00
    1.381223243716637e+01      0.000000000000000e+00
    1.381553262224393e+01      0.000000000000000e+00
    1.381883280732149e+01      0.000000000000000e+00
    1.382213299239905e+01      0.000000000000000e+00
    1.382543317747661e+01      0.000000000000000e+00
    1.382873336255417e+01      0.000000000000000e+00
    1.383203354763173e+01      0.000000000000000e+00
    1.383533373270929e+01      0.000000000000000e+00
    1.383863391778685e+01      0.000000000000000e+00
    1.384193410286441e+01      0.000000000000000e+00
    1.384523428794197e+01      0.000000000000000e+00
    1.384853447301953e+01      0.000000000000000e+00
    1.385183465809710e+01      0.000000000000000e+00
    1.385513484317466e+01      0.000000000000000e+00
    1.385843502825221e+01      0.000000000000000e+00
    1.386173521332978e+01      0.000000000000000e+00
    1.386503539840734e+01      0.000000000000000e+00
    1.386833558348490e+01      0.000000000000000e+00
    1.387163576856246e+01      0.000000000000000e+00
    1.387493595364002e+01      0.000000000000000e+00
    1.387823613871758e+01      0.000000000000000e+00
    1.388153632379514e+01      0.000000000000000e+00
    1.388483650887270e+01      0.000000000000000e+00
    1.388813669395026e+01      0.000000000000000e+00
    1.389143687902782e+01      0.000000000000000e+00
    1.389473706410538e+01      0.000000000000000e+00
    1.389803724918294e+01      1.027163758640184e+01
    1.390133743426050e+01      0.000000000000000e+00
    1.390463761933806e+01      0.000000000000000e+00
    1.390793780441562e+01      0.000000000000000e+00
    1.391123798949318e+01      0.000000000000000e+00
    1.391453817457074e+01      0.000000000000000e+00
    1.391783835964830e+01      0.000000000000000e+00
    1.392113854472586e+01      0.000000000000000e+00
    1.392443872980342e+01      0.000000000000000e+00
    1.392773891488098e+01      0.000000000000000e+00
    1.393103909995854e+01      0.000000000000000e+00
    1.393433928503610e+01      0.000000000000000e+00
    1.393763947011366e+01      0.000000000000000e+00
    1.394093965519122e+01      0.000000000000000e+00
    1.394423984026878e+01      0.000000000000000e+00
    1.394754002534634e+01      0.000000000000000e+00
    1.395084021042391e+01      0.000000000000000e+00
    1.395414039550147e+01      0.000000000000000e+00
    1.395744058057902e+01      0.000000000000000e+00
    1.396074076565659e+01      0.000000000000000e+00
    1.396404095073415e+01      0.000000000000000e+00
    1.396734113581171e+01      0.000000000000000e+00
    1.397064132088927e+01      0.000000000000000e+00
    1.397394150596683e+01      0.000000000000000e+00
    1.397724169104439e+01      0.000000000000000e+00
    1.398054187612195e+01      0.000000000000000e+00
    1.398384206119951e+01      0.000000000000000e+00
    1.398714224627707e+01      0.000000000000000e+00
    1.399044243135463e+01      0.000000000000000e+00
    1.399374261643219e+01      0.000000000000000e+00
    1.399704280150975e+01      5.135818793200922e+00
    1.400034298658731e+01      0.000000000000000e+00
    1.400364317166487e+01      0.000000000000000e+00
    1.400694335674243e+01      0.000000000000000e+00
    1.401024354181999e+01      0.000000000000000e+00
    1.401354372689755e+01      0.000000000000000e+00
    1.401684391197511e+01      0.000000000000000e+00
    1.402014409705267e+01      0.000000000000000e+00
    1.402344428213023e+01      0.000000000000000e+00
    1.402674446720779e+01      0.000000000000000e+00
    1.403004465228535e+01      0.000000000000000e+00
    1.403334483736291e+01      0.000000000000000e+00
    1.403664502244047e+01      0.000000000000000e+00
    1.403994520751803e+01      0.000000000000000e+00
    1.404324539259559e+01      0.000000000000000e+00
    1.404654557767315e+01      0.000000000000000e+00
    1.404984576275072e+01      0.000000000000000e+00
    1.405314594782828e+01      0.000000000000000e+00
    1.405644613290584e+01      0.000000000000000e+00
    1.405974631798340e+01      0.000000000000000e+00
    1.406304650306096e+01      0.000000000000000e+00
    1.406634668813852e+01      0.000000000000000e+00
    1.406964687321608e+01      0.000000000000000e+00
    1.407294705829364e+01      0.000000000000000e+00
    1.407624724337120e+01      0.000000000000000e+00
    1.407954742844876e+01      0.000000000000000e+00
    1.408284761352632e+01      0.000000000000000e+00
    1.408614779860388e+01      0.000000000000000e+00
    1.408944798368144e+01      0.000000000000000e+00
    1.409274816875900e+01      0.000000000000000e+00
    1.409604835383656e+01      1.540745637960277e+01
    1.409934853891412e+01      0.000000000000000e+00
    1.410264872399168e+01      0.000000000000000e+00
    1.410594890906924e+01      0.000000000000000e+00
    1.410924909414680e+01      0.000000000000000e+00
    1.411254927922436e+01      0.000000000000000e+00
    1.411584946430192e+01      0.000000000000000e+00
    1.411914964937948e+01      0.000000000000000e+00
    1.412244983445704e+01      0.000000000000000e+00
    1.412575001953460e+01      0.000000000000000e+00
    1.412905020461216e+01      0.000000000000000e+00
    1.413235038968972e+01      0.000000000000000e+00
    1.413565057476728e+01      0.000000000000000e+00
    1.413895075984484e+01      0.000000000000000e+00
    1.414225094492240e+01      0.000000000000000e+00
    1.414555112999996e+01      0.000000000000000e+00
    1.414885131507753e+01      0.000000000000000e+00
    1.415215150015509e+01      0.000000000000000e+00
    1.415545168523265e+01      0.000000000000000e+00
    1.415875187031020e+01      0.000000000000000e+00
    1.416205205538777e+01      0.000000000000000e+00
    1.416535224046533e+01      0.000000000000000e+00
    1.416865242554289e+01      0.000000000000000e+00
    1.417195261062045e+01      0.000000000000000e+00
    1.417525279569801e+01      0.000000000000000e+00
    1.417855298077557e+01      0.000000000000000e+00
    1.418185316585313e+01      0.000000000000000e+00
    1.418515335093069e+01      0.000000000000000e+00
    1.418845353600825e+01      0.000000000000000e+00
    1.419175372108581e+01      0.000000000000000e+00
    1.419505390616337e+01      0.000000000000000e+00
    1.419835409124093e+01      5.135818793200922e+00
    1.420165427631849e+01      0.000000000000000e+00
    1.420495446139605e+01      0.000000000000000e+00
    1.420825464647361e+01      0.000000000000000e+00
    1.421155483155117e+01      0.000000000000000e+00
    1.421485501662873e+01      0.000000000000000e+00
    1.421815520170629e+01      0.000000000000000e+00
    1.422145538678385e+01      0.000000000000000e+00
    1.422475557186141e+01      0.000000000000000e+00
    1.422805575693897e+01      0.000000000000000e+00
    1.423135594201653e+01      0.000000000000000e+00
    1.423465612709409e+01      0.000000000000000e+00
    1.423795631217165e+01      0.000000000000000e+00
    1.424125649724921e+01      0.000000000000000e+00
    1.424455668232677e+01      0.000000000000000e+00
    1.424785686740434e+01      0.000000000000000e+00
    1.425115705248190e+01      0.000000000000000e+00
    1.425445723755946e+01      0.000000000000000e+00
    1.425775742263701e+01      0.000000000000000e+00
    1.426105760771458e+01      0.000000000000000e+00
    1.426435779279214e+01      0.000000000000000e+00
    1.426765797786970e+01      0.000000000000000e+00
    1.427095816294726e+01      0.000000000000000e+00
    1.427425834802482e+01      0.000000000000000e+00
    1.427755853310238e+01      0.000000000000000e+00
    1.428085871817994e+01      0.000000000000000e+00
    1.428415890325750e+01      0.000000000000000e+00
    1.428745908833506e+01      0.000000000000000e+00
    1.429075927341262e+01      0.000000000000000e+00
    1.429405945849018e+01      0.000000000000000e+00
    1.429735964356774e+01      1.027163758640184e+01
    1.430065982864530e+01      0.000000000000000e+00
    1.430396001372286e+01      0.000000000000000e+00
    1.430726019880042e+01      0.000000000000000e+00
    1.431056038387798e+01      0.000000000000000e+00
    1.431386056895554e+01      0.000000000000000e+00
    1.431716075403310e+01      0.000000000000000e+00
    1.432046093911066e+01      0.000000000000000e+00
    1.432376112418822e+01      0.000000000000000e+00
    1.432706130926578e+01      0.000000000000000e+00
    1.433036149434334e+01      0.000000000000000e+00
    1.433366167942090e+01      0.000000000000000e+00
    1.433696186449846e+01      0.000000000000000e+00
    1.434026204957602e+01      0.000000000000000e+00
    1.434356223465358e+01      0.000000000000000e+00
    1.434686241973115e+01      5.135818793200922e+00
    1.435016260480871e+01      0.000000000000000e+00
    1.435346278988627e+01      0.000000000000000e+00
    1.435676297496383e+01      0.000000000000000e+00
    1.436006316004139e+01      0.000000000000000e+00
    1.436336334511895e+01      0.000000000000000e+00
    1.436666353019651e+01      0.000000000000000e+00
    1.436996371527407e+01      0.000000000000000e+00
    1.437326390035163e+01      0.000000000000000e+00
    1.437656408542919e+01      0.000000000000000e+00
    1.437986427050675e+01      0.000000000000000e+00
    1.438316445558431e+01      0.000000000000000e+00
    1.438646464066187e+01      0.000000000000000e+00
    1.438976482573943e+01      0.000000000000000e+00
    1.439306501081699e+01      0.000000000000000e+00
    1.439636519589455e+01      1.027163758640184e+01
    1.439966538097211e+01      0.000000000000000e+00
    1.440296556604967e+01      0.000000000000000e+00
    1.440626575112723e+01      0.000000000000000e+00
    1.440956593620479e+01      0.000000000000000e+00
    1.441286612128235e+01      0.000000000000000e+00
    1.441616630635991e+01      0.000000000000000e+00
    1.441946649143747e+01      0.000000000000000e+00
    1.442276667651503e+01      0.000000000000000e+00
    1.442606686159259e+01      0.000000000000000e+00
    1.442936704667015e+01      0.000000000000000e+00
    1.443266723174771e+01      0.000000000000000e+00
    1.443596741682527e+01      0.000000000000000e+00
    1.443926760190283e+01      0.000000000000000e+00
    1.444256778698039e+01      0.000000000000000e+00
    1.444586797205795e+01      0.000000000000000e+00
    1.444916815713552e+01      5.135818793200922e+00
    1.445246834221308e+01      0.000000000000000e+00
    1.445576852729064e+01      0.000000000000000e+00
    1.445906871236820e+01      0.000000000000000e+00
    1.446236889744576e+01      0.000000000000000e+00
    1.446566908252332e+01      0.000000000000000e+00
    1.446896926760088e+01      0.000000000000000e+00
    1.447226945267844e+01      0.000000000000000e+00
    1.447556963775600e+01      0.000000000000000e+00
    1.447886982283356e+01      0.000000000000000e+00
    1.448217000791112e+01      0.000000000000000e+00
    1.448547019298868e+01      0.000000000000000e+00
    1.448877037806624e+01      0.000000000000000e+00
    1.449207056314380e+01      0.000000000000000e+00
    1.449537074822136e+01      0.000000000000000e+00
    1.449867093329892e+01      0.000000000000000e+00
    1.450197111837648e+01      0.000000000000000e+00
    1.450527130345404e+01      0.000000000000000e+00
    1.450857148853160e+01      0.000000000000000e+00
    1.451187167360916e+01      0.000000000000000e+00
    1.451517185868672e+01      0.000000000000000e+00
    1.451847204376428e+01      0.000000000000000e+00
    1.452177222884184e+01      5.135818793198158e+00
    1.452507241391940e+01      0.000000000000000e+00
    1.452837259899696e+01      0.000000000000000e+00
    1.453167278407452e+01      0.000000000000000e+00
    1.453497296915208e+01      0.000000000000000e+00
    1.453827315422964e+01      0.000000000000000e+00
    1.454157333930720e+01      0.000000000000000e+00
    1.454487352438476e+01      0.000000000000000e+00
    1.454817370946233e+01      1.027163758640184e+01
    1.455147389453989e+01      0.000000000000000e+00
    1.455477407961745e+01      0.000000000000000e+00
    1.455807426469501e+01      0.000000000000000e+00
    1.456137444977257e+01      0.000000000000000e+00
    1.456467463485013e+01      0.000000000000000e+00
    1.456797481992769e+01      0.000000000000000e+00
    1.457127500500525e+01      5.135818793200922e+00
    1.457457519008281e+01      0.000000000000000e+00
    1.457787537516037e+01      0.000000000000000e+00
    1.458117556023793e+01      0.000000000000000e+00
    1.458447574531549e+01      0.000000000000000e+00
    1.458777593039305e+01      0.000000000000000e+00
    1.459107611547061e+01      0.000000000000000e+00
    1.459437630054817e+01      0.000000000000000e+00
    1.459767648562573e+01      1.027163758640184e+01
    1.460097667070329e+01      0.000000000000000e+00
    1.460427685578085e+01      0.000000000000000e+00
    1.460757704085841e+01      0.000000000000000e+00
    1.461087722593597e+01      0.000000000000000e+00
    1.461417741101353e+01      0.000000000000000e+00
    1.461747759609109e+01      0.000000000000000e+00
    1.462077778116865e+01      0.000000000000000e+00
    1.462407796624621e+01      5.135818793198158e+00
    1.462737815132377e+01      0.000000000000000e+00
    1.463067833640133e+01      0.000000000000000e+00
    1.463397852147889e+01      0.000000000000000e+00
    1.463727870655645e+01      0.000000000000000e+00
    1.464057889163401e+01      0.000000000000000e+00
    1.464387907671157e+01      0.000000000000000e+00
    1.464717926178914e+01      1.027163758640184e+01
    1.465047944686670e+01      0.000000000000000e+00
    1.465377963194426e+01      0.000000000000000e+00
    1.465707981702182e+01      0.000000000000000e+00
    1.466038000209938e+01      0.000000000000000e+00
    1.466368018717694e+01      0.000000000000000e+00
    1.466698037225450e+01      0.000000000000000e+00
    1.467028055733206e+01      0.000000000000000e+00
    1.467358074240962e+01      5.135818793200922e+00
    1.467688092748718e+01      0.000000000000000e+00
    1.468018111256474e+01      0.000000000000000e+00
    1.468348129764230e+01      0.000000000000000e+00
    1.468678148271986e+01      0.000000000000000e+00
    1.469008166779742e+01      0.000000000000000e+00
    1.469338185287498e+01      0.000000000000000e+00
    1.469668203795254e+01      2.054327517280369e+01
    1.469998222303010e+01      0.000000000000000e+00
    1.470328240810766e+01      0.000000000000000e+00
    1.470658259318522e+01      0.000000000000000e+00
    1.470988277826278e+01      0.000000000000000e+00
    1.471318296334034e+01      0.000000000000000e+00
    1.471648314841790e+01      0.000000000000000e+00
    1.471978333349546e+01      0.000000000000000e+00
    1.472308351857302e+01      5.135818793198158e+00
    1.472638370365058e+01      0.000000000000000e+00
    1.472968388872814e+01      0.000000000000000e+00
    1.473298407380570e+01      0.000000000000000e+00
    1.473628425888326e+01      0.000000000000000e+00
    1.473958444396082e+01      0.000000000000000e+00
    1.474288462903838e+01      0.000000000000000e+00
    1.474618481411595e+01      0.000000000000000e+00
    1.474948499919351e+01      1.027163758640184e+01
    1.475278518427107e+01      0.000000000000000e+00
    1.475608536934863e+01      0.000000000000000e+00
    1.475938555442619e+01      0.000000000000000e+00
    1.476268573950375e+01      0.000000000000000e+00
    1.476598592458131e+01      0.000000000000000e+00
    1.476928610965887e+01      0.000000000000000e+00
    1.477258629473643e+01      1.027163758640184e+01
    1.477588647981399e+01      0.000000000000000e+00
    1.477918666489155e+01      0.000000000000000e+00
    1.478248684996911e+01      0.000000000000000e+00
    1.478578703504667e+01      0.000000000000000e+00
    1.478908722012423e+01      0.000000000000000e+00
    1.479238740520179e+01      0.000000000000000e+00
    1.479568759027935e+01      0.000000000000000e+00
    1.479898777535691e+01      1.027163758639632e+01
    1.480228796043447e+01      0.000000000000000e+00
    1.480558814551203e+01      0.000000000000000e+00
    1.480888833058959e+01      0.000000000000000e+00
    1.481218851566715e+01      0.000000000000000e+00
    1.481548870074471e+01      0.000000000000000e+00
    1.481878888582227e+01      0.000000000000000e+00
    1.482208907089983e+01      5.135818793198158e+00
    1.482538925597739e+01      0.000000000000000e+00
    1.482868944105495e+01      0.000000000000000e+00
    1.483198962613251e+01      0.000000000000000e+00
    1.483528981121007e+01      0.000000000000000e+00
    1.483858999628763e+01      0.000000000000000e+00
    1.484189018136519e+01      0.000000000000000e+00
    1.484519036644275e+01      0.000000000000000e+00
    1.484849055152032e+01      1.027163758640184e+01
    1.485179073659788e+01      0.000000000000000e+00
    1.485509092167544e+01      0.000000000000000e+00
    1.485839110675300e+01      0.000000000000000e+00
    1.486169129183056e+01      5.135818793200922e+00
    1.486499147690812e+01      0.000000000000000e+00
    1.486829166198568e+01      0.000000000000000e+00
    1.487159184706324e+01      1.027163758640184e+01
    1.487489203214080e+01      0.000000000000000e+00
    1.487819221721836e+01      0.000000000000000e+00
    1.488149240229592e+01      0.000000000000000e+00
    1.488479258737348e+01      5.135818793200922e+00
    1.488809277245104e+01      0.000000000000000e+00
    1.489139295752860e+01      0.000000000000000e+00
    1.489469314260616e+01      0.000000000000000e+00
    1.489799332768372e+01      5.135818793198158e+00
    1.490129351276128e+01      0.000000000000000e+00
    1.490459369783884e+01      0.000000000000000e+00
    1.490789388291640e+01      0.000000000000000e+00
    1.491119406799396e+01      0.000000000000000e+00
    1.491449425307152e+01      0.000000000000000e+00
    1.491779443814908e+01      0.000000000000000e+00
    1.492109462322664e+01      0.000000000000000e+00
    1.492439480830420e+01      5.135818793200922e+00
    1.492769499338176e+01      0.000000000000000e+00
    1.493099517845932e+01      0.000000000000000e+00
    1.493429536353688e+01      0.000000000000000e+00
    1.493759554861444e+01      0.000000000000000e+00
    1.494089573369200e+01      0.000000000000000e+00
    1.494419591876957e+01      0.000000000000000e+00
    1.494749610384713e+01      1.027163758640184e+01
    1.495079628892469e+01      0.000000000000000e+00
    1.495409647400225e+01      0.000000000000000e+00
    1.495739665907981e+01      0.000000000000000e+00
    1.496069684415737e+01      0.000000000000000e+00
    1.496399702923493e+01      0.000000000000000e+00
    1.496729721431249e+01      0.000000000000000e+00
    1.497059739939005e+01      0.000000000000000e+00
    1.497389758446761e+01      5.135818793200922e+00
    1.497719776954517e+01      0.000000000000000e+00
    1.498049795462273e+01      0.000000000000000e+00
    1.498379813970029e+01      0.000000000000000e+00
    1.498709832477785e+01      0.000000000000000e+00
    1.499039850985541e+01      0.000000000000000e+00
    1.499369869493297e+01      0.000000000000000e+00
    1.499699888001053e+01      1.540745637960277e+01
    1.500029906508809e+01      0.000000000000000e+00
    1.500359925016565e+01      0.000000000000000e+00
    1.500689943524321e+01      0.000000000000000e+00
    1.501019962032077e+01      0.000000000000000e+00
    1.501349980539833e+01      0.000000000000000e+00
    1.501679999047589e+01      0.000000000000000e+00
    1.502010017555345e+01      0.000000000000000e+00
    1.502340036063101e+01      0.000000000000000e+00
    1.502670054570857e+01      0.000000000000000e+00
    1.503000073078613e+01      0.000000000000000e+00
    1.503330091586369e+01      0.000000000000000e+00
    1.503660110094125e+01      0.000000000000000e+00
    1.503990128601881e+01      0.000000000000000e+00
    1.504320147109637e+01      0.000000000000000e+00
    1.504650165617394e+01      0.000000000000000e+00
    1.504980184125150e+01      5.135818793200922e+00
    1.505310202632906e+01      0.000000000000000e+00
    1.505640221140662e+01      0.000000000000000e+00
    1.505970239648418e+01      0.000000000000000e+00
    1.506300258156174e+01      0.000000000000000e+00
    1.506630276663930e+01      0.000000000000000e+00
    1.506960295171686e+01      0.000000000000000e+00
    1.507290313679442e+01      0.000000000000000e+00
    1.507620332187198e+01      0.000000000000000e+00
    1.507950350694954e+01      0.000000000000000e+00
    1.508280369202710e+01      0.000000000000000e+00
    1.508610387710466e+01      0.000000000000000e+00
    1.508940406218222e+01      0.000000000000000e+00
    1.509270424725978e+01      0.000000000000000e+00
    1.509600443233734e+01      0.000000000000000e+00
    1.509930461741490e+01      1.540745637960277e+01
    1.510260480249246e+01      0.000000000000000e+00
    1.510590498757002e+01      0.000000000000000e+00
    1.510920517264758e+01      0.000000000000000e+00
    1.511250535772514e+01      0.000000000000000e+00
    1.511580554280270e+01      0.000000000000000e+00
    1.511910572788026e+01      0.000000000000000e+00
    1.512240591295782e+01      0.000000000000000e+00
    1.512570609803538e+01      0.000000000000000e+00
    1.512900628311294e+01      0.000000000000000e+00
    1.513230646819050e+01      0.000000000000000e+00
    1.513560665326806e+01      0.000000000000000e+00
    1.513890683834562e+01      0.000000000000000e+00
    1.514220702342318e+01      0.000000000000000e+00
    1.514550720850075e+01      0.000000000000000e+00
    1.514880739357831e+01      0.000000000000000e+00
    1.515210757865587e+01      0.000000000000000e+00
    1.515540776373343e+01      0.000000000000000e+00
    1.515870794881099e+01      0.000000000000000e+00
    1.516200813388855e+01      0.000000000000000e+00
    1.516530831896611e+01      0.000000000000000e+00
    1.516860850404367e+01      0.000000000000000e+00
    1.517190868912123e+01      0.000000000000000e+00
    1.517520887419879e+01      0.000000000000000e+00
    1.517850905927635e+01      0.000000000000000e+00
    1.518180924435391e+01      0.000000000000000e+00
    1.518510942943147e+01      0.000000000000000e+00
    1.518840961450903e+01      0.000000000000000e+00
    1.519170979958659e+01      0.000000000000000e+00
    1.519500998466415e+01      0.000000000000000e+00
    1.519831016974171e+01      5.135818793198158e+00
    1.520161035481927e+01      0.000000000000000e+00
    1.520491053989683e+01      0.000000000000000e+00
    1.520821072497439e+01      0.000000000000000e+00
    1.521151091005195e+01      0.000000000000000e+00
    1.521481109512951e+01      0.000000000000000e+00
    1.521811128020707e+01      0.000000000000000e+00
    1.522141146528463e+01      0.000000000000000e+00
    1.522471165036219e+01      0.000000000000000e+00
    1.522801183543975e+01      0.000000000000000e+00
    1.523131202051731e+01      0.000000000000000e+00
    1.523461220559487e+01      0.000000000000000e+00
    1.523791239067243e+01      0.000000000000000e+00
    1.524121257574999e+01      0.000000000000000e+00
    1.524451276082756e+01      0.000000000000000e+00
    1.524781294590512e+01      0.000000000000000e+00
    1.525111313098268e+01      0.000000000000000e+00
    1.525441331606024e+01      0.000000000000000e+00
    1.525771350113780e+01      0.000000000000000e+00
    1.526101368621536e+01      0.000000000000000e+00
    1.526431387129292e+01      0.000000000000000e+00
    1.526761405637048e+01      0.000000000000000e+00
    1.527091424144804e+01      0.000000000000000e+00
    1.527421442652560e+01      0.000000000000000e+00
    1.527751461160316e+01      0.000000000000000e+00
    1.528081479668072e+01      0.000000000000000e+00
    1.528411498175828e+01      0.000000000000000e+00
    1.528741516683584e+01      0.000000000000000e+00
    1.529071535191340e+01      0.000000000000000e+00
    1.529401553699096e+01      0.000000000000000e+00
    1.529731572206852e+01      0.000000000000000e+00
    1.530061590714608e+01      0.000000000000000e+00
    1.530391609222364e+01      0.000000000000000e+00
    1.530721627730120e+01      0.000000000000000e+00
    1.531051646237876e+01      0.000000000000000e+00
    1.531381664745632e+01      0.000000000000000e+00
    1.531711683253388e+01      0.000000000000000e+00
    1.532041701761144e+01      0.000000000000000e+00
    1.532371720268900e+01      0.000000000000000e+00
    1.532701738776656e+01      0.000000000000000e+00
    1.533031757284412e+01      0.000000000000000e+00
    1.533361775792168e+01      0.000000000000000e+00
    1.533691794299924e+01      0.000000000000000e+00
    1.534021812807680e+01      0.000000000000000e+00
    1.534351831315437e+01      0.000000000000000e+00
    1.534681849823193e+01      0.000000000000000e+00
    1.535011868330949e+01      0.000000000000000e+00
    1.535341886838705e+01      0.000000000000000e+00
    1.535671905346461e+01      0.000000000000000e+00
    1.536001923854217e+01      0.000000000000000e+00
    1.536331942361973e+01      0.000000000000000e+00
    1.536661960869729e+01      0.000000000000000e+00
    1.536991979377485e+01      0.000000000000000e+00
    1.537321997885241e+01      0.000000000000000e+00
    1.537652016392997e+01      0.000000000000000e+00
    1.537982034900753e+01      0.000000000000000e+00
    1.538312053408509e+01      0.000000000000000e+00
    1.538642071916265e+01      0.000000000000000e+00
    1.538972090424021e+01      0.000000000000000e+00
    1.539302108931777e+01      0.000000000000000e+00
    1.539632127439533e+01      0.000000000000000e+00
    1.539962145947289e+01      0.000000000000000e+00
    1.540292164455045e+01      0.000000000000000e+00
    1.540622182962801e+01      0.000000000000000e+00
    1.540952201470557e+01      0.000000000000000e+00
    1.541282219978313e+01      0.000000000000000e+00
    1.541612238486069e+01      0.000000000000000e+00
    1.541942256993825e+01      0.000000000000000e+00
    1.542272275501581e+01      0.000000000000000e+00
    1.542602294009337e+01      0.000000000000000e+00
    1.542932312517093e+01      0.000000000000000e+00
    1.543262331024849e+01      0.000000000000000e+00
    1.543592349532605e+01      0.000000000000000e+00
    1.543922368040361e+01      0.000000000000000e+00
    1.544252386548117e+01      0.000000000000000e+00
    1.544582405055874e+01      0.000000000000000e+00
    1.544912423563630e+01      0.000000000000000e+00
    1.545242442071386e+01      0.000000000000000e+00
    1.545572460579142e+01      0.000000000000000e+00
    1.545902479086898e+01      0.000000000000000e+00
    1.546232497594654e+01      0.000000000000000e+00
    1.546562516102410e+01      0.000000000000000e+00
    1.546892534610166e+01      0.000000000000000e+00
    1.547222553117922e+01      0.000000000000000e+00
    1.547552571625678e+01      0.000000000000000e+00
    1.547882590133434e+01      0.000000000000000e+00
    1.548212608641190e+01      0.000000000000000e+00
    1.548542627148946e+01      0.000000000000000e+00
    1.548872645656702e+01      0.000000000000000e+00
    1.549202664164458e+01      0.000000000000000e+00
    1.549532682672214e+01      0.000000000000000e+00
    1.549862701179970e+01      0.000000000000000e+00
    1.550192719687726e+01      0.000000000000000e+00
    1.550522738195482e+01      0.000000000000000e+00
    1.550852756703238e+01      0.000000000000000e+00
    1.551182775210994e+01      0.000000000000000e+00
    1.551512793718750e+01      0.000000000000000e+00
    1.551842812226506e+01      0.000000000000000e+00
    1.552172830734262e+01      0.000000000000000e+00
    1.552502849242018e+01      0.000000000000000e+00
    1.552832867749774e+01      0.000000000000000e+00
    1.553162886257530e+01      0.000000000000000e+00
    1.553492904765286e+01      0.000000000000000e+00
    1.553822923273042e+01      0.000000000000000e+00
    1.554152941780798e+01      0.000000000000000e+00
    1.554482960288555e+01      0.000000000000000e+00
    1.554812978796311e+01      0.000000000000000e+00
    1.555142997304067e+01      0.000000000000000e+00
    1.555473015811823e+01      0.000000000000000e+00
    1.555803034319579e+01      0.000000000000000e+00
    1.556133052827335e+01      0.000000000000000e+00
    1.556463071335091e+01      0.000000000000000e+00
    1.556793089842847e+01      0.000000000000000e+00
    1.557123108350603e+01      0.000000000000000e+00
    1.557453126858359e+01      0.000000000000000e+00
    1.557783145366115e+01      0.000000000000000e+00
    1.558113163873871e+01      0.000000000000000e+00
    1.558443182381627e+01      0.000000000000000e+00
    1.558773200889383e+01      0.000000000000000e+00
    1.559103219397139e+01      0.000000000000000e+00
    1.559433237904895e+01      0.000000000000000e+00
    1.559763256412651e+01      0.000000000000000e+00
    1.560093274920407e+01      0.000000000000000e+00
    1.560423293428163e+01      0.000000000000000e+00
    1.560753311935919e+01      0.000000000000000e+00
    1.561083330443675e+01      0.000000000000000e+00
    1.561413348951431e+01      0.000000000000000e+00
    1.561743367459187e+01      0.000000000000000e+00
    1.562073385966943e+01      0.000000000000000e+00
    1.562403404474699e+01      0.000000000000000e+00
    1.562733422982455e+01      0.000000000000000e+00
    1.563063441490212e+01      0.000000000000000e+00
    1.563393459997967e+01      0.000000000000000e+00
    1.563723478505723e+01      0.000000000000000e+00
    1.564053497013479e+01      0.000000000000000e+00
    1.564383515521236e+01      0.000000000000000e+00
    1.564713534028992e+01      0.000000000000000e+00
    1.565043552536748e+01      0.000000000000000e+00
    1.565373571044504e+01      0.000000000000000e+00
    1.565703589552260e+01      0.000000000000000e+00
    1.566033608060016e+01      0.000000000000000e+00
    1.566363626567772e+01      0.000000000000000e+00
    1.566693645075528e+01      0.000000000000000e+00
    1.567023663583284e+01      0.000000000000000e+00
    1.567353682091040e+01      0.000000000000000e+00
    1.567683700598796e+01      0.000000000000000e+00
    1.568013719106552e+01      0.000000000000000e+00
    1.568343737614308e+01      0.000000000000000e+00
    1.568673756122064e+01      0.000000000000000e+00
    1.569003774629820e+01      0.000000000000000e+00
    1.569333793137576e+01      0.000000000000000e+00
    1.569663811645332e+01      0.000000000000000e+00
    1.569993830153088e+01      0.000000000000000e+00
    1.570323848660844e+01      0.000000000000000e+00
    1.570653867168600e+01      0.000000000000000e+00
    1.570983885676356e+01      0.000000000000000e+00
    1.571313904184112e+01      0.000000000000000e+00
    1.571643922691868e+01      0.000000000000000e+00
    1.571973941199624e+01      0.000000000000000e+00
    1.572303959707380e+01      0.000000000000000e+00
    1.572633978215136e+01      0.000000000000000e+00
    1.572963996722892e+01      0.000000000000000e+00
    1.573294015230648e+01      0.000000000000000e+00
    1.573624033738404e+01      0.000000000000000e+00
    1.573954052246160e+01      0.000000000000000e+00
    1.574284070753917e+01      0.000000000000000e+00
    1.574614089261673e+01      0.000000000000000e+00
    1.574944107769429e+01      0.000000000000000e+00
    1.575274126277185e+01      0.000000000000000e+00
    1.575604144784941e+01      0.000000000000000e+00
    1.575934163292697e+01      0.000000000000000e+00
    1.576264181800453e+01      0.000000000000000e+00
    1.576594200308209e+01      0.000000000000000e+00
    1.576924218815965e+01      0.000000000000000e+00
    1.577254237323721e+01      0.000000000000000e+00
    1.577584255831477e+01      0.000000000000000e+00
    1.577914274339233e+01      0.000000000000000e+00
    1.578244292846989e+01      0.000000000000000e+00
    1.578574311354745e+01      0.000000000000000e+00
    1.578904329862501e+01      0.000000000000000e+00
    1.579234348370257e+01      0.000000000000000e+00
    1.579564366878013e+01      0.000000000000000e+00
    1.579894385385769e+01      0.000000000000000e+00
    1.580224403893525e+01      0.000000000000000e+00
    1.580554422401281e+01      0.000000000000000e+00
    1.580884440909037e+01      0.000000000000000e+00
    1.581214459416793e+01      0.000000000000000e+00
    1.581544477924549e+01      0.000000000000000e+00
    1.581874496432305e+01      0.000000000000000e+00
    1.582204514940061e+01      0.000000000000000e+00
    1.582534533447817e+01      0.000000000000000e+00
    1.582864551955573e+01      0.000000000000000e+00
    1.583194570463329e+01      0.000000000000000e+00
    1.583524588971085e+01      0.000000000000000e+00
    1.583854607478841e+01      0.000000000000000e+00
    1.584184625986597e+01      0.000000000000000e+00
    1.584514644494354e+01      0.000000000000000e+00
    1.584844663002110e+01      0.000000000000000e+00
    1.585174681509866e+01      0.000000000000000e+00
    1.585504700017622e+01      0.000000000000000e+00
    1.585834718525378e+01      0.000000000000000e+00
    1.586164737033134e+01      0.000000000000000e+00
    1.586494755540890e+01      0.000000000000000e+00
    1.586824774048646e+01      0.000000000000000e+00
    1.587154792556402e+01      0.000000000000000e+00
    1.587484811064158e+01      0.000000000000000e+00
    1.587814829571914e+01      0.000000000000000e+00
    1.588144848079670e+01      0.000000000000000e+00
    1.588474866587426e+01      0.000000000000000e+00
    1.588804885095182e+01      0.000000000000000e+00
    1.589134903602938e+01      0.000000000000000e+00
    1.589464922110694e+01      0.000000000000000e+00
    1.589794940618450e+01      5.135818793200922e+00
    1.590124959126206e+01      0.000000000000000e+00
    1.590454977633962e+01      0.000000000000000e+00
    1.590784996141718e+01      0.000000000000000e+00
    1.591115014649474e+01      0.000000000000000e+00
    1.591445033157230e+01      0.000000000000000e+00
    1.591775051664986e+01      0.000000000000000e+00
    1.592105070172742e+01      0.000000000000000e+00
    1.592435088680498e+01      0.000000000000000e+00
    1.592765107188254e+01      0.000000000000000e+00
    1.593095125696010e+01      0.000000000000000e+00
    1.593425144203766e+01      0.000000000000000e+00
    1.593755162711522e+01      0.000000000000000e+00
    1.594085181219279e+01      0.000000000000000e+00
    1.594415199727035e+01      0.000000000000000e+00
    1.594745218234791e+01      0.000000000000000e+00
    1.595075236742547e+01      0.000000000000000e+00
    1.595405255250303e+01      0.000000000000000e+00
    1.595735273758059e+01      0.000000000000000e+00
    1.596065292265815e+01      0.000000000000000e+00
    1.596395310773571e+01      0.000000000000000e+00
    1.596725329281327e+01      0.000000000000000e+00
    1.597055347789083e+01      0.000000000000000e+00
    1.597385366296839e+01      0.000000000000000e+00
    1.597715384804595e+01      0.000000000000000e+00
    1.598045403312351e+01      0.000000000000000e+00
    1.598375421820107e+01      0.000000000000000e+00
    1.598705440327863e+01      0.000000000000000e+00
    1.599035458835619e+01      0.000000000000000e+00
    1.599365477343375e+01      0.000000000000000e+00
    1.599695495851131e+01      0.000000000000000e+00
    1.600025514358887e+01      0.000000000000000e+00
    1.600355532866643e+01      0.000000000000000e+00
    1.600685551374399e+01      0.000000000000000e+00
    1.601015569882155e+01      0.000000000000000e+00
    1.601345588389911e+01      0.000000000000000e+00
    1.601675606897667e+01      0.000000000000000e+00
    1.602005625405423e+01      0.000000000000000e+00
    1.602335643913180e+01      0.000000000000000e+00
    1.602665662420936e+01      0.000000000000000e+00
    1.602995680928692e+01      0.000000000000000e+00
    1.603325699436447e+01      0.000000000000000e+00
    1.603655717944203e+01      0.000000000000000e+00
    1.603985736451959e+01      0.000000000000000e+00
    1.604315754959715e+01      0.000000000000000e+00
    1.604645773467472e+01      0.000000000000000e+00
    1.604975791975228e+01      0.000000000000000e+00
    1.605305810482984e+01      0.000000000000000e+00
    1.605635828990740e+01      0.000000000000000e+00
    1.605965847498496e+01      0.000000000000000e+00
    1.606295866006252e+01      0.000000000000000e+00
    1.606625884514008e+01      0.000000000000000e+00
    1.606955903021764e+01      0.000000000000000e+00
    1.607285921529520e+01      0.000000000000000e+00
    1.607615940037276e+01      0.000000000000000e+00
    1.607945958545032e+01      0.000000000000000e+00
    1.608275977052788e+01      0.000000000000000e+00
    1.608605995560544e+01      0.000000000000000e+00
    1.608936014068300e+01      0.000000000000000e+00
    1.609266032576056e+01      0.000000000000000e+00
    1.609596051083812e+01      0.000000000000000e+00
    1.609926069591568e+01      0.000000000000000e+00
    1.610256088099324e+01      0.000000000000000e+00
    1.610586106607080e+01      0.000000000000000e+00
    1.610916125114836e+01      0.000000000000000e+00
    1.611246143622592e+01      0.000000000000000e+00
    1.611576162130348e+01      0.000000000000000e+00
    1.611906180638104e+01      0.000000000000000e+00
    1.612236199145860e+01      0.000000000000000e+00
    1.612566217653616e+01      0.000000000000000e+00
    1.612896236161372e+01      0.000000000000000e+00
    1.613226254669128e+01      0.000000000000000e+00
    1.613556273176884e+01      0.000000000000000e+00
    1.613886291684641e+01      0.000000000000000e+00
    1.614216310192397e+01      0.000000000000000e+00
    1.614546328700153e+01      0.000000000000000e+00
    1.614876347207909e+01      0.000000000000000e+00
    1.615206365715665e+01      0.000000000000000e+00
    1.615536384223421e+01      0.000000000000000e+00
    1.615866402731177e+01      0.000000000000000e+00
    1.616196421238933e+01      0.000000000000000e+00
    1.616526439746689e+01      0.000000000000000e+00
    1.616856458254445e+01      0.000000000000000e+00
    1.617186476762201e+01      0.000000000000000e+00
    1.617516495269957e+01      0.000000000000000e+00
    1.617846513777713e+01      0.000000000000000e+00
    1.618176532285469e+01      0.000000000000000e+00
    1.618506550793225e+01      0.000000000000000e+00
    1.618836569300981e+01      0.000000000000000e+00
    1.619166587808737e+01      0.000000000000000e+00
    1.619496606316493e+01      0.000000000000000e+00
    1.619826624824249e+01      0.000000000000000e+00
    1.620156643332005e+01      0.000000000000000e+00
    1.620486661839761e+01      0.000000000000000e+00
    1.620816680347517e+01      0.000000000000000e+00
    1.621146698855273e+01      0.000000000000000e+00
    1.621476717363029e+01      0.000000000000000e+00
    1.621806735870785e+01      0.000000000000000e+00
    1.622136754378541e+01      0.000000000000000e+00
    1.622466772886298e+01      0.000000000000000e+00
    1.622796791394054e+01      0.000000000000000e+00
    1.623126809901810e+01      0.000000000000000e+00
    1.623456828409565e+01      0.000000000000000e+00
    1.623786846917321e+01      0.000000000000000e+00
    1.624116865425077e+01      0.000000000000000e+00
    1.624446883932833e+01      0.000000000000000e+00
    1.624776902440590e+01      0.000000000000000e+00
    1.625106920948346e+01      0.000000000000000e+00
    1.625436939456102e+01      0.000000000000000e+00
    1.625766957963858e+01      0.000000000000000e+00
    1.626096976471614e+01      0.000000000000000e+00
    1.626426994979370e+01      0.000000000000000e+00
    1.626757013487126e+01      0.000000000000000e+00
    1.627087031994882e+01      0.000000000000000e+00
    1.627417050502638e+01      0.000000000000000e+00
    1.627747069010394e+01      0.000000000000000e+00
    1.628077087518150e+01      0.000000000000000e+00
    1.628407106025906e+01      0.000000000000000e+00
    1.628737124533662e+01      0.000000000000000e+00
    1.629067143041418e+01      0.000000000000000e+00
    1.629397161549174e+01      0.000000000000000e+00
    1.629727180056930e+01      0.000000000000000e+00
    1.630057198564686e+01      0.000000000000000e+00
    1.630387217072442e+01      0.000000000000000e+00
    1.630717235580198e+01      0.000000000000000e+00
    1.631047254087954e+01      0.000000000000000e+00
    1.631377272595710e+01      0.000000000000000e+00
    1.631707291103466e+01      0.000000000000000e+00
    1.632037309611222e+01      0.000000000000000e+00
    1.632367328118978e+01      0.000000000000000e+00
    1.632697346626734e+01      0.000000000000000e+00
    1.633027365134490e+01      0.000000000000000e+00
    1.633357383642247e+01      0.000000000000000e+00
    1.633687402150003e+01      0.000000000000000e+00
    1.634017420657759e+01      0.000000000000000e+00
    1.634347439165515e+01      0.000000000000000e+00
    1.634677457673271e+01      0.000000000000000e+00
    1.635007476181027e+01      0.000000000000000e+00
    1.635337494688783e+01      0.000000000000000e+00
    1.635667513196539e+01      0.000000000000000e+00
    1.635997531704295e+01      0.000000000000000e+00
    1.636327550212051e+01      0.000000000000000e+00
    1.636657568719807e+01      0.000000000000000e+00
    1.636987587227563e+01      0.000000000000000e+00
    1.637317605735319e+01      0.000000000000000e+00
    1.637647624243075e+01      0.000000000000000e+00
    1.637977642750831e+01      0.000000000000000e+00
    1.638307661258587e+01      0.000000000000000e+00
    1.638637679766343e+01      0.000000000000000e+00
    1.638967698274099e+01      0.000000000000000e+00
    1.639297716781855e+01      0.000000000000000e+00
    1.639627735289611e+01      0.000000000000000e+00
    1.639957753797367e+01      0.000000000000000e+00
    1.640287772305123e+01      0.000000000000000e+00
    1.640617790812879e+01      0.000000000000000e+00
    1.640947809320635e+01      0.000000000000000e+00
    1.641277827828391e+01      0.000000000000000e+00
    1.641607846336147e+01      0.000000000000000e+00
    1.641937864843903e+01      0.000000000000000e+00
    1.642267883351659e+01      0.000000000000000e+00
    1.642597901859416e+01      0.000000000000000e+00
    1.642927920367172e+01      0.000000000000000e+00
    1.643257938874928e+01      0.000000000000000e+00
    1.643587957382683e+01      0.000000000000000e+00
    1.643917975890439e+01      0.000000000000000e+00
    1.644247994398195e+01      0.000000000000000e+00
    1.644578012905951e+01      0.000000000000000e+00
    1.644908031413708e+01      0.000000000000000e+00
    1.645238049921464e+01      0.000000000000000e+00
    1.645568068429220e+01      0.000000000000000e+00
    1.645898086936976e+01      0.000000000000000e+00
    1.646228105444732e+01      0.000000000000000e+00
    1.646558123952488e+01      0.000000000000000e+00
    1.646888142460244e+01      0.000000000000000e+00
    1.647218160968000e+01      0.000000000000000e+00
    1.647548179475756e+01      0.000000000000000e+00
    1.647878197983512e+01      0.000000000000000e+00
    1.648208216491268e+01      0.000000000000000e+00
    1.648538234999024e+01      0.000000000000000e+00
    1.648868253506780e+01      0.000000000000000e+00
    1.649198272014536e+01      0.000000000000000e+00
    1.649528290522292e+01      0.000000000000000e+00
    1.649858309030048e+01      1.027163758640184e+01
    1.650188327537804e+01      0.000000000000000e+00
    1.650518346045560e+01      0.000000000000000e+00
    1.650848364553316e+01      0.000000000000000e+00
    1.651178383061072e+01      0.000000000000000e+00
    1.651508401568828e+01      0.000000000000000e+00
    1.651838420076584e+01      0.000000000000000e+00
    1.652168438584340e+01      0.000000000000000e+00
    1.652498457092096e+01      0.000000000000000e+00
    1.652828475599852e+01      0.000000000000000e+00
    1.653158494107608e+01      0.000000000000000e+00
    1.653488512615365e+01      0.000000000000000e+00
    1.653818531123121e+01      0.000000000000000e+00
    1.654148549630877e+01      0.000000000000000e+00
    1.654478568138633e+01      0.000000000000000e+00
    1.654808586646389e+01      0.000000000000000e+00
    1.655138605154145e+01      0.000000000000000e+00
    1.655468623661901e+01      0.000000000000000e+00
    1.655798642169657e+01      0.000000000000000e+00
    1.656128660677413e+01      0.000000000000000e+00
    1.656458679185169e+01      0.000000000000000e+00
    1.656788697692925e+01      0.000000000000000e+00
    1.657118716200681e+01      0.000000000000000e+00
    1.657448734708437e+01      0.000000000000000e+00
    1.657778753216193e+01      0.000000000000000e+00
    1.658108771723949e+01      0.000000000000000e+00
    1.658438790231705e+01      0.000000000000000e+00
    1.658768808739461e+01      0.000000000000000e+00
    1.659098827247217e+01      0.000000000000000e+00
    1.659428845754973e+01      0.000000000000000e+00
    1.659758864262729e+01      0.000000000000000e+00
    1.660088882770485e+01      0.000000000000000e+00
    1.660418901278241e+01      0.000000000000000e+00
    1.660748919785997e+01      0.000000000000000e+00
    1.661078938293753e+01      0.000000000000000e+00
    1.661408956801509e+01      0.000000000000000e+00
    1.661738975309265e+01      0.000000000000000e+00
    1.662068993817021e+01      0.000000000000000e+00
    1.662399012324778e+01      0.000000000000000e+00
    1.662729030832534e+01      0.000000000000000e+00
    1.663059049340290e+01      0.000000000000000e+00
    1.663389067848045e+01      0.000000000000000e+00
    1.663719086355801e+01      0.000000000000000e+00
    1.664049104863557e+01      0.000000000000000e+00
    1.664379123371314e+01      0.000000000000000e+00
    1.664709141879070e+01      0.000000000000000e+00
    1.665039160386826e+01      0.000000000000000e+00
    1.665369178894582e+01      0.000000000000000e+00
    1.665699197402338e+01      0.000000000000000e+00
    1.666029215910094e+01      0.000000000000000e+00
    1.666359234417850e+01      0.000000000000000e+00
    1.666689252925606e+01      0.000000000000000e+00
    1.667019271433362e+01      0.000000000000000e+00
    1.667349289941118e+01      0.000000000000000e+00
    1.667679308448874e+01      0.000000000000000e+00
    1.668009326956630e+01      0.000000000000000e+00
    1.668339345464386e+01      0.000000000000000e+00
    1.668669363972142e+01      0.000000000000000e+00
    1.668999382479898e+01      0.000000000000000e+00
    1.669329400987654e+01      0.000000000000000e+00
    1.669659419495410e+01      0.000000000000000e+00
    1.669989438003166e+01      0.000000000000000e+00
    1.670319456510922e+01      0.000000000000000e+00
    1.670649475018678e+01      0.000000000000000e+00
    1.670979493526434e+01      0.000000000000000e+00
    1.671309512034190e+01      0.000000000000000e+00
    1.671639530541946e+01      0.000000000000000e+00
    1.671969549049702e+01      0.000000000000000e+00
    1.672299567557458e+01      0.000000000000000e+00
    1.672629586065214e+01      0.000000000000000e+00
    1.672959604572970e+01      0.000000000000000e+00
    1.673289623080726e+01      0.000000000000000e+00
    1.673619641588483e+01      0.000000000000000e+00
    1.673949660096239e+01      0.000000000000000e+00
    1.674279678603995e+01      0.000000000000000e+00
    1.674609697111751e+01      0.000000000000000e+00
    1.674939715619507e+01      0.000000000000000e+00
    1.675269734127263e+01      0.000000000000000e+00
    1.675599752635019e+01      0.000000000000000e+00
    1.675929771142775e+01      0.000000000000000e+00
    1.676259789650531e+01      0.000000000000000e+00
    1.676589808158287e+01      0.000000000000000e+00
    1.676919826666043e+01      0.000000000000000e+00
    1.677249845173799e+01      0.000000000000000e+00
    1.677579863681555e+01      0.000000000000000e+00
    1.677909882189311e+01      0.000000000000000e+00
    1.678239900697067e+01      0.000000000000000e+00
    1.678569919204823e+01      0.000000000000000e+00
    1.678899937712579e+01      0.000000000000000e+00
    1.679229956220335e+01      0.000000000000000e+00
    1.679559974728091e+01      0.000000000000000e+00
    1.679889993235847e+01      0.000000000000000e+00
    1.680220011743603e+01      0.000000000000000e+00
    1.680550030251359e+01      0.000000000000000e+00
    1.680880048759115e+01      0.000000000000000e+00
    1.681210067266871e+01      0.000000000000000e+00
    1.681540085774627e+01      0.000000000000000e+00
    1.681870104282383e+01      0.000000000000000e+00
    1.682200122790140e+01      0.000000000000000e+00
    1.682530141297896e+01      0.000000000000000e+00
    1.682860159805652e+01      0.000000000000000e+00
    1.683190178313408e+01      0.000000000000000e+00
    1.683520196821163e+01      0.000000000000000e+00
    1.683850215328919e+01      0.000000000000000e+00
    1.684180233836675e+01      0.000000000000000e+00
    1.684510252344432e+01      0.000000000000000e+00
    1.684840270852188e+01      0.000000000000000e+00
    1.685170289359944e+01      0.000000000000000e+00
    1.685500307867700e+01      0.000000000000000e+00
    1.685830326375456e+01      0.000000000000000e+00
    1.686160344883212e+01      0.000000000000000e+00
    1.686490363390968e+01      0.000000000000000e+00
    1.686820381898724e+01      0.000000000000000e+00
    1.687150400406480e+01      0.000000000000000e+00
    1.687480418914236e+01      0.000000000000000e+00
    1.687810437421992e+01      0.000000000000000e+00
    1.688140455929748e+01      0.000000000000000e+00
    1.688470474437504e+01      0.000000000000000e+00
    1.688800492945260e+01      0.000000000000000e+00
    1.689130511453016e+01      0.000000000000000e+00
    1.689460529960772e+01      0.000000000000000e+00
    1.689790548468528e+01      0.000000000000000e+00
    1.690120566976284e+01      0.000000000000000e+00
    1.690450585484040e+01      0.000000000000000e+00
    1.690780603991796e+01      0.000000000000000e+00
    1.691110622499552e+01      0.000000000000000e+00
    1.691440641007308e+01      0.000000000000000e+00
    1.691770659515064e+01      0.000000000000000e+00
    1.692100678022820e+01      0.000000000000000e+00
    1.692430696530576e+01      0.000000000000000e+00
    1.692760715038332e+01      0.000000000000000e+00
    1.693090733546089e+01      0.000000000000000e+00
    1.693420752053845e+01      0.000000000000000e+00
    1.693750770561601e+01      0.000000000000000e+00
    1.694080789069357e+01      0.000000000000000e+00
    1.694410807577113e+01      0.000000000000000e+00
    1.694740826084869e+01      0.000000000000000e+00
    1.695070844592625e+01      0.000000000000000e+00
    1.695400863100381e+01      0.000000000000000e+00
    1.695730881608137e+01      0.000000000000000e+00
    1.696060900115893e+01      0.000000000000000e+00
    1.696390918623649e+01      0.000000000000000e+00
    1.696720937131405e+01      0.000000000000000e+00
    1.697050955639161e+01      0.000000000000000e+00
    1.697380974146917e+01      0.000000000000000e+00
    1.697710992654673e+01      0.000000000000000e+00
    1.698041011162429e+01      0.000000000000000e+00
    1.698371029670185e+01      0.000000000000000e+00
    1.698701048177941e+01      0.000000000000000e+00
    1.699031066685697e+01      0.000000000000000e+00
    1.699361085193453e+01      0.000000000000000e+00
    1.699691103701209e+01      0.000000000000000e+00
    1.700021122208965e+01      0.000000000000000e+00
    1.700351140716721e+01      0.000000000000000e+00
    1.700681159224477e+01      0.000000000000000e+00
    1.701011177732233e+01      0.000000000000000e+00
    1.701341196239989e+01      0.000000000000000e+00
    1.701671214747745e+01      0.000000000000000e+00
    1.702001233255501e+01      0.000000000000000e+00
    1.702331251763258e+01      0.000000000000000e+00
    1.702661270271014e+01      0.000000000000000e+00
    1.702991288778770e+01      0.000000000000000e+00
    1.703321307286526e+01      0.000000000000000e+00
    1.703651325794281e+01      0.000000000000000e+00
    1.703981344302037e+01      0.000000000000000e+00
    1.704311362809793e+01      0.000000000000000e+00
    1.704641381317550e+01      0.000000000000000e+00
    1.704971399825306e+01      0.000000000000000e+00
    1.705301418333062e+01      0.000000000000000e+00
    1.705631436840818e+01      0.000000000000000e+00
    1.705961455348574e+01      0.000000000000000e+00
    1.706291473856330e+01      0.000000000000000e+00
    1.706621492364086e+01      0.000000000000000e+00
    1.706951510871842e+01      0.000000000000000e+00
    1.707281529379598e+01      0.000000000000000e+00
    1.707611547887354e+01      0.000000000000000e+00
    1.707941566395110e+01      0.000000000000000e+00
    1.708271584902866e+01      0.000000000000000e+00
    1.708601603410622e+01      0.000000000000000e+00
    1.708931621918378e+01      0.000000000000000e+00
    1.709261640426134e+01      0.000000000000000e+00
    1.709591658933890e+01      5.135818793200922e+00
