                     bin:                     prob.:
    3.395597574903965e-01      1.951140435773998e+01
    3.404284367628677e-01      0.000000000000000e+00
    3.412971160353389e-01      0.000000000000000e+00
    3.421657953078101e-01      0.000000000000000e+00
    3.430344745802812e-01      0.000000000000000e+00
    3.439031538527524e-01      0.000000000000000e+00
    3.447718331252236e-01      0.000000000000000e+00
    3.456405123976948e-01      0.000000000000000e+00
    3.465091916701660e-01      0.000000000000000e+00
    3.473778709426372e-01      0.000000000000000e+00
    3.482465502151084e-01      0.000000000000000e+00
    3.491152294875796e-01      0.000000000000000e+00
    3.499839087600508e-01      0.000000000000000e+00
    3.508525880325220e-01      0.000000000000000e+00
    3.517212673049931e-01      0.000000000000000e+00
    3.525899465774643e-01      0.000000000000000e+00
    3.534586258499355e-01      0.000000000000000e+00
    3.543273051224067e-01      0.000000000000000e+00
    3.551959843948779e-01      0.000000000000000e+00
    3.560646636673491e-01      0.000000000000000e+00
    3.569333429398203e-01      0.000000000000000e+00
    3.578020222122915e-01      0.000000000000000e+00
    3.586707014847627e-01      0.000000000000000e+00
    3.595393807572338e-01      0.000000000000000e+00
    3.604080600297050e-01      0.000000000000000e+00
    3.612767393021762e-01      0.000000000000000e+00
    3.621454185746474e-01      0.000000000000000e+00
    3.630140978471186e-01      0.000000000000000e+00
    3.638827771195898e-01      0.000000000000000e+00
    3.647514563920610e-01      0.000000000000000e+00
    3.656201356645322e-01      0.000000000000000e+00
    3.664888149370034e-01      0.000000000000000e+00
    3.673574942094745e-01      0.000000000000000e+00
    3.682261734819457e-01      0.000000000000000e+00
    3.690948527544169e-01      0.000000000000000e+00
    3.699635320268881e-01      0.000000000000000e+00
    3.708322112993593e-01      0.000000000000000e+00
    3.717008905718305e-01      0.000000000000000e+00
    3.725695698443017e-01      0.000000000000000e+00
    3.734382491167729e-01      0.000000000000000e+00
    3.743069283892441e-01      0.000000000000000e+00
    3.751756076617152e-01      0.000000000000000e+00
    3.760442869341864e-01      0.000000000000000e+00
    3.769129662066576e-01      0.000000000000000e+00
    3.777816454791288e-01      0.000000000000000e+00
    3.786503247516000e-01      3.902280871547995e+01
    3.795190040240712e-01      0.000000000000000e+00
    3.803876832965424e-01      0.000000000000000e+00
    3.812563625690136e-01      0.000000000000000e+00
    3.821250418414848e-01      0.000000000000000e+00
    3.829937211139559e-01      0.000000000000000e+00
    3.838624003864271e-01      0.000000000000000e+00
    3.847310796588983e-01      0.000000000000000e+00
    3.855997589313695e-01      0.000000000000000e+00
    3.864684382038407e-01      0.000000000000000e+00
    3.873371174763119e-01      0.000000000000000e+00
    3.882057967487831e-01      0.000000000000000e+00
    3.890744760212543e-01      0.000000000000000e+00
    3.899431552937255e-01      0.000000000000000e+00
    3.908118345661966e-01      0.000000000000000e+00
    3.916805138386679e-01      0.000000000000000e+00
    3.925491931111390e-01      0.000000000000000e+00
    3.934178723836102e-01      0.000000000000000e+00
    3.942865516560814e-01      0.000000000000000e+00
    3.951552309285526e-01      0.000000000000000e+00
    3.960239102010238e-01      0.000000000000000e+00
    3.968925894734950e-01      0.000000000000000e+00
    3.977612687459662e-01      0.000000000000000e+00
    3.986299480184373e-01      0.000000000000000e+00
    3.994986272909086e-01      0.000000000000000e+00
    4.003673065633797e-01      0.000000000000000e+00
    4.012359858358509e-01      0.000000000000000e+00
    4.021046651083221e-01      0.000000000000000e+00
    4.029733443807933e-01      0.000000000000000e+00
    4.038420236532645e-01      0.000000000000000e+00
    4.047107029257357e-01      0.000000000000000e+00
    4.055793821982069e-01      0.000000000000000e+00
    4.064480614706780e-01      0.000000000000000e+00
    4.073167407431493e-01      0.000000000000000e+00
    4.081854200156204e-01      0.000000000000000e+00
    4.090540992880916e-01      0.000000000000000e+00
    4.099227785605628e-01      0.000000000000000e+00
    4.107914578330340e-01      0.000000000000000e+00
    4.116601371055052e-01      0.000000000000000e+00
    4.125288163779764e-01      0.000000000000000e+00
    4.133974956504476e-01      0.000000000000000e+00
    4.142661749229187e-01      0.000000000000000e+00
    4.151348541953900e-01      0.000000000000000e+00
    4.160035334678611e-01      0.000000000000000e+00
    4.168722127403323e-01      0.000000000000000e+00
    4.177408920128035e-01      0.000000000000000e+00
    4.186095712852747e-01      1.951140435773998e+01
    4.194782505577459e-01      0.000000000000000e+00
    4.203469298302171e-01      0.000000000000000e+00
    4.212156091026883e-01      0.000000000000000e+00
    4.220842883751594e-01      0.000000000000000e+00
    4.229529676476307e-01      0.000000000000000e+00
    4.238216469201018e-01      0.000000000000000e+00
    4.246903261925730e-01      0.000000000000000e+00
    4.255590054650442e-01      0.000000000000000e+00
    4.264276847375154e-01      0.000000000000000e+00
    4.272963640099866e-01      0.000000000000000e+00
    4.281650432824578e-01      0.000000000000000e+00
    4.290337225549290e-01      0.000000000000000e+00
    4.299024018274001e-01      0.000000000000000e+00
    4.307710810998714e-01      0.000000000000000e+00
    4.316397603723425e-01      0.000000000000000e+00
    4.325084396448137e-01      0.000000000000000e+00
    4.333771189172849e-01      0.000000000000000e+00
    4.342457981897561e-01      0.000000000000000e+00
    4.351144774622273e-01      0.000000000000000e+00
    4.359831567346985e-01      0.000000000000000e+00
    4.368518360071697e-01      0.000000000000000e+00
    4.377205152796409e-01      0.000000000000000e+00
    4.385891945521121e-01      0.000000000000000e+00
    4.394578738245832e-01      0.000000000000000e+00
    4.403265530970544e-01      0.000000000000000e+00
    4.411952323695256e-01      0.000000000000000e+00
    4.420639116419968e-01      0.000000000000000e+00
    4.429325909144680e-01      0.000000000000000e+00
    4.438012701869392e-01      0.000000000000000e+00
    4.446699494594104e-01      0.000000000000000e+00
    4.455386287318816e-01      0.000000000000000e+00
    4.464073080043528e-01      0.000000000000000e+00
    4.472759872768239e-01      0.000000000000000e+00
    4.481446665492951e-01      0.000000000000000e+00
    4.490133458217663e-01      0.000000000000000e+00
    4.498820250942375e-01      0.000000000000000e+00
    4.507507043667087e-01      0.000000000000000e+00
    4.516193836391799e-01      0.000000000000000e+00
    4.524880629116511e-01      0.000000000000000e+00
    4.533567421841223e-01      0.000000000000000e+00
    4.542254214565935e-01      0.000000000000000e+00
    4.550941007290646e-01      0.000000000000000e+00
    4.559627800015358e-01      0.000000000000000e+00
    4.568314592740070e-01      0.000000000000000e+00
    4.577001385464782e-01      3.902280871547995e+01
    4.585688178189494e-01      0.000000000000000e+00
    4.594374970914206e-01      0.000000000000000e+00
    4.603061763638918e-01      0.000000000000000e+00
    4.611748556363630e-01      0.000000000000000e+00
    4.620435349088342e-01      0.000000000000000e+00
    4.629122141813053e-01      0.000000000000000e+00
    4.637808934537765e-01      0.000000000000000e+00
    4.646495727262477e-01      0.000000000000000e+00
    4.655182519987189e-01      0.000000000000000e+00
    4.663869312711901e-01      0.000000000000000e+00
    4.672556105436613e-01      0.000000000000000e+00
    4.681242898161325e-01      0.000000000000000e+00
    4.689929690886037e-01      0.000000000000000e+00
    4.698616483610749e-01      0.000000000000000e+00
    4.707303276335461e-01      0.000000000000000e+00
    4.715990069060173e-01      0.000000000000000e+00
    4.724676861784884e-01      0.000000000000000e+00
    4.733363654509596e-01      0.000000000000000e+00
    4.742050447234308e-01      0.000000000000000e+00
    4.750737239959020e-01      0.000000000000000e+00
    4.759424032683732e-01      0.000000000000000e+00
    4.768110825408444e-01      0.000000000000000e+00
    4.776797618133156e-01      0.000000000000000e+00
    4.785484410857868e-01      0.000000000000000e+00
    4.794171203582580e-01      0.000000000000000e+00
    4.802857996307291e-01      0.000000000000000e+00
    4.811544789032003e-01      0.000000000000000e+00
    4.820231581756715e-01      0.000000000000000e+00
    4.828918374481427e-01      0.000000000000000e+00
    4.837605167206139e-01      0.000000000000000e+00
    4.846291959930851e-01      0.000000000000000e+00
    4.854978752655563e-01      0.000000000000000e+00
    4.863665545380275e-01      0.000000000000000e+00
    4.872352338104987e-01      0.000000000000000e+00
    4.881039130829699e-01      0.000000000000000e+00
    4.889725923554410e-01      0.000000000000000e+00
    4.898412716279122e-01      0.000000000000000e+00
    4.907099509003834e-01      0.000000000000000e+00
    4.915786301728546e-01      0.000000000000000e+00
    4.924473094453258e-01      0.000000000000000e+00
    4.933159887177970e-01      0.000000000000000e+00
    4.941846679902682e-01      0.000000000000000e+00
    4.950533472627394e-01      0.000000000000000e+00
    4.959220265352106e-01      0.000000000000000e+00
    4.967907058076818e-01      0.000000000000000e+00
    4.976593850801529e-01      1.951140435773998e+01
    4.985280643526241e-01      0.000000000000000e+00
    4.993967436250953e-01      0.000000000000000e+00
    5.002654228975665e-01      0.000000000000000e+00
    5.011341021700377e-01      0.000000000000000e+00
    5.020027814425089e-01      0.000000000000000e+00
    5.028714607149801e-01      0.000000000000000e+00
    5.037401399874513e-01      0.000000000000000e+00
    5.046088192599225e-01      0.000000000000000e+00
    5.054774985323937e-01      0.000000000000000e+00
    5.063461778048648e-01      0.000000000000000e+00
    5.072148570773360e-01      0.000000000000000e+00
    5.080835363498073e-01      0.000000000000000e+00
    5.089522156222784e-01      0.000000000000000e+00
    5.098208948947496e-01      0.000000000000000e+00
    5.106895741672208e-01      0.000000000000000e+00
    5.115582534396920e-01      0.000000000000000e+00
    5.124269327121631e-01      0.000000000000000e+00
    5.132956119846344e-01      0.000000000000000e+00
    5.141642912571056e-01      0.000000000000000e+00
    5.150329705295768e-01      0.000000000000000e+00
    5.159016498020479e-01      0.000000000000000e+00
    5.167703290745191e-01      0.000000000000000e+00
    5.176390083469903e-01      0.000000000000000e+00
    5.185076876194615e-01      0.000000000000000e+00
    5.193763668919327e-01      0.000000000000000e+00
    5.202450461644039e-01      0.000000000000000e+00
    5.211137254368751e-01      0.000000000000000e+00
    5.219824047093462e-01      0.000000000000000e+00
    5.228510839818175e-01      0.000000000000000e+00
    5.237197632542887e-01      0.000000000000000e+00
    5.245884425267598e-01      0.000000000000000e+00
    5.254571217992310e-01      0.000000000000000e+00
    5.263258010717022e-01      0.000000000000000e+00
    5.271944803441734e-01      0.000000000000000e+00
    5.280631596166446e-01      0.000000000000000e+00
    5.289318388891158e-01      0.000000000000000e+00
    5.298005181615870e-01      0.000000000000000e+00
    5.306691974340582e-01      0.000000000000000e+00
    5.315378767065293e-01      0.000000000000000e+00
    5.324065559790006e-01      0.000000000000000e+00
    5.332752352514717e-01      0.000000000000000e+00
    5.341439145239429e-01      0.000000000000000e+00
    5.350125937964141e-01      0.000000000000000e+00
    5.358812730688853e-01      0.000000000000000e+00
    5.367499523413565e-01      3.902280871548245e+01
    5.376186316138276e-01      0.000000000000000e+00
    5.384873108862989e-01      0.000000000000000e+00
    5.393559901587701e-01      0.000000000000000e+00
    5.402246694312413e-01      0.000000000000000e+00
    5.410933487037124e-01      0.000000000000000e+00
    5.419620279761836e-01      0.000000000000000e+00
    5.428307072486548e-01      0.000000000000000e+00
    5.436993865211260e-01      0.000000000000000e+00
    5.445680657935972e-01      0.000000000000000e+00
    5.454367450660684e-01      0.000000000000000e+00
    5.463054243385396e-01      0.000000000000000e+00
    5.471741036110107e-01      0.000000000000000e+00
    5.480427828834820e-01      0.000000000000000e+00
    5.489114621559531e-01      0.000000000000000e+00
    5.497801414284244e-01      0.000000000000000e+00
    5.506488207008955e-01      0.000000000000000e+00
    5.515174999733667e-01      0.000000000000000e+00
    5.523861792458379e-01      0.000000000000000e+00
    5.532548585183090e-01      0.000000000000000e+00
    5.541235377907803e-01      0.000000000000000e+00
    5.549922170632515e-01      0.000000000000000e+00
    5.558608963357227e-01      0.000000000000000e+00
    5.567295756081938e-01      0.000000000000000e+00
    5.575982548806651e-01      0.000000000000000e+00
    5.584669341531362e-01      0.000000000000000e+00
    5.593356134256074e-01      0.000000000000000e+00
    5.602042926980786e-01      0.000000000000000e+00
    5.610729719705498e-01      0.000000000000000e+00
    5.619416512430210e-01      0.000000000000000e+00
    5.628103305154921e-01      0.000000000000000e+00
    5.636790097879634e-01      0.000000000000000e+00
    5.645476890604345e-01      0.000000000000000e+00
    5.654163683329058e-01      0.000000000000000e+00
    5.662850476053769e-01      0.000000000000000e+00
    5.671537268778482e-01      0.000000000000000e+00
    5.680224061503193e-01      0.000000000000000e+00
    5.688910854227904e-01      0.000000000000000e+00
    5.697597646952617e-01      0.000000000000000e+00
    5.706284439677329e-01      0.000000000000000e+00
    5.714971232402041e-01      0.000000000000000e+00
    5.723658025126752e-01      0.000000000000000e+00
    5.732344817851465e-01      0.000000000000000e+00
    5.741031610576176e-01      0.000000000000000e+00
    5.749718403300889e-01      0.000000000000000e+00
    5.758405196025600e-01      0.000000000000000e+00
    5.767091988750312e-01      1.951140435774123e+01
    5.775778781475024e-01      0.000000000000000e+00
    5.784465574199735e-01      0.000000000000000e+00
    5.793152366924448e-01      0.000000000000000e+00
    5.801839159649159e-01      0.000000000000000e+00
    5.810525952373872e-01      0.000000000000000e+00
    5.819212745098583e-01      0.000000000000000e+00
    5.827899537823296e-01      0.000000000000000e+00
    5.836586330548007e-01      0.000000000000000e+00
    5.845273123272718e-01      0.000000000000000e+00
    5.853959915997431e-01      0.000000000000000e+00
    5.862646708722143e-01      0.000000000000000e+00
    5.871333501446855e-01      0.000000000000000e+00
    5.880020294171566e-01      0.000000000000000e+00
    5.888707086896279e-01      0.000000000000000e+00
    5.897393879620990e-01      0.000000000000000e+00
    5.906080672345702e-01      0.000000000000000e+00
    5.914767465070414e-01      0.000000000000000e+00
    5.923454257795127e-01      0.000000000000000e+00
    5.932141050519838e-01      0.000000000000000e+00
    5.940827843244549e-01      0.000000000000000e+00
    5.949514635969262e-01      0.000000000000000e+00
    5.958201428693974e-01      0.000000000000000e+00
    5.966888221418686e-01      0.000000000000000e+00
    5.975575014143397e-01      0.000000000000000e+00
    5.984261806868110e-01      0.000000000000000e+00
    5.992948599592821e-01      0.000000000000000e+00
    6.001635392317533e-01      0.000000000000000e+00
    6.010322185042245e-01      0.000000000000000e+00
    6.019008977766958e-01      0.000000000000000e+00
    6.027695770491669e-01      0.000000000000000e+00
    6.036382563216380e-01      0.000000000000000e+00
    6.045069355941093e-01      0.000000000000000e+00
    6.053756148665805e-01      0.000000000000000e+00
    6.062442941390516e-01      0.000000000000000e+00
    6.071129734115228e-01      0.000000000000000e+00
    6.079816526839941e-01      0.000000000000000e+00
    6.088503319564652e-01      0.000000000000000e+00
    6.097190112289363e-01      0.000000000000000e+00
    6.105876905014076e-01      0.000000000000000e+00
    6.114563697738788e-01      0.000000000000000e+00
    6.123250490463500e-01      0.000000000000000e+00
    6.131937283188211e-01      0.000000000000000e+00
    6.140624075912924e-01      0.000000000000000e+00
    6.149310868637635e-01      0.000000000000000e+00
    6.157997661362347e-01      0.000000000000000e+00
    6.166684454087059e-01      0.000000000000000e+00
    6.175371246811772e-01      0.000000000000000e+00
    6.184058039536483e-01      0.000000000000000e+00
    6.192744832261194e-01      0.000000000000000e+00
    6.201431624985907e-01      0.000000000000000e+00
    6.210118417710619e-01      0.000000000000000e+00
    6.218805210435330e-01      0.000000000000000e+00
    6.227492003160042e-01      0.000000000000000e+00
    6.236178795884755e-01      0.000000000000000e+00
    6.244865588609466e-01      0.000000000000000e+00
    6.253552381334178e-01      0.000000000000000e+00
    6.262239174058890e-01      1.951140435773873e+01
    6.270925966783603e-01      0.000000000000000e+00
    6.279612759508314e-01      0.000000000000000e+00
    6.288299552233025e-01      0.000000000000000e+00
    6.296986344957738e-01      0.000000000000000e+00
    6.305673137682449e-01      0.000000000000000e+00
    6.314359930407161e-01      0.000000000000000e+00
    6.323046723131873e-01      0.000000000000000e+00
    6.331733515856586e-01      0.000000000000000e+00
    6.340420308581297e-01      0.000000000000000e+00
    6.349107101306009e-01      0.000000000000000e+00
    6.357793894030721e-01      3.902280871547747e+01
    6.366480686755434e-01      0.000000000000000e+00
    6.375167479480144e-01      0.000000000000000e+00
    6.383854272204856e-01      0.000000000000000e+00
    6.392541064929569e-01      0.000000000000000e+00
    6.401227857654280e-01      0.000000000000000e+00
    6.409914650378992e-01      0.000000000000000e+00
    6.418601443103704e-01      0.000000000000000e+00
    6.427288235828417e-01      0.000000000000000e+00
    6.435975028553128e-01      0.000000000000000e+00
    6.444661821277839e-01      0.000000000000000e+00
    6.453348614002552e-01      1.951140435774123e+01
    6.462035406727263e-01      0.000000000000000e+00
    6.470722199451975e-01      0.000000000000000e+00
    6.479408992176687e-01      0.000000000000000e+00
    6.488095784901400e-01      0.000000000000000e+00
    6.496782577626111e-01      0.000000000000000e+00
    6.505469370350823e-01      0.000000000000000e+00
    6.514156163075535e-01      0.000000000000000e+00
    6.522842955800248e-01      0.000000000000000e+00
    6.531529748524959e-01      0.000000000000000e+00
    6.540216541249670e-01      0.000000000000000e+00
    6.548903333974383e-01      0.000000000000000e+00
    6.557590126699094e-01      3.902280871548245e+01
    6.566276919423806e-01      0.000000000000000e+00
    6.574963712148518e-01      0.000000000000000e+00
    6.583650504873231e-01      0.000000000000000e+00
    6.592337297597942e-01      0.000000000000000e+00
    6.601024090322654e-01      0.000000000000000e+00
    6.609710883047366e-01      0.000000000000000e+00
    6.618397675772077e-01      0.000000000000000e+00
    6.627084468496789e-01      0.000000000000000e+00
    6.635771261221501e-01      0.000000000000000e+00
    6.644458053946214e-01      0.000000000000000e+00
    6.653144846670925e-01      1.951140435774123e+01
    6.661831639395637e-01      0.000000000000000e+00
    6.670518432120349e-01      0.000000000000000e+00
    6.679205224845062e-01      0.000000000000000e+00
    6.687892017569773e-01      0.000000000000000e+00
    6.696578810294485e-01      0.000000000000000e+00
    6.705265603019197e-01      0.000000000000000e+00
    6.713952395743908e-01      0.000000000000000e+00
    6.722639188468620e-01      0.000000000000000e+00
    6.731325981193332e-01      0.000000000000000e+00
    6.740012773918045e-01      0.000000000000000e+00
    6.748699566642756e-01      0.000000000000000e+00
    6.757386359367468e-01      3.902280871547747e+01
    6.766073152092180e-01      0.000000000000000e+00
    6.774759944816892e-01      0.000000000000000e+00
    6.783446737541603e-01      0.000000000000000e+00
    6.792133530266315e-01      0.000000000000000e+00
    6.800820322991028e-01      0.000000000000000e+00
    6.809507115715739e-01      0.000000000000000e+00
    6.818193908440451e-01      0.000000000000000e+00
    6.826880701165163e-01      0.000000000000000e+00
    6.835567493889876e-01      0.000000000000000e+00
    6.844254286614587e-01      0.000000000000000e+00
    6.852941079339299e-01      1.951140435773873e+01
    6.861627872064011e-01      0.000000000000000e+00
    6.870314664788723e-01      0.000000000000000e+00
    6.879001457513434e-01      0.000000000000000e+00
    6.887688250238146e-01      0.000000000000000e+00
    6.896375042962859e-01      0.000000000000000e+00
    6.905061835687570e-01      0.000000000000000e+00
    6.913748628412282e-01      0.000000000000000e+00
    6.922435421136994e-01      0.000000000000000e+00
    6.931122213861706e-01      0.000000000000000e+00
    6.939809006586417e-01      0.000000000000000e+00
    6.948495799311130e-01      5.853421307321620e+01
    6.957182592035842e-01      0.000000000000000e+00
    6.965869384760554e-01      0.000000000000000e+00
    6.974556177485265e-01      0.000000000000000e+00
    6.983242970209977e-01      0.000000000000000e+00
    6.991929762934690e-01      0.000000000000000e+00
    7.000616555659401e-01      0.000000000000000e+00
    7.009303348384113e-01      0.000000000000000e+00
    7.017990141108825e-01      0.000000000000000e+00
    7.026676933833537e-01      0.000000000000000e+00
    7.035363726558248e-01      0.000000000000000e+00
    7.044050519282961e-01      0.000000000000000e+00
    7.052737312007673e-01      1.951140435774123e+01
    7.061424104732384e-01      0.000000000000000e+00
    7.070110897457096e-01      0.000000000000000e+00
    7.078797690181808e-01      0.000000000000000e+00
    7.087484482906521e-01      0.000000000000000e+00
    7.096171275631231e-01      0.000000000000000e+00
    7.104858068355944e-01      0.000000000000000e+00
    7.113544861080656e-01      0.000000000000000e+00
    7.122231653805368e-01      0.000000000000000e+00
    7.130918446530079e-01      0.000000000000000e+00
    7.139605239254792e-01      0.000000000000000e+00
    7.148292031979504e-01      3.902280871548245e+01
    7.156978824704215e-01      0.000000000000000e+00
    7.165665617428927e-01      0.000000000000000e+00
    7.174352410153639e-01      0.000000000000000e+00
    7.183039202878351e-01      0.000000000000000e+00
    7.191725995603062e-01      0.000000000000000e+00
    7.200412788327775e-01      0.000000000000000e+00
    7.209099581052487e-01      0.000000000000000e+00
    7.217786373777199e-01      0.000000000000000e+00
    7.226473166501910e-01      0.000000000000000e+00
    7.235159959226622e-01      0.000000000000000e+00
    7.243846751951335e-01      0.000000000000000e+00
    7.252533544676045e-01      1.951140435773873e+01
    7.261220337400758e-01      0.000000000000000e+00
    7.269907130125470e-01      0.000000000000000e+00
    7.278593922850182e-01      0.000000000000000e+00
    7.287280715574893e-01      0.000000000000000e+00
    7.295967508299606e-01      0.000000000000000e+00
    7.304654301024318e-01      0.000000000000000e+00
    7.313341093749030e-01      0.000000000000000e+00
    7.322027886473741e-01      0.000000000000000e+00
    7.330714679198453e-01      0.000000000000000e+00
    7.339401471923165e-01      0.000000000000000e+00
    7.348088264647876e-01      5.853421307321620e+01
    7.356775057372589e-01      0.000000000000000e+00
    7.365461850097301e-01      0.000000000000000e+00
    7.374148642822013e-01      0.000000000000000e+00
    7.382835435546724e-01      0.000000000000000e+00
    7.391522228271437e-01      0.000000000000000e+00
    7.400209020996149e-01      0.000000000000000e+00
    7.408895813720859e-01      0.000000000000000e+00
    7.417582606445572e-01      0.000000000000000e+00
    7.426269399170284e-01      0.000000000000000e+00
    7.434956191894996e-01      0.000000000000000e+00
    7.443642984619707e-01      1.951140435773873e+01
    7.452329777344420e-01      0.000000000000000e+00
    7.461016570069132e-01      0.000000000000000e+00
    7.469703362793844e-01      0.000000000000000e+00
    7.478390155518555e-01      0.000000000000000e+00
    7.487076948243268e-01      0.000000000000000e+00
    7.495763740967979e-01      0.000000000000000e+00
    7.504450533692690e-01      0.000000000000000e+00
    7.513137326417403e-01      0.000000000000000e+00
    7.521824119142115e-01      0.000000000000000e+00
    7.530510911866827e-01      0.000000000000000e+00
    7.539197704591538e-01      0.000000000000000e+00
    7.547884497316251e-01      3.902280871547747e+01
    7.556571290040963e-01      0.000000000000000e+00
    7.565258082765675e-01      0.000000000000000e+00
    7.573944875490386e-01      0.000000000000000e+00
    7.582631668215098e-01      0.000000000000000e+00
    7.591318460939810e-01      1.951140435774123e+01
    7.600005253664521e-01      0.000000000000000e+00
    7.608692046389234e-01      0.000000000000000e+00
    7.617378839113946e-01      0.000000000000000e+00
    7.626065631838658e-01      0.000000000000000e+00
    7.634752424563369e-01      0.000000000000000e+00
    7.643439217288082e-01      3.902280871548245e+01
    7.652126010012793e-01      0.000000000000000e+00
    7.660812802737504e-01      0.000000000000000e+00
    7.669499595462217e-01      0.000000000000000e+00
    7.678186388186929e-01      0.000000000000000e+00
    7.686873180911641e-01      0.000000000000000e+00
    7.695559973636352e-01      1.951140435773873e+01
    7.704246766361065e-01      0.000000000000000e+00
    7.712933559085777e-01      0.000000000000000e+00
    7.721620351810489e-01      0.000000000000000e+00
    7.730307144535200e-01      0.000000000000000e+00
    7.738993937259913e-01      1.951140435774123e+01
    7.747680729984624e-01      0.000000000000000e+00
    7.756367522709335e-01      0.000000000000000e+00
    7.765054315434048e-01      0.000000000000000e+00
    7.773741108158760e-01      0.000000000000000e+00
    7.782427900883472e-01      0.000000000000000e+00
    7.791114693608183e-01      0.000000000000000e+00
    7.799801486332896e-01      0.000000000000000e+00
    7.808488279057607e-01      0.000000000000000e+00
    7.817175071782319e-01      0.000000000000000e+00
    7.825861864507031e-01      0.000000000000000e+00
    7.834548657231744e-01      0.000000000000000e+00
    7.843235449956455e-01      1.951140435774123e+01
    7.851922242681166e-01      0.000000000000000e+00
    7.860609035405879e-01      0.000000000000000e+00
    7.869295828130591e-01      0.000000000000000e+00
    7.877982620855303e-01      0.000000000000000e+00
    7.886669413580014e-01      0.000000000000000e+00
    7.895356206304727e-01      0.000000000000000e+00
    7.904042999029438e-01      0.000000000000000e+00
    7.912729791754149e-01      0.000000000000000e+00
    7.921416584478862e-01      0.000000000000000e+00
    7.930103377203574e-01      0.000000000000000e+00
    7.938790169928286e-01      3.902280871548245e+01
    7.947476962652997e-01      0.000000000000000e+00
    7.956163755377710e-01      0.000000000000000e+00
    7.964850548102421e-01      0.000000000000000e+00
    7.973537340827133e-01      0.000000000000000e+00
    7.982224133551845e-01      0.000000000000000e+00
    7.990910926276558e-01      0.000000000000000e+00
    7.999597719001269e-01      0.000000000000000e+00
    8.008284511725980e-01      0.000000000000000e+00
    8.016971304450693e-01      0.000000000000000e+00
    8.025658097175405e-01      0.000000000000000e+00
    8.034344889900117e-01      0.000000000000000e+00
    8.043031682624828e-01      1.951140435773873e+01
    8.051718475349541e-01      0.000000000000000e+00
    8.060405268074252e-01      0.000000000000000e+00
    8.069092060798964e-01      0.000000000000000e+00
    8.077778853523676e-01      0.000000000000000e+00
    8.086465646248389e-01      0.000000000000000e+00
    8.095152438973100e-01      0.000000000000000e+00
    8.103839231697811e-01      0.000000000000000e+00
    8.112526024422524e-01      0.000000000000000e+00
    8.121212817147235e-01      0.000000000000000e+00
    8.129899609871947e-01      0.000000000000000e+00
    8.138586402596659e-01      7.804561743095493e+01
    8.147273195321372e-01      0.000000000000000e+00
    8.155959988046083e-01      0.000000000000000e+00
    8.164646780770795e-01      0.000000000000000e+00
    8.173333573495507e-01      0.000000000000000e+00
    8.182020366220220e-01      0.000000000000000e+00
    8.190707158944931e-01      0.000000000000000e+00
    8.199393951669642e-01      0.000000000000000e+00
    8.208080744394355e-01      0.000000000000000e+00
    8.216767537119066e-01      0.000000000000000e+00
    8.225454329843778e-01      0.000000000000000e+00
    8.234141122568490e-01      0.000000000000000e+00
    8.242827915293203e-01      0.000000000000000e+00
    8.251514708017914e-01      0.000000000000000e+00
    8.260201500742625e-01      0.000000000000000e+00
    8.268888293467338e-01      0.000000000000000e+00
    8.277575086192051e-01      0.000000000000000e+00
    8.286261878916761e-01      0.000000000000000e+00
    8.294948671641473e-01      0.000000000000000e+00
    8.303635464366186e-01      0.000000000000000e+00
    8.312322257090897e-01      0.000000000000000e+00
    8.321009049815609e-01      0.000000000000000e+00
    8.329695842540321e-01      0.000000000000000e+00
    8.338382635265034e-01      1.951140435774123e+01
    8.347069427989745e-01      0.000000000000000e+00
    8.355756220714456e-01      0.000000000000000e+00
    8.364443013439169e-01      0.000000000000000e+00
    8.373129806163880e-01      0.000000000000000e+00
    8.381816598888592e-01      0.000000000000000e+00
    8.390503391613304e-01      0.000000000000000e+00
    8.399190184338016e-01      0.000000000000000e+00
    8.407876977062728e-01      0.000000000000000e+00
    8.416563769787440e-01      0.000000000000000e+00
    8.425250562512152e-01      0.000000000000000e+00
    8.433937355236863e-01      0.000000000000000e+00
    8.442624147961576e-01      0.000000000000000e+00
    8.451310940686287e-01      0.000000000000000e+00
    8.459997733411000e-01      0.000000000000000e+00
    8.468684526135711e-01      0.000000000000000e+00
    8.477371318860424e-01      0.000000000000000e+00
    8.486058111585135e-01      0.000000000000000e+00
    8.494744904309847e-01      0.000000000000000e+00
    8.503431697034559e-01      0.000000000000000e+00
    8.512118489759271e-01      0.000000000000000e+00
    8.520805282483983e-01      0.000000000000000e+00
    8.529492075208694e-01      0.000000000000000e+00
    8.538178867933407e-01      5.853421307322368e+01
    8.546865660658118e-01      0.000000000000000e+00
    8.555552453382831e-01      0.000000000000000e+00
    8.564239246107542e-01      0.000000000000000e+00
    8.572926038832254e-01      0.000000000000000e+00
    8.581612831556966e-01      0.000000000000000e+00
    8.590299624281678e-01      0.000000000000000e+00
    8.598986417006390e-01      0.000000000000000e+00
    8.607673209731102e-01      0.000000000000000e+00
    8.616360002455814e-01      0.000000000000000e+00
    8.625046795180525e-01      0.000000000000000e+00
    8.633733587905238e-01      0.000000000000000e+00
    8.642420380629949e-01      0.000000000000000e+00
    8.651107173354661e-01      0.000000000000000e+00
    8.659793966079373e-01      0.000000000000000e+00
    8.668480758804085e-01      0.000000000000000e+00
    8.677167551528797e-01      0.000000000000000e+00
    8.685854344253509e-01      0.000000000000000e+00
    8.694541136978221e-01      0.000000000000000e+00
    8.703227929702932e-01      0.000000000000000e+00
    8.711914722427645e-01      0.000000000000000e+00
    8.720601515152356e-01      0.000000000000000e+00
    8.729288307877068e-01      1.951140435773873e+01
    8.737975100601780e-01      0.000000000000000e+00
    8.746661893326492e-01      0.000000000000000e+00
    8.755348686051204e-01      0.000000000000000e+00
    8.764035478775916e-01      0.000000000000000e+00
    8.772722271500628e-01      0.000000000000000e+00
    8.781409064225340e-01      0.000000000000000e+00
    8.790095856950052e-01      0.000000000000000e+00
    8.798782649674763e-01      0.000000000000000e+00
    8.807469442399475e-01      0.000000000000000e+00
    8.816156235124187e-01      0.000000000000000e+00
    8.824843027848899e-01      0.000000000000000e+00
    8.833529820573611e-01      0.000000000000000e+00
    8.842216613298323e-01      0.000000000000000e+00
    8.850903406023035e-01      0.000000000000000e+00
    8.859590198747747e-01      0.000000000000000e+00
    8.868276991472459e-01      0.000000000000000e+00
    8.876963784197170e-01      0.000000000000000e+00
    8.885650576921882e-01      0.000000000000000e+00
    8.894337369646594e-01      0.000000000000000e+00
    8.903024162371306e-01      0.000000000000000e+00
    8.911710955096018e-01      0.000000000000000e+00
    8.920397747820730e-01      0.000000000000000e+00
    8.929084540545442e-01      3.902280871548245e+01
    8.937771333270154e-01      0.000000000000000e+00
    8.946458125994866e-01      0.000000000000000e+00
    8.955144918719578e-01      0.000000000000000e+00
    8.963831711444289e-01      0.000000000000000e+00
    8.972518504169001e-01      0.000000000000000e+00
    8.981205296893713e-01      0.000000000000000e+00
    8.989892089618425e-01      0.000000000000000e+00
    8.998578882343137e-01      0.000000000000000e+00
    9.007265675067849e-01      0.000000000000000e+00
    9.015952467792561e-01      0.000000000000000e+00
    9.024639260517273e-01      0.000000000000000e+00
    9.033326053241985e-01      0.000000000000000e+00
    9.042012845966696e-01      0.000000000000000e+00
    9.050699638691408e-01      0.000000000000000e+00
    9.059386431416120e-01      0.000000000000000e+00
    9.068073224140832e-01      0.000000000000000e+00
    9.076760016865544e-01      0.000000000000000e+00
    9.085446809590256e-01      0.000000000000000e+00
    9.094133602314968e-01      0.000000000000000e+00
    9.102820395039680e-01      0.000000000000000e+00
    9.111507187764392e-01      0.000000000000000e+00
    9.120193980489103e-01      0.000000000000000e+00
    9.128880773213816e-01      1.951140435774123e+01
    9.137567565938527e-01      0.000000000000000e+00
    9.146254358663239e-01      0.000000000000000e+00
    9.154941151387951e-01      0.000000000000000e+00
    9.163627944112663e-01      0.000000000000000e+00
    9.172314736837375e-01      0.000000000000000e+00
    9.181001529562087e-01      0.000000000000000e+00
    9.189688322286799e-01      0.000000000000000e+00
    9.198375115011510e-01      0.000000000000000e+00
    9.207061907736223e-01      0.000000000000000e+00
    9.215748700460934e-01      0.000000000000000e+00
    9.224435493185646e-01      0.000000000000000e+00
    9.233122285910358e-01      0.000000000000000e+00
    9.241809078635070e-01      0.000000000000000e+00
    9.250495871359782e-01      0.000000000000000e+00
    9.259182664084494e-01      0.000000000000000e+00
    9.267869456809206e-01      0.000000000000000e+00
    9.276556249533917e-01      0.000000000000000e+00
    9.285243042258630e-01      0.000000000000000e+00
    9.293929834983341e-01      0.000000000000000e+00
    9.302616627708054e-01      0.000000000000000e+00
    9.311303420432765e-01      0.000000000000000e+00
    9.319990213157477e-01      0.000000000000000e+00
    9.328677005882189e-01      0.000000000000000e+00
    9.337363798606901e-01      0.000000000000000e+00
    9.346050591331613e-01      0.000000000000000e+00
    9.354737384056324e-01      0.000000000000000e+00
    9.363424176781037e-01      0.000000000000000e+00
    9.372110969505748e-01      0.000000000000000e+00
    9.380797762230461e-01      0.000000000000000e+00
    9.389484554955172e-01      0.000000000000000e+00
    9.398171347679884e-01      0.000000000000000e+00
    9.406858140404596e-01      0.000000000000000e+00
    9.415544933129308e-01      0.000000000000000e+00
    9.424231725854020e-01      0.000000000000000e+00
    9.432918518578731e-01      0.000000000000000e+00
    9.441605311303444e-01      0.000000000000000e+00
    9.450292104028155e-01      0.000000000000000e+00
    9.458978896752868e-01      0.000000000000000e+00
    9.467665689477579e-01      0.000000000000000e+00
    9.476352482202292e-01      0.000000000000000e+00
    9.485039274927003e-01      0.000000000000000e+00
    9.493726067651715e-01      0.000000000000000e+00
    9.502412860376427e-01      0.000000000000000e+00
    9.511099653101139e-01      0.000000000000000e+00
    9.519786445825851e-01      0.000000000000000e+00
    9.528473238550562e-01      0.000000000000000e+00
    9.537160031275275e-01      0.000000000000000e+00
    9.545846823999986e-01      0.000000000000000e+00
    9.554533616724699e-01      0.000000000000000e+00
    9.563220409449410e-01      0.000000000000000e+00
    9.571907202174122e-01      0.000000000000000e+00
    9.580593994898834e-01      0.000000000000000e+00
    9.589280787623546e-01      0.000000000000000e+00
    9.597967580348258e-01      0.000000000000000e+00
    9.606654373072969e-01      0.000000000000000e+00
    9.615341165797682e-01      0.000000000000000e+00
    9.624027958522393e-01      0.000000000000000e+00
    9.632714751247106e-01      0.000000000000000e+00
    9.641401543971817e-01      0.000000000000000e+00
    9.650088336696530e-01      0.000000000000000e+00
    9.658775129421241e-01      0.000000000000000e+00
    9.667461922145953e-01      0.000000000000000e+00
    9.676148714870665e-01      0.000000000000000e+00
    9.684835507595376e-01      0.000000000000000e+00
    9.693522300320089e-01      0.000000000000000e+00
    9.702209093044800e-01      0.000000000000000e+00
    9.710895885769513e-01      0.000000000000000e+00
    9.719582678494224e-01      0.000000000000000e+00
    9.728269471218937e-01      0.000000000000000e+00
    9.736956263943648e-01      0.000000000000000e+00
    9.745643056668361e-01      0.000000000000000e+00
    9.754329849393072e-01      0.000000000000000e+00
    9.763016642117783e-01      0.000000000000000e+00
    9.771703434842496e-01      0.000000000000000e+00
    9.780390227567207e-01      0.000000000000000e+00
    9.789077020291920e-01      0.000000000000000e+00
    9.797763813016631e-01      0.000000000000000e+00
    9.806450605741344e-01      0.000000000000000e+00
    9.815137398466055e-01      0.000000000000000e+00
    9.823824191190768e-01      0.000000000000000e+00
    9.832510983915479e-01      0.000000000000000e+00
    9.841197776640190e-01      0.000000000000000e+00
    9.849884569364903e-01      0.000000000000000e+00
    9.858571362089614e-01      0.000000000000000e+00
    9.867258154814327e-01      0.000000000000000e+00
    9.875944947539038e-01      0.000000000000000e+00
    9.884631740263751e-01      0.000000000000000e+00
    9.893318532988462e-01      0.000000000000000e+00
    9.902005325713175e-01      0.000000000000000e+00
    9.910692118437886e-01      0.000000000000000e+00
    9.919378911162597e-01      0.000000000000000e+00
    9.928065703887310e-01      0.000000000000000e+00
    9.936752496612021e-01      0.000000000000000e+00
    9.945439289336734e-01      0.000000000000000e+00
    9.954126082061445e-01      0.000000000000000e+00
    9.962812874786158e-01      0.000000000000000e+00
    9.971499667510869e-01      0.000000000000000e+00
    9.980186460235582e-01      0.000000000000000e+00
    9.988873252960293e-01      0.000000000000000e+00
    9.997560045685004e-01      0.000000000000000e+00
    1.000624683840972e+00      0.000000000000000e+00
    1.001493363113443e+00      0.000000000000000e+00
    1.002362042385914e+00      0.000000000000000e+00
    1.003230721658385e+00      0.000000000000000e+00
    1.004099400930857e+00      0.000000000000000e+00
    1.004968080203328e+00      0.000000000000000e+00
    1.005836759475799e+00      0.000000000000000e+00
    1.006705438748270e+00      0.000000000000000e+00
    1.007574118020741e+00      0.000000000000000e+00
    1.008442797293212e+00      0.000000000000000e+00
    1.009311476565684e+00      0.000000000000000e+00
    1.010180155838155e+00      0.000000000000000e+00
    1.011048835110626e+00      0.000000000000000e+00
    1.011917514383097e+00      0.000000000000000e+00
    1.012786193655568e+00      0.000000000000000e+00
    1.013654872928039e+00      0.000000000000000e+00
    1.014523552200511e+00      0.000000000000000e+00
    1.015392231472982e+00      0.000000000000000e+00
    1.016260910745453e+00      0.000000000000000e+00
    1.017129590017924e+00      0.000000000000000e+00
    1.017998269290395e+00      0.000000000000000e+00
    1.018866948562867e+00      0.000000000000000e+00
    1.019735627835338e+00      0.000000000000000e+00
    1.020604307107809e+00      0.000000000000000e+00
    1.021472986380280e+00      0.000000000000000e+00
    1.022341665652752e+00      0.000000000000000e+00
    1.023210344925223e+00      0.000000000000000e+00
    1.024079024197694e+00      1.951140435774372e+01
    1.024947703470165e+00      0.000000000000000e+00
    1.025816382742636e+00      0.000000000000000e+00
    1.026685062015107e+00      0.000000000000000e+00
    1.027553741287579e+00      0.000000000000000e+00
    1.028422420560050e+00      0.000000000000000e+00
    1.029291099832521e+00      0.000000000000000e+00
    1.030159779104992e+00      0.000000000000000e+00
    1.031028458377463e+00      0.000000000000000e+00
    1.031897137649934e+00      0.000000000000000e+00
    1.032765816922406e+00      0.000000000000000e+00
    1.033634496194877e+00      0.000000000000000e+00
    1.034503175467348e+00      0.000000000000000e+00
    1.035371854739819e+00      0.000000000000000e+00
    1.036240534012290e+00      0.000000000000000e+00
    1.037109213284762e+00      0.000000000000000e+00
    1.037977892557233e+00      0.000000000000000e+00
    1.038846571829704e+00      0.000000000000000e+00
    1.039715251102175e+00      0.000000000000000e+00
    1.040583930374646e+00      0.000000000000000e+00
    1.041452609647118e+00      0.000000000000000e+00
    1.042321288919589e+00      0.000000000000000e+00
    1.043189968192060e+00      0.000000000000000e+00
    1.044058647464531e+00      0.000000000000000e+00
    1.044927326737002e+00      0.000000000000000e+00
    1.045796006009474e+00      0.000000000000000e+00
    1.046664685281945e+00      0.000000000000000e+00
    1.047533364554416e+00      0.000000000000000e+00
    1.048402043826887e+00      0.000000000000000e+00
    1.049270723099358e+00      0.000000000000000e+00
    1.050139402371829e+00      0.000000000000000e+00
    1.051008081644301e+00      0.000000000000000e+00
    1.051876760916772e+00      0.000000000000000e+00
    1.052745440189243e+00      0.000000000000000e+00
    1.053614119461714e+00      0.000000000000000e+00
    1.054482798734185e+00      0.000000000000000e+00
    1.055351478006657e+00      0.000000000000000e+00
    1.056220157279128e+00      0.000000000000000e+00
    1.057088836551599e+00      0.000000000000000e+00
    1.057957515824070e+00      0.000000000000000e+00
    1.058826195096541e+00      0.000000000000000e+00
    1.059694874369013e+00      0.000000000000000e+00
    1.060563553641484e+00      0.000000000000000e+00
    1.061432232913955e+00      0.000000000000000e+00
    1.062300912186426e+00      0.000000000000000e+00
    1.063169591458897e+00      0.000000000000000e+00
    1.064038270731368e+00      0.000000000000000e+00
    1.064906950003840e+00      0.000000000000000e+00
    1.065775629276311e+00      0.000000000000000e+00
    1.066644308548782e+00      0.000000000000000e+00
    1.067512987821253e+00      0.000000000000000e+00
    1.068381667093725e+00      0.000000000000000e+00
    1.069250346366196e+00      0.000000000000000e+00
    1.070119025638667e+00      0.000000000000000e+00
    1.070987704911138e+00      0.000000000000000e+00
    1.071856384183609e+00      0.000000000000000e+00
    1.072725063456081e+00      0.000000000000000e+00
    1.073593742728552e+00      0.000000000000000e+00
    1.074462422001023e+00      0.000000000000000e+00
    1.075331101273494e+00      0.000000000000000e+00
    1.076199780545965e+00      0.000000000000000e+00
    1.077068459818436e+00      0.000000000000000e+00
    1.077937139090908e+00      0.000000000000000e+00
    1.078805818363379e+00      0.000000000000000e+00
    1.079674497635850e+00      0.000000000000000e+00
    1.080543176908321e+00      0.000000000000000e+00
    1.081411856180792e+00      0.000000000000000e+00
    1.082280535453263e+00      0.000000000000000e+00
    1.083149214725735e+00      0.000000000000000e+00
    1.084017893998206e+00      0.000000000000000e+00
    1.084886573270677e+00      0.000000000000000e+00
    1.085755252543148e+00      0.000000000000000e+00
    1.086623931815619e+00      0.000000000000000e+00
    1.087492611088090e+00      0.000000000000000e+00
    1.088361290360562e+00      0.000000000000000e+00
    1.089229969633033e+00      0.000000000000000e+00
    1.090098648905504e+00      0.000000000000000e+00
    1.090967328177975e+00      0.000000000000000e+00
    1.091836007450447e+00      0.000000000000000e+00
    1.092704686722918e+00      0.000000000000000e+00
    1.093573365995389e+00      0.000000000000000e+00
    1.094442045267860e+00      0.000000000000000e+00
    1.095310724540331e+00      0.000000000000000e+00
    1.096179403812803e+00      0.000000000000000e+00
    1.097048083085274e+00      0.000000000000000e+00
    1.097916762357745e+00      0.000000000000000e+00
    1.098785441630216e+00      0.000000000000000e+00
    1.099654120902687e+00      0.000000000000000e+00
    1.100522800175158e+00      0.000000000000000e+00
    1.101391479447630e+00      0.000000000000000e+00
    1.102260158720101e+00      0.000000000000000e+00
    1.103128837992572e+00      0.000000000000000e+00
    1.103997517265043e+00      0.000000000000000e+00
    1.104866196537514e+00      0.000000000000000e+00
    1.105734875809986e+00      0.000000000000000e+00
    1.106603555082457e+00      0.000000000000000e+00
    1.107472234354928e+00      0.000000000000000e+00
    1.108340913627399e+00      0.000000000000000e+00
    1.109209592899870e+00      0.000000000000000e+00
    1.110078272172342e+00      0.000000000000000e+00
    1.110946951444813e+00      0.000000000000000e+00
    1.111815630717284e+00      0.000000000000000e+00
    1.112684309989755e+00      0.000000000000000e+00
    1.113552989262226e+00      0.000000000000000e+00
    1.114421668534697e+00      0.000000000000000e+00
    1.115290347807169e+00      0.000000000000000e+00
    1.116159027079640e+00      5.853421307321620e+01
    1.117027706352111e+00      0.000000000000000e+00
    1.117896385624582e+00      0.000000000000000e+00
    1.118765064897053e+00      0.000000000000000e+00
    1.119633744169525e+00      0.000000000000000e+00
    1.120502423441996e+00      0.000000000000000e+00
    1.121371102714467e+00      0.000000000000000e+00
    1.122239781986938e+00      0.000000000000000e+00
    1.123108461259410e+00      0.000000000000000e+00
    1.123977140531881e+00      0.000000000000000e+00
    1.124845819804352e+00      0.000000000000000e+00
    1.125714499076823e+00      0.000000000000000e+00
    1.126583178349294e+00      0.000000000000000e+00
    1.127451857621765e+00      0.000000000000000e+00
    1.128320536894237e+00      0.000000000000000e+00
    1.129189216166708e+00      0.000000000000000e+00
    1.130057895439179e+00      0.000000000000000e+00
    1.130926574711650e+00      0.000000000000000e+00
    1.131795253984121e+00      0.000000000000000e+00
    1.132663933256592e+00      0.000000000000000e+00
    1.133532612529064e+00      0.000000000000000e+00
    1.134401291801535e+00      0.000000000000000e+00
    1.135269971074006e+00      0.000000000000000e+00
    1.136138650346477e+00      0.000000000000000e+00
    1.137007329618948e+00      0.000000000000000e+00
    1.137876008891419e+00      0.000000000000000e+00
    1.138744688163891e+00      0.000000000000000e+00
    1.139613367436362e+00      0.000000000000000e+00
    1.140482046708833e+00      0.000000000000000e+00
    1.141350725981304e+00      0.000000000000000e+00
    1.142219405253776e+00      0.000000000000000e+00
    1.143088084526247e+00      0.000000000000000e+00
    1.143956763798718e+00      0.000000000000000e+00
    1.144825443071189e+00      0.000000000000000e+00
    1.145694122343660e+00      0.000000000000000e+00
    1.146562801616132e+00      0.000000000000000e+00
    1.147431480888603e+00      0.000000000000000e+00
    1.148300160161074e+00      0.000000000000000e+00
    1.149168839433545e+00      0.000000000000000e+00
    1.150037518706016e+00      0.000000000000000e+00
    1.150906197978487e+00      0.000000000000000e+00
    1.151774877250959e+00      0.000000000000000e+00
    1.152643556523430e+00      0.000000000000000e+00
    1.153512235795901e+00      0.000000000000000e+00
    1.154380915068372e+00      0.000000000000000e+00
    1.155249594340843e+00      0.000000000000000e+00
    1.156118273613315e+00      0.000000000000000e+00
    1.156986952885786e+00      0.000000000000000e+00
    1.157855632158257e+00      0.000000000000000e+00
    1.158724311430728e+00      0.000000000000000e+00
    1.159592990703199e+00      0.000000000000000e+00
    1.160461669975671e+00      0.000000000000000e+00
    1.161330349248142e+00      0.000000000000000e+00
    1.162199028520613e+00      0.000000000000000e+00
    1.163067707793084e+00      0.000000000000000e+00
    1.163936387065555e+00      0.000000000000000e+00
    1.164805066338026e+00      0.000000000000000e+00
    1.165673745610498e+00      0.000000000000000e+00
    1.166542424882969e+00      0.000000000000000e+00
    1.167411104155440e+00      0.000000000000000e+00
    1.168279783427911e+00      0.000000000000000e+00
    1.169148462700382e+00      0.000000000000000e+00
    1.170017141972854e+00      0.000000000000000e+00
    1.170885821245325e+00      0.000000000000000e+00
    1.171754500517796e+00      0.000000000000000e+00
    1.172623179790267e+00      0.000000000000000e+00
    1.173491859062739e+00      0.000000000000000e+00
    1.174360538335210e+00      0.000000000000000e+00
    1.175229217607681e+00      0.000000000000000e+00
    1.176097896880152e+00      0.000000000000000e+00
    1.176966576152623e+00      0.000000000000000e+00
    1.177835255425094e+00      0.000000000000000e+00
    1.178703934697566e+00      0.000000000000000e+00
    1.179572613970037e+00      0.000000000000000e+00
    1.180441293242508e+00      0.000000000000000e+00
    1.181309972514979e+00      0.000000000000000e+00
    1.182178651787450e+00      0.000000000000000e+00
    1.183047331059921e+00      0.000000000000000e+00
    1.183916010332393e+00      0.000000000000000e+00
    1.184784689604864e+00      0.000000000000000e+00
    1.185653368877335e+00      0.000000000000000e+00
    1.186522048149806e+00      0.000000000000000e+00
    1.187390727422277e+00      0.000000000000000e+00
    1.188259406694748e+00      0.000000000000000e+00
    1.189128085967220e+00      0.000000000000000e+00
    1.189996765239691e+00      0.000000000000000e+00
    1.190865444512162e+00      0.000000000000000e+00
    1.191734123784634e+00      0.000000000000000e+00
    1.192602803057105e+00      0.000000000000000e+00
    1.193471482329576e+00      0.000000000000000e+00
    1.194340161602047e+00      0.000000000000000e+00
    1.195208840874518e+00      0.000000000000000e+00
    1.196077520146989e+00      0.000000000000000e+00
    1.196946199419461e+00      0.000000000000000e+00
    1.197814878691932e+00      0.000000000000000e+00
    1.198683557964403e+00      0.000000000000000e+00
    1.199552237236874e+00      0.000000000000000e+00
    1.200420916509345e+00      0.000000000000000e+00
    1.201289595781816e+00      0.000000000000000e+00
    1.202158275054288e+00      0.000000000000000e+00
    1.203026954326759e+00      0.000000000000000e+00
    1.203895633599230e+00      0.000000000000000e+00
    1.204764312871701e+00      0.000000000000000e+00
    1.205632992144172e+00      0.000000000000000e+00
    1.206501671416643e+00      0.000000000000000e+00
    1.207370350689115e+00      1.951140435773873e+01
