                     bin:                     prob.:
    4.139869656490862e-01      1.937046004842583e+01
    4.148619656490862e-01      0.000000000000000e+00
    4.157369656490862e-01      0.000000000000000e+00
    4.166119656490862e-01      0.000000000000000e+00
    4.174869656490862e-01      0.000000000000000e+00
    4.183619656490862e-01      0.000000000000000e+00
    4.192369656490862e-01      0.000000000000000e+00
    4.201119656490862e-01      0.000000000000000e+00
    4.209869656490862e-01      0.000000000000000e+00
    4.218619656490862e-01      0.000000000000000e+00
    4.227369656490862e-01      0.000000000000000e+00
    4.236119656490862e-01      0.000000000000000e+00
    4.244869656490862e-01      0.000000000000000e+00
    4.253619656490862e-01      0.000000000000000e+00
    4.262369656490862e-01      0.000000000000000e+00
    4.271119656490862e-01      0.000000000000000e+00
    4.279869656490862e-01      0.000000000000000e+00
    4.288619656490862e-01      0.000000000000000e+00
    4.297369656490862e-01      0.000000000000000e+00
    4.306119656490862e-01      0.000000000000000e+00
    4.314869656490862e-01      0.000000000000000e+00
    4.323619656490862e-01      0.000000000000000e+00
    4.332369656490862e-01      0.000000000000000e+00
    4.341119656490862e-01      0.000000000000000e+00
    4.349869656490862e-01      0.000000000000000e+00
    4.358619656490862e-01      0.000000000000000e+00
    4.367369656490862e-01      0.000000000000000e+00
    4.376119656490862e-01      0.000000000000000e+00
    4.384869656490862e-01      0.000000000000000e+00
    4.393619656490862e-01      0.000000000000000e+00
    4.402369656490862e-01      0.000000000000000e+00
    4.411119656490862e-01      0.000000000000000e+00
    4.419869656490862e-01      0.000000000000000e+00
    4.428619656490862e-01      0.000000000000000e+00
    4.437369656490862e-01      0.000000000000000e+00
    4.446119656490862e-01      0.000000000000000e+00
    4.454869656490862e-01      0.000000000000000e+00
    4.463619656490862e-01      0.000000000000000e+00
    4.472369656490862e-01      0.000000000000000e+00
    4.481119656490862e-01      0.000000000000000e+00
    4.489869656490862e-01      0.000000000000000e+00
    4.498619656490862e-01      0.000000000000000e+00
    4.507369656490862e-01      0.000000000000000e+00
    4.516119656490862e-01      0.000000000000000e+00
    4.524869656490862e-01      0.000000000000000e+00
    4.533619656490862e-01      0.000000000000000e+00
    4.542369656490862e-01      0.000000000000000e+00
    4.551119656490862e-01      0.000000000000000e+00
    4.559869656490862e-01      0.000000000000000e+00
    4.568619656490862e-01      0.000000000000000e+00
    4.577369656490862e-01      0.000000000000000e+00
    4.586119656490862e-01      0.000000000000000e+00
    4.594869656490862e-01      0.000000000000000e+00
    4.603619656490862e-01      0.000000000000000e+00
    4.612369656490862e-01      0.000000000000000e+00
    4.621119656490862e-01      0.000000000000000e+00
    4.629869656490862e-01      0.000000000000000e+00
    4.638619656490862e-01      0.000000000000000e+00
    4.647369656490862e-01      0.000000000000000e+00
    4.656119656490862e-01      0.000000000000000e+00
    4.664869656490862e-01      0.000000000000000e+00
    4.673619656490862e-01      0.000000000000000e+00
    4.682369656490862e-01      0.000000000000000e+00
    4.691119656490862e-01      0.000000000000000e+00
    4.699869656490862e-01      0.000000000000000e+00
    4.708619656490862e-01      0.000000000000000e+00
    4.717369656490862e-01      0.000000000000000e+00
    4.726119656490862e-01      0.000000000000000e+00
    4.734869656490862e-01      0.000000000000000e+00
    4.743619656490862e-01      0.000000000000000e+00
    4.752369656490862e-01      0.000000000000000e+00
    4.761119656490862e-01      0.000000000000000e+00
    4.769869656490862e-01      0.000000000000000e+00
    4.778619656490862e-01      0.000000000000000e+00
    4.787369656490862e-01      0.000000000000000e+00
    4.796119656490862e-01      0.000000000000000e+00
    4.804869656490862e-01      0.000000000000000e+00
    4.813619656490862e-01      0.000000000000000e+00
    4.822369656490862e-01      0.000000000000000e+00
    4.831119656490862e-01      0.000000000000000e+00
    4.839869656490862e-01      0.000000000000000e+00
    4.848619656490862e-01      0.000000000000000e+00
    4.857369656490862e-01      0.000000000000000e+00
    4.866119656490862e-01      0.000000000000000e+00
    4.874869656490862e-01      0.000000000000000e+00
    4.883619656490862e-01      0.000000000000000e+00
    4.892369656490862e-01      0.000000000000000e+00
    4.901119656490862e-01      0.000000000000000e+00
    4.909869656490862e-01      0.000000000000000e+00
    4.918619656490862e-01      0.000000000000000e+00
    4.927369656490862e-01      0.000000000000000e+00
    4.936119656490862e-01      0.000000000000000e+00
    4.944869656490862e-01      0.000000000000000e+00
    4.953619656490862e-01      0.000000000000000e+00
    4.962369656490862e-01      0.000000000000000e+00
    4.971119656490862e-01      0.000000000000000e+00
    4.979869656490862e-01      0.000000000000000e+00
    4.988619656490862e-01      0.000000000000000e+00
    4.997369656490862e-01      0.000000000000000e+00
    5.006119656490862e-01      0.000000000000000e+00
    5.014869656490862e-01      0.000000000000000e+00
    5.023619656490862e-01      0.000000000000000e+00
    5.032369656490863e-01      0.000000000000000e+00
    5.041119656490862e-01      0.000000000000000e+00
    5.049869656490862e-01      0.000000000000000e+00
    5.058619656490863e-01      0.000000000000000e+00
    5.067369656490862e-01      0.000000000000000e+00
    5.076119656490862e-01      0.000000000000000e+00
    5.084869656490862e-01      0.000000000000000e+00
    5.093619656490862e-01      0.000000000000000e+00
    5.102369656490862e-01      0.000000000000000e+00
    5.111119656490862e-01      0.000000000000000e+00
    5.119869656490862e-01      0.000000000000000e+00
    5.128619656490863e-01      0.000000000000000e+00
    5.137369656490862e-01      0.000000000000000e+00
    5.146119656490862e-01      0.000000000000000e+00
    5.154869656490862e-01      0.000000000000000e+00
    5.163619656490862e-01      0.000000000000000e+00
    5.172369656490863e-01      0.000000000000000e+00
    5.181119656490862e-01      0.000000000000000e+00
    5.189869656490862e-01      0.000000000000000e+00
    5.198619656490862e-01      0.000000000000000e+00
    5.207369656490862e-01      0.000000000000000e+00
    5.216119656490862e-01      0.000000000000000e+00
    5.224869656490863e-01      0.000000000000000e+00
    5.233619656490862e-01      0.000000000000000e+00
    5.242369656490862e-01      0.000000000000000e+00
    5.251119656490862e-01      0.000000000000000e+00
    5.259869656490862e-01      0.000000000000000e+00
    5.268619656490863e-01      0.000000000000000e+00
    5.277369656490862e-01      3.874092009685411e+01
    5.286119656490862e-01      0.000000000000000e+00
    5.294869656490863e-01      0.000000000000000e+00
    5.303619656490862e-01      0.000000000000000e+00
    5.312369656490862e-01      0.000000000000000e+00
    5.321119656490862e-01      0.000000000000000e+00
    5.329869656490862e-01      0.000000000000000e+00
    5.338619656490862e-01      0.000000000000000e+00
    5.347369656490862e-01      0.000000000000000e+00
    5.356119656490862e-01      0.000000000000000e+00
    5.364869656490863e-01      0.000000000000000e+00
    5.373619656490862e-01      0.000000000000000e+00
    5.382369656490862e-01      0.000000000000000e+00
    5.391119656490863e-01      0.000000000000000e+00
    5.399869656490862e-01      0.000000000000000e+00
    5.408619656490863e-01      0.000000000000000e+00
    5.417369656490862e-01      0.000000000000000e+00
    5.426119656490862e-01      0.000000000000000e+00
    5.434869656490862e-01      0.000000000000000e+00
    5.443619656490862e-01      0.000000000000000e+00
    5.452369656490862e-01      0.000000000000000e+00
    5.461119656490863e-01      0.000000000000000e+00
    5.469869656490862e-01      0.000000000000000e+00
    5.478619656490862e-01      0.000000000000000e+00
    5.487369656490863e-01      0.000000000000000e+00
    5.496119656490862e-01      0.000000000000000e+00
    5.504869656490863e-01      0.000000000000000e+00
    5.513619656490862e-01      0.000000000000000e+00
    5.522369656490862e-01      0.000000000000000e+00
    5.531119656490862e-01      0.000000000000000e+00
    5.539869656490862e-01      0.000000000000000e+00
    5.548619656490862e-01      0.000000000000000e+00
    5.557369656490863e-01      0.000000000000000e+00
    5.566119656490862e-01      0.000000000000000e+00
    5.574869656490862e-01      0.000000000000000e+00
    5.583619656490862e-01      0.000000000000000e+00
    5.592369656490862e-01      0.000000000000000e+00
    5.601119656490863e-01      0.000000000000000e+00
    5.609869656490862e-01      0.000000000000000e+00
    5.618619656490862e-01      0.000000000000000e+00
    5.627369656490862e-01      0.000000000000000e+00
    5.636119656490862e-01      0.000000000000000e+00
    5.644869656490862e-01      0.000000000000000e+00
    5.653619656490863e-01      0.000000000000000e+00
    5.662369656490862e-01      0.000000000000000e+00
    5.671119656490862e-01      0.000000000000000e+00
    5.679869656490862e-01      0.000000000000000e+00
    5.688619656490862e-01      0.000000000000000e+00
    5.697369656490863e-01      0.000000000000000e+00
    5.706119656490862e-01      0.000000000000000e+00
    5.714869656490862e-01      0.000000000000000e+00
    5.723619656490863e-01      0.000000000000000e+00
    5.732369656490862e-01      0.000000000000000e+00
    5.741119656490862e-01      0.000000000000000e+00
    5.749869656490862e-01      0.000000000000000e+00
    5.758619656490862e-01      0.000000000000000e+00
    5.767369656490862e-01      0.000000000000000e+00
    5.776119656490862e-01      0.000000000000000e+00
    5.784869656490862e-01      0.000000000000000e+00
    5.793619656490863e-01      0.000000000000000e+00
    5.802369656490862e-01      0.000000000000000e+00
    5.811119656490862e-01      0.000000000000000e+00
    5.819869656490863e-01      0.000000000000000e+00
    5.828619656490862e-01      0.000000000000000e+00
    5.837369656490863e-01      0.000000000000000e+00
    5.846119656490862e-01      0.000000000000000e+00
    5.854869656490862e-01      0.000000000000000e+00
    5.863619656490862e-01      0.000000000000000e+00
    5.872369656490862e-01      0.000000000000000e+00
    5.881119656490862e-01      0.000000000000000e+00
    5.889869656490863e-01      0.000000000000000e+00
    5.898619656490862e-01      0.000000000000000e+00
    5.907369656490862e-01      0.000000000000000e+00
    5.916119656490862e-01      0.000000000000000e+00
    5.924869656490862e-01      0.000000000000000e+00
    5.933619656490863e-01      0.000000000000000e+00
    5.942369656490862e-01      0.000000000000000e+00
    5.951119656490862e-01      0.000000000000000e+00
    5.959869656490862e-01      0.000000000000000e+00
    5.968619656490862e-01      0.000000000000000e+00
    5.977369656490862e-01      0.000000000000000e+00
    5.986119656490863e-01      0.000000000000000e+00
    5.994869656490862e-01      0.000000000000000e+00
    6.003619656490862e-01      0.000000000000000e+00
    6.012369656490862e-01      0.000000000000000e+00
    6.021119656490862e-01      0.000000000000000e+00
    6.029869656490863e-01      0.000000000000000e+00
    6.038619656490862e-01      0.000000000000000e+00
    6.047369656490862e-01      0.000000000000000e+00
    6.056119656490863e-01      0.000000000000000e+00
    6.064869656490862e-01      0.000000000000000e+00
    6.073619656490862e-01      0.000000000000000e+00
    6.082369656490862e-01      0.000000000000000e+00
    6.091119656490862e-01      0.000000000000000e+00
    6.099869656490862e-01      0.000000000000000e+00
    6.108619656490862e-01      0.000000000000000e+00
    6.117369656490862e-01      0.000000000000000e+00
    6.126119656490863e-01      0.000000000000000e+00
    6.134869656490862e-01      0.000000000000000e+00
    6.143619656490862e-01      0.000000000000000e+00
    6.152369656490863e-01      0.000000000000000e+00
    6.161119656490862e-01      0.000000000000000e+00
    6.169869656490863e-01      0.000000000000000e+00
    6.178619656490862e-01      0.000000000000000e+00
    6.187369656490862e-01      0.000000000000000e+00
    6.196119656490862e-01      0.000000000000000e+00
    6.204869656490862e-01      0.000000000000000e+00
    6.213619656490862e-01      0.000000000000000e+00
    6.222369656490863e-01      0.000000000000000e+00
    6.231119656490862e-01      0.000000000000000e+00
    6.239869656490862e-01      0.000000000000000e+00
    6.248619656490862e-01      0.000000000000000e+00
    6.257369656490862e-01      0.000000000000000e+00
    6.266119656490863e-01      0.000000000000000e+00
    6.274869656490862e-01      0.000000000000000e+00
    6.283619656490862e-01      0.000000000000000e+00
    6.292369656490862e-01      0.000000000000000e+00
    6.301119656490862e-01      0.000000000000000e+00
    6.309869656490862e-01      0.000000000000000e+00
    6.318619656490863e-01      0.000000000000000e+00
    6.327369656490862e-01      0.000000000000000e+00
    6.336119656490862e-01      0.000000000000000e+00
    6.344869656490862e-01      0.000000000000000e+00
    6.353619656490862e-01      0.000000000000000e+00
    6.362369656490863e-01      0.000000000000000e+00
    6.371119656490862e-01      0.000000000000000e+00
    6.379869656490862e-01      0.000000000000000e+00
    6.388619656490861e-01      0.000000000000000e+00
    6.397369656490862e-01      0.000000000000000e+00
    6.406119656490862e-01      0.000000000000000e+00
    6.414869656490862e-01      1.937046004842706e+01
    6.423619656490862e-01      0.000000000000000e+00
    6.432369656490862e-01      0.000000000000000e+00
    6.441119656490862e-01      0.000000000000000e+00
    6.449869656490862e-01      0.000000000000000e+00
    6.458619656490863e-01      0.000000000000000e+00
    6.467369656490862e-01      0.000000000000000e+00
    6.476119656490862e-01      0.000000000000000e+00
    6.484869656490863e-01      0.000000000000000e+00
    6.493619656490862e-01      0.000000000000000e+00
    6.502369656490863e-01      0.000000000000000e+00
    6.511119656490862e-01      0.000000000000000e+00
    6.519869656490862e-01      0.000000000000000e+00
    6.528619656490862e-01      0.000000000000000e+00
    6.537369656490862e-01      0.000000000000000e+00
    6.546119656490862e-01      0.000000000000000e+00
    6.554869656490863e-01      0.000000000000000e+00
    6.563619656490862e-01      0.000000000000000e+00
    6.572369656490862e-01      0.000000000000000e+00
    6.581119656490863e-01      0.000000000000000e+00
    6.589869656490862e-01      0.000000000000000e+00
    6.598619656490863e-01      0.000000000000000e+00
    6.607369656490862e-01      0.000000000000000e+00
    6.616119656490862e-01      0.000000000000000e+00
    6.624869656490862e-01      0.000000000000000e+00
    6.633619656490862e-01      0.000000000000000e+00
    6.642369656490863e-01      0.000000000000000e+00
    6.651119656490863e-01      0.000000000000000e+00
    6.659869656490862e-01      0.000000000000000e+00
    6.668619656490862e-01      0.000000000000000e+00
    6.677369656490862e-01      0.000000000000000e+00
    6.686119656490862e-01      0.000000000000000e+00
    6.694869656490863e-01      0.000000000000000e+00
    6.703619656490862e-01      0.000000000000000e+00
    6.712369656490862e-01      0.000000000000000e+00
    6.721119656490862e-01      0.000000000000000e+00
    6.729869656490862e-01      0.000000000000000e+00
    6.738619656490863e-01      0.000000000000000e+00
    6.747369656490863e-01      0.000000000000000e+00
    6.756119656490862e-01      0.000000000000000e+00
    6.764869656490862e-01      0.000000000000000e+00
    6.773619656490862e-01      0.000000000000000e+00
    6.782369656490862e-01      0.000000000000000e+00
    6.791119656490863e-01      0.000000000000000e+00
    6.799869656490862e-01      0.000000000000000e+00
    6.808619656490862e-01      0.000000000000000e+00
    6.817369656490861e-01      0.000000000000000e+00
    6.826119656490862e-01      0.000000000000000e+00
    6.834869656490863e-01      0.000000000000000e+00
    6.843619656490862e-01      0.000000000000000e+00
    6.852369656490862e-01      0.000000000000000e+00
    6.861119656490862e-01      0.000000000000000e+00
    6.869869656490862e-01      0.000000000000000e+00
    6.878619656490862e-01      0.000000000000000e+00
    6.887369656490863e-01      0.000000000000000e+00
    6.896119656490862e-01      0.000000000000000e+00
    6.904869656490862e-01      0.000000000000000e+00
    6.913619656490861e-01      0.000000000000000e+00
    6.922369656490862e-01      0.000000000000000e+00
    6.931119656490863e-01      0.000000000000000e+00
    6.939869656490862e-01      0.000000000000000e+00
    6.948619656490862e-01      0.000000000000000e+00
    6.957369656490862e-01      0.000000000000000e+00
    6.966119656490862e-01      0.000000000000000e+00
    6.974869656490863e-01      0.000000000000000e+00
    6.983619656490863e-01      0.000000000000000e+00
    6.992369656490862e-01      0.000000000000000e+00
    7.001119656490862e-01      0.000000000000000e+00
    7.009869656490862e-01      0.000000000000000e+00
    7.018619656490862e-01      0.000000000000000e+00
    7.027369656490863e-01      0.000000000000000e+00
    7.036119656490862e-01      0.000000000000000e+00
    7.044869656490862e-01      0.000000000000000e+00
    7.053619656490862e-01      0.000000000000000e+00
    7.062369656490862e-01      0.000000000000000e+00
    7.071119656490863e-01      0.000000000000000e+00
    7.079869656490863e-01      0.000000000000000e+00
    7.088619656490862e-01      0.000000000000000e+00
    7.097369656490862e-01      0.000000000000000e+00
    7.106119656490862e-01      0.000000000000000e+00
    7.114869656490862e-01      0.000000000000000e+00
    7.123619656490863e-01      0.000000000000000e+00
    7.132369656490862e-01      0.000000000000000e+00
    7.141119656490862e-01      0.000000000000000e+00
    7.149869656490861e-01      0.000000000000000e+00
    7.158619656490862e-01      0.000000000000000e+00
    7.167369656490863e-01      0.000000000000000e+00
    7.176119656490862e-01      0.000000000000000e+00
    7.184869656490862e-01      0.000000000000000e+00
    7.193619656490862e-01      0.000000000000000e+00
    7.202369656490862e-01      0.000000000000000e+00
    7.211119656490862e-01      0.000000000000000e+00
    7.219869656490863e-01      0.000000000000000e+00
    7.228619656490862e-01      0.000000000000000e+00
    7.237369656490862e-01      0.000000000000000e+00
    7.246119656490861e-01      0.000000000000000e+00
    7.254869656490862e-01      0.000000000000000e+00
    7.263619656490863e-01      0.000000000000000e+00
    7.272369656490862e-01      0.000000000000000e+00
    7.281119656490862e-01      0.000000000000000e+00
    7.289869656490862e-01      0.000000000000000e+00
    7.298619656490862e-01      0.000000000000000e+00
    7.307369656490863e-01      0.000000000000000e+00
    7.316119656490863e-01      0.000000000000000e+00
    7.324869656490862e-01      0.000000000000000e+00
    7.333619656490862e-01      0.000000000000000e+00
    7.342369656490861e-01      0.000000000000000e+00
    7.351119656490862e-01      0.000000000000000e+00
    7.359869656490863e-01      0.000000000000000e+00
    7.368619656490862e-01      0.000000000000000e+00
    7.377369656490862e-01      0.000000000000000e+00
    7.386119656490862e-01      0.000000000000000e+00
    7.394869656490862e-01      0.000000000000000e+00
    7.403619656490863e-01      0.000000000000000e+00
    7.412369656490863e-01      0.000000000000000e+00
    7.421119656490862e-01      0.000000000000000e+00
    7.429869656490862e-01      0.000000000000000e+00
    7.438619656490862e-01      0.000000000000000e+00
    7.447369656490862e-01      0.000000000000000e+00
    7.456119656490863e-01      0.000000000000000e+00
    7.464869656490862e-01      0.000000000000000e+00
    7.473619656490862e-01      0.000000000000000e+00
    7.482369656490861e-01      0.000000000000000e+00
    7.491119656490862e-01      0.000000000000000e+00
    7.499869656490863e-01      0.000000000000000e+00
    7.508619656490862e-01      0.000000000000000e+00
    7.517369656490862e-01      0.000000000000000e+00
    7.526119656490862e-01      0.000000000000000e+00
    7.534869656490862e-01      0.000000000000000e+00
    7.543619656490862e-01      0.000000000000000e+00
    7.552369656490863e-01      3.874092009685411e+01
    7.561119656490862e-01      0.000000000000000e+00
    7.569869656490862e-01      0.000000000000000e+00
    7.578619656490861e-01      0.000000000000000e+00
    7.587369656490862e-01      0.000000000000000e+00
    7.596119656490863e-01      0.000000000000000e+00
    7.604869656490862e-01      0.000000000000000e+00
    7.613619656490862e-01      0.000000000000000e+00
    7.622369656490862e-01      0.000000000000000e+00
    7.631119656490862e-01      0.000000000000000e+00
    7.639869656490863e-01      0.000000000000000e+00
    7.648619656490863e-01      0.000000000000000e+00
    7.657369656490862e-01      0.000000000000000e+00
    7.666119656490862e-01      0.000000000000000e+00
    7.674869656490861e-01      0.000000000000000e+00
    7.683619656490862e-01      0.000000000000000e+00
    7.692369656490863e-01      0.000000000000000e+00
    7.701119656490862e-01      0.000000000000000e+00
    7.709869656490862e-01      0.000000000000000e+00
    7.718619656490862e-01      0.000000000000000e+00
    7.727369656490862e-01      0.000000000000000e+00
    7.736119656490863e-01      0.000000000000000e+00
    7.744869656490863e-01      0.000000000000000e+00
    7.753619656490862e-01      0.000000000000000e+00
    7.762369656490862e-01      0.000000000000000e+00
    7.771119656490862e-01      0.000000000000000e+00
    7.779869656490862e-01      0.000000000000000e+00
    7.788619656490863e-01      0.000000000000000e+00
    7.797369656490862e-01      0.000000000000000e+00
    7.806119656490862e-01      0.000000000000000e+00
    7.814869656490862e-01      0.000000000000000e+00
    7.823619656490862e-01      0.000000000000000e+00
    7.832369656490863e-01      0.000000000000000e+00
    7.841119656490863e-01      0.000000000000000e+00
    7.849869656490862e-01      0.000000000000000e+00
    7.858619656490862e-01      0.000000000000000e+00
    7.867369656490862e-01      0.000000000000000e+00
    7.876119656490862e-01      0.000000000000000e+00
    7.884869656490863e-01      0.000000000000000e+00
    7.893619656490862e-01      0.000000000000000e+00
    7.902369656490862e-01      0.000000000000000e+00
    7.911119656490861e-01      0.000000000000000e+00
    7.919869656490862e-01      0.000000000000000e+00
    7.928619656490863e-01      0.000000000000000e+00
    7.937369656490862e-01      0.000000000000000e+00
    7.946119656490862e-01      0.000000000000000e+00
    7.954869656490862e-01      0.000000000000000e+00
    7.963619656490862e-01      0.000000000000000e+00
    7.972369656490863e-01      0.000000000000000e+00
    7.981119656490863e-01      0.000000000000000e+00
    7.989869656490862e-01      0.000000000000000e+00
    7.998619656490862e-01      0.000000000000000e+00
    8.007369656490861e-01      0.000000000000000e+00
    8.016119656490862e-01      0.000000000000000e+00
    8.024869656490863e-01      0.000000000000000e+00
    8.033619656490862e-01      0.000000000000000e+00
    8.042369656490862e-01      0.000000000000000e+00
    8.051119656490862e-01      0.000000000000000e+00
    8.059869656490862e-01      0.000000000000000e+00
    8.068619656490863e-01      0.000000000000000e+00
    8.077369656490863e-01      0.000000000000000e+00
    8.086119656490862e-01      0.000000000000000e+00
    8.094869656490862e-01      0.000000000000000e+00
    8.103619656490862e-01      0.000000000000000e+00
    8.112369656490862e-01      0.000000000000000e+00
    8.121119656490863e-01      0.000000000000000e+00
    8.129869656490862e-01      0.000000000000000e+00
    8.138619656490862e-01      0.000000000000000e+00
    8.147369656490862e-01      0.000000000000000e+00
    8.156119656490862e-01      0.000000000000000e+00
    8.164869656490863e-01      0.000000000000000e+00
    8.173619656490863e-01      0.000000000000000e+00
    8.182369656490862e-01      0.000000000000000e+00
    8.191119656490862e-01      0.000000000000000e+00
    8.199869656490862e-01      0.000000000000000e+00
    8.208619656490862e-01      0.000000000000000e+00
    8.217369656490863e-01      0.000000000000000e+00
    8.226119656490862e-01      0.000000000000000e+00
    8.234869656490862e-01      0.000000000000000e+00
    8.243619656490861e-01      0.000000000000000e+00
    8.252369656490862e-01      0.000000000000000e+00
    8.261119656490863e-01      0.000000000000000e+00
    8.269869656490862e-01      0.000000000000000e+00
    8.278619656490862e-01      0.000000000000000e+00
    8.287369656490862e-01      0.000000000000000e+00
    8.296119656490862e-01      0.000000000000000e+00
    8.304869656490862e-01      0.000000000000000e+00
    8.313619656490863e-01      0.000000000000000e+00
    8.322369656490862e-01      0.000000000000000e+00
    8.331119656490862e-01      0.000000000000000e+00
    8.339869656490861e-01      0.000000000000000e+00
    8.348619656490862e-01      0.000000000000000e+00
    8.357369656490863e-01      0.000000000000000e+00
    8.366119656490862e-01      0.000000000000000e+00
    8.374869656490862e-01      0.000000000000000e+00
    8.383619656490862e-01      0.000000000000000e+00
    8.392369656490862e-01      0.000000000000000e+00
    8.401119656490863e-01      0.000000000000000e+00
    8.409869656490863e-01      0.000000000000000e+00
    8.418619656490862e-01      0.000000000000000e+00
    8.427369656490862e-01      0.000000000000000e+00
    8.436119656490862e-01      0.000000000000000e+00
    8.444869656490862e-01      0.000000000000000e+00
    8.453619656490863e-01      0.000000000000000e+00
    8.462369656490862e-01      0.000000000000000e+00
    8.471119656490862e-01      0.000000000000000e+00
    8.479869656490862e-01      0.000000000000000e+00
    8.488619656490862e-01      0.000000000000000e+00
    8.497369656490863e-01      0.000000000000000e+00
    8.506119656490863e-01      0.000000000000000e+00
    8.514869656490862e-01      0.000000000000000e+00
    8.523619656490862e-01      0.000000000000000e+00
    8.532369656490862e-01      0.000000000000000e+00
    8.541119656490862e-01      0.000000000000000e+00
    8.549869656490863e-01      0.000000000000000e+00
    8.558619656490862e-01      0.000000000000000e+00
    8.567369656490862e-01      0.000000000000000e+00
    8.576119656490861e-01      0.000000000000000e+00
    8.584869656490862e-01      0.000000000000000e+00
    8.593619656490863e-01      0.000000000000000e+00
    8.602369656490862e-01      0.000000000000000e+00
    8.611119656490862e-01      0.000000000000000e+00
    8.619869656490862e-01      0.000000000000000e+00
    8.628619656490862e-01      0.000000000000000e+00
    8.637369656490862e-01      0.000000000000000e+00
    8.646119656490863e-01      0.000000000000000e+00
    8.654869656490862e-01      0.000000000000000e+00
    8.663619656490862e-01      0.000000000000000e+00
    8.672369656490861e-01      0.000000000000000e+00
    8.681119656490862e-01      0.000000000000000e+00
    8.689869656490863e-01      0.000000000000000e+00
    8.698619656490862e-01      1.937046004842706e+01
    8.707369656490862e-01      0.000000000000000e+00
    8.716119656490862e-01      0.000000000000000e+00
    8.724869656490862e-01      0.000000000000000e+00
    8.733619656490863e-01      0.000000000000000e+00
    8.742369656490863e-01      0.000000000000000e+00
    8.751119656490862e-01      0.000000000000000e+00
    8.759869656490862e-01      0.000000000000000e+00
    8.768619656490863e-01      0.000000000000000e+00
    8.777369656490862e-01      0.000000000000000e+00
    8.786119656490863e-01      0.000000000000000e+00
    8.794869656490862e-01      0.000000000000000e+00
    8.803619656490862e-01      0.000000000000000e+00
    8.812369656490862e-01      0.000000000000000e+00
    8.821119656490862e-01      0.000000000000000e+00
    8.829869656490863e-01      0.000000000000000e+00
    8.838619656490863e-01      0.000000000000000e+00
    8.847369656490862e-01      0.000000000000000e+00
    8.856119656490862e-01      0.000000000000000e+00
    8.864869656490862e-01      0.000000000000000e+00
    8.873619656490862e-01      0.000000000000000e+00
    8.882369656490863e-01      0.000000000000000e+00
    8.891119656490862e-01      0.000000000000000e+00
    8.899869656490862e-01      0.000000000000000e+00
    8.908619656490862e-01      0.000000000000000e+00
    8.917369656490862e-01      0.000000000000000e+00
    8.926119656490863e-01      0.000000000000000e+00
    8.934869656490863e-01      0.000000000000000e+00
    8.943619656490862e-01      0.000000000000000e+00
    8.952369656490862e-01      0.000000000000000e+00
    8.961119656490862e-01      0.000000000000000e+00
    8.969869656490862e-01      0.000000000000000e+00
    8.978619656490863e-01      0.000000000000000e+00
    8.987369656490862e-01      0.000000000000000e+00
    8.996119656490862e-01      0.000000000000000e+00
    9.004869656490861e-01      0.000000000000000e+00
    9.013619656490862e-01      0.000000000000000e+00
    9.022369656490863e-01      0.000000000000000e+00
    9.031119656490862e-01      0.000000000000000e+00
    9.039869656490862e-01      0.000000000000000e+00
    9.048619656490862e-01      0.000000000000000e+00
    9.057369656490862e-01      0.000000000000000e+00
    9.066119656490863e-01      0.000000000000000e+00
    9.074869656490863e-01      0.000000000000000e+00
    9.083619656490862e-01      0.000000000000000e+00
    9.092369656490862e-01      0.000000000000000e+00
    9.101119656490861e-01      0.000000000000000e+00
    9.109869656490862e-01      0.000000000000000e+00
    9.118619656490863e-01      0.000000000000000e+00
    9.127369656490862e-01      0.000000000000000e+00
    9.136119656490862e-01      0.000000000000000e+00
    9.144869656490863e-01      0.000000000000000e+00
    9.153619656490862e-01      0.000000000000000e+00
    9.162369656490862e-01      0.000000000000000e+00
    9.171119656490863e-01      0.000000000000000e+00
    9.179869656490862e-01      0.000000000000000e+00
    9.188619656490862e-01      0.000000000000000e+00
    9.197369656490862e-01      0.000000000000000e+00
    9.206119656490862e-01      0.000000000000000e+00
    9.214869656490863e-01      0.000000000000000e+00
    9.223619656490862e-01      0.000000000000000e+00
    9.232369656490862e-01      0.000000000000000e+00
    9.241119656490863e-01      0.000000000000000e+00
    9.249869656490862e-01      0.000000000000000e+00
    9.258619656490862e-01      0.000000000000000e+00
    9.267369656490863e-01      0.000000000000000e+00
    9.276119656490862e-01      0.000000000000000e+00
    9.284869656490862e-01      0.000000000000000e+00
    9.293619656490862e-01      0.000000000000000e+00
    9.302369656490862e-01      0.000000000000000e+00
    9.311119656490863e-01      0.000000000000000e+00
    9.319869656490862e-01      0.000000000000000e+00
    9.328619656490862e-01      0.000000000000000e+00
    9.337369656490863e-01      0.000000000000000e+00
    9.346119656490862e-01      0.000000000000000e+00
    9.354869656490862e-01      0.000000000000000e+00
    9.363619656490862e-01      0.000000000000000e+00
    9.372369656490862e-01      0.000000000000000e+00
    9.381119656490863e-01      0.000000000000000e+00
    9.389869656490862e-01      0.000000000000000e+00
    9.398619656490862e-01      0.000000000000000e+00
    9.407369656490863e-01      0.000000000000000e+00
    9.416119656490862e-01      0.000000000000000e+00
    9.424869656490862e-01      0.000000000000000e+00
    9.433619656490863e-01      0.000000000000000e+00
    9.442369656490862e-01      0.000000000000000e+00
    9.451119656490862e-01      0.000000000000000e+00
    9.459869656490862e-01      0.000000000000000e+00
    9.468619656490862e-01      0.000000000000000e+00
    9.477369656490863e-01      0.000000000000000e+00
    9.486119656490862e-01      0.000000000000000e+00
    9.494869656490862e-01      0.000000000000000e+00
    9.503619656490863e-01      0.000000000000000e+00
    9.512369656490862e-01      0.000000000000000e+00
    9.521119656490862e-01      0.000000000000000e+00
    9.529869656490862e-01      0.000000000000000e+00
    9.538619656490862e-01      0.000000000000000e+00
    9.547369656490863e-01      0.000000000000000e+00
    9.556119656490862e-01      0.000000000000000e+00
    9.564869656490862e-01      0.000000000000000e+00
    9.573619656490863e-01      0.000000000000000e+00
    9.582369656490862e-01      0.000000000000000e+00
    9.591119656490862e-01      0.000000000000000e+00
    9.599869656490863e-01      0.000000000000000e+00
    9.608619656490862e-01      0.000000000000000e+00
    9.617369656490862e-01      0.000000000000000e+00
    9.626119656490862e-01      0.000000000000000e+00
    9.634869656490862e-01      0.000000000000000e+00
    9.643619656490863e-01      0.000000000000000e+00
    9.652369656490862e-01      0.000000000000000e+00
    9.661119656490862e-01      0.000000000000000e+00
    9.669869656490863e-01      0.000000000000000e+00
    9.678619656490862e-01      0.000000000000000e+00
    9.687369656490862e-01      0.000000000000000e+00
    9.696119656490862e-01      0.000000000000000e+00
    9.704869656490862e-01      0.000000000000000e+00
    9.713619656490863e-01      0.000000000000000e+00
    9.722369656490862e-01      0.000000000000000e+00
    9.731119656490862e-01      0.000000000000000e+00
    9.739869656490863e-01      0.000000000000000e+00
    9.748619656490862e-01      0.000000000000000e+00
    9.757369656490862e-01      0.000000000000000e+00
    9.766119656490863e-01      0.000000000000000e+00
    9.774869656490862e-01      0.000000000000000e+00
    9.783619656490862e-01      0.000000000000000e+00
    9.792369656490862e-01      0.000000000000000e+00
    9.801119656490862e-01      0.000000000000000e+00
    9.809869656490863e-01      0.000000000000000e+00
    9.818619656490862e-01      0.000000000000000e+00
    9.827369656490862e-01      0.000000000000000e+00
    9.836119656490863e-01      3.874092009685411e+01
    9.844869656490862e-01      0.000000000000000e+00
    9.853619656490862e-01      0.000000000000000e+00
    9.862369656490863e-01      0.000000000000000e+00
    9.871119656490862e-01      0.000000000000000e+00
    9.879869656490863e-01      0.000000000000000e+00
    9.888619656490862e-01      0.000000000000000e+00
    9.897369656490862e-01      0.000000000000000e+00
    9.906119656490863e-01      0.000000000000000e+00
    9.914869656490862e-01      0.000000000000000e+00
    9.923619656490862e-01      0.000000000000000e+00
    9.932369656490863e-01      0.000000000000000e+00
    9.941119656490862e-01      0.000000000000000e+00
    9.949869656490862e-01      0.000000000000000e+00
    9.958619656490862e-01      0.000000000000000e+00
    9.967369656490862e-01      0.000000000000000e+00
    9.976119656490863e-01      0.000000000000000e+00
    9.984869656490862e-01      0.000000000000000e+00
    9.993619656490862e-01      0.000000000000000e+00
    1.000236965649086e+00      0.000000000000000e+00
    1.001111965649086e+00      0.000000000000000e+00
    1.001986965649086e+00      0.000000000000000e+00
    1.002861965649086e+00      0.000000000000000e+00
    1.003736965649086e+00      0.000000000000000e+00
    1.004611965649086e+00      0.000000000000000e+00
    1.005486965649086e+00      0.000000000000000e+00
    1.006361965649086e+00      0.000000000000000e+00
    1.007236965649086e+00      0.000000000000000e+00
    1.008111965649086e+00      0.000000000000000e+00
    1.008986965649086e+00      0.000000000000000e+00
    1.009861965649086e+00      0.000000000000000e+00
    1.010736965649086e+00      0.000000000000000e+00
    1.011611965649086e+00      0.000000000000000e+00
    1.012486965649086e+00      0.000000000000000e+00
    1.013361965649086e+00      0.000000000000000e+00
    1.014236965649086e+00      0.000000000000000e+00
    1.015111965649086e+00      0.000000000000000e+00
    1.015986965649086e+00      0.000000000000000e+00
    1.016861965649086e+00      0.000000000000000e+00
    1.017736965649086e+00      0.000000000000000e+00
    1.018611965649086e+00      0.000000000000000e+00
    1.019486965649086e+00      0.000000000000000e+00
    1.020361965649086e+00      0.000000000000000e+00
    1.021236965649086e+00      0.000000000000000e+00
    1.022111965649086e+00      0.000000000000000e+00
    1.022986965649086e+00      0.000000000000000e+00
    1.023861965649086e+00      0.000000000000000e+00
    1.024736965649086e+00      0.000000000000000e+00
    1.025611965649086e+00      0.000000000000000e+00
    1.026486965649086e+00      0.000000000000000e+00
    1.027361965649086e+00      0.000000000000000e+00
    1.028236965649086e+00      0.000000000000000e+00
    1.029111965649086e+00      0.000000000000000e+00
    1.029986965649086e+00      0.000000000000000e+00
    1.030861965649086e+00      0.000000000000000e+00
    1.031736965649086e+00      0.000000000000000e+00
    1.032611965649086e+00      0.000000000000000e+00
    1.033486965649086e+00      0.000000000000000e+00
    1.034361965649086e+00      0.000000000000000e+00
    1.035236965649086e+00      0.000000000000000e+00
    1.036111965649086e+00      0.000000000000000e+00
    1.036986965649086e+00      0.000000000000000e+00
    1.037861965649086e+00      0.000000000000000e+00
    1.038736965649086e+00      0.000000000000000e+00
    1.039611965649086e+00      0.000000000000000e+00
    1.040486965649086e+00      0.000000000000000e+00
    1.041361965649086e+00      0.000000000000000e+00
    1.042236965649086e+00      0.000000000000000e+00
    1.043111965649086e+00      0.000000000000000e+00
    1.043986965649086e+00      0.000000000000000e+00
    1.044861965649086e+00      0.000000000000000e+00
    1.045736965649086e+00      0.000000000000000e+00
    1.046611965649086e+00      0.000000000000000e+00
    1.047486965649086e+00      0.000000000000000e+00
    1.048361965649086e+00      0.000000000000000e+00
    1.049236965649086e+00      0.000000000000000e+00
    1.050111965649086e+00      0.000000000000000e+00
    1.050986965649086e+00      0.000000000000000e+00
    1.051861965649086e+00      0.000000000000000e+00
    1.052736965649086e+00      0.000000000000000e+00
    1.053611965649086e+00      0.000000000000000e+00
    1.054486965649086e+00      0.000000000000000e+00
    1.055361965649086e+00      0.000000000000000e+00
    1.056236965649086e+00      0.000000000000000e+00
    1.057111965649086e+00      0.000000000000000e+00
    1.057986965649086e+00      0.000000000000000e+00
    1.058861965649086e+00      0.000000000000000e+00
    1.059736965649086e+00      0.000000000000000e+00
    1.060611965649086e+00      0.000000000000000e+00
    1.061486965649086e+00      0.000000000000000e+00
    1.062361965649086e+00      0.000000000000000e+00
    1.063236965649086e+00      0.000000000000000e+00
    1.064111965649086e+00      0.000000000000000e+00
    1.064986965649086e+00      0.000000000000000e+00
    1.065861965649086e+00      0.000000000000000e+00
    1.066736965649086e+00      0.000000000000000e+00
    1.067611965649086e+00      0.000000000000000e+00
    1.068486965649086e+00      0.000000000000000e+00
    1.069361965649086e+00      0.000000000000000e+00
    1.070236965649086e+00      0.000000000000000e+00
    1.071111965649086e+00      0.000000000000000e+00
    1.071986965649086e+00      0.000000000000000e+00
    1.072861965649086e+00      0.000000000000000e+00
    1.073736965649086e+00      0.000000000000000e+00
    1.074611965649086e+00      0.000000000000000e+00
    1.075486965649086e+00      0.000000000000000e+00
    1.076361965649086e+00      0.000000000000000e+00
    1.077236965649086e+00      0.000000000000000e+00
    1.078111965649086e+00      0.000000000000000e+00
    1.078986965649086e+00      0.000000000000000e+00
    1.079861965649086e+00      0.000000000000000e+00
    1.080736965649086e+00      0.000000000000000e+00
    1.081611965649086e+00      0.000000000000000e+00
    1.082486965649086e+00      0.000000000000000e+00
    1.083361965649086e+00      0.000000000000000e+00
    1.084236965649086e+00      0.000000000000000e+00
    1.085111965649086e+00      0.000000000000000e+00
    1.085986965649086e+00      0.000000000000000e+00
    1.086861965649086e+00      0.000000000000000e+00
    1.087736965649086e+00      0.000000000000000e+00
    1.088611965649086e+00      0.000000000000000e+00
    1.089486965649086e+00      0.000000000000000e+00
    1.090361965649086e+00      0.000000000000000e+00
    1.091236965649086e+00      0.000000000000000e+00
    1.092111965649086e+00      0.000000000000000e+00
    1.092986965649086e+00      0.000000000000000e+00
    1.093861965649086e+00      0.000000000000000e+00
    1.094736965649086e+00      0.000000000000000e+00
    1.095611965649086e+00      0.000000000000000e+00
    1.096486965649086e+00      0.000000000000000e+00
    1.097361965649086e+00      1.937046004842706e+01
    1.098236965649086e+00      0.000000000000000e+00
    1.099111965649086e+00      0.000000000000000e+00
    1.099986965649086e+00      0.000000000000000e+00
    1.100861965649086e+00      0.000000000000000e+00
    1.101736965649086e+00      0.000000000000000e+00
    1.102611965649086e+00      0.000000000000000e+00
    1.103486965649086e+00      0.000000000000000e+00
    1.104361965649086e+00      0.000000000000000e+00
    1.105236965649086e+00      0.000000000000000e+00
    1.106111965649086e+00      0.000000000000000e+00
    1.106986965649086e+00      0.000000000000000e+00
    1.107861965649086e+00      0.000000000000000e+00
    1.108736965649086e+00      0.000000000000000e+00
    1.109611965649086e+00      0.000000000000000e+00
    1.110486965649086e+00      0.000000000000000e+00
    1.111361965649086e+00      0.000000000000000e+00
    1.112236965649086e+00      0.000000000000000e+00
    1.113111965649086e+00      0.000000000000000e+00
    1.113986965649086e+00      0.000000000000000e+00
    1.114861965649086e+00      0.000000000000000e+00
    1.115736965649086e+00      0.000000000000000e+00
    1.116611965649086e+00      0.000000000000000e+00
    1.117486965649086e+00      0.000000000000000e+00
    1.118361965649086e+00      0.000000000000000e+00
    1.119236965649086e+00      0.000000000000000e+00
    1.120111965649086e+00      0.000000000000000e+00
    1.120986965649086e+00      0.000000000000000e+00
    1.121861965649086e+00      0.000000000000000e+00
    1.122736965649086e+00      0.000000000000000e+00
    1.123611965649086e+00      0.000000000000000e+00
    1.124486965649086e+00      0.000000000000000e+00
    1.125361965649086e+00      0.000000000000000e+00
    1.126236965649086e+00      0.000000000000000e+00
    1.127111965649086e+00      0.000000000000000e+00
    1.127986965649086e+00      0.000000000000000e+00
    1.128861965649086e+00      0.000000000000000e+00
    1.129736965649086e+00      0.000000000000000e+00
    1.130611965649086e+00      0.000000000000000e+00
    1.131486965649086e+00      0.000000000000000e+00
    1.132361965649086e+00      0.000000000000000e+00
    1.133236965649086e+00      0.000000000000000e+00
    1.134111965649086e+00      0.000000000000000e+00
    1.134986965649086e+00      0.000000000000000e+00
    1.135861965649086e+00      0.000000000000000e+00
    1.136736965649086e+00      0.000000000000000e+00
    1.137611965649086e+00      0.000000000000000e+00
    1.138486965649086e+00      0.000000000000000e+00
    1.139361965649086e+00      0.000000000000000e+00
    1.140236965649086e+00      0.000000000000000e+00
    1.141111965649086e+00      0.000000000000000e+00
    1.141986965649086e+00      0.000000000000000e+00
    1.142861965649086e+00      0.000000000000000e+00
    1.143736965649086e+00      0.000000000000000e+00
    1.144611965649086e+00      0.000000000000000e+00
    1.145486965649086e+00      0.000000000000000e+00
    1.146361965649086e+00      0.000000000000000e+00
    1.147236965649086e+00      0.000000000000000e+00
    1.148111965649086e+00      0.000000000000000e+00
    1.148986965649086e+00      0.000000000000000e+00
    1.149861965649086e+00      0.000000000000000e+00
    1.150736965649086e+00      0.000000000000000e+00
    1.151611965649086e+00      0.000000000000000e+00
    1.152486965649086e+00      0.000000000000000e+00
    1.153361965649086e+00      0.000000000000000e+00
    1.154236965649086e+00      0.000000000000000e+00
    1.155111965649086e+00      0.000000000000000e+00
    1.155986965649086e+00      0.000000000000000e+00
    1.156861965649086e+00      0.000000000000000e+00
    1.157736965649086e+00      0.000000000000000e+00
    1.158611965649086e+00      0.000000000000000e+00
    1.159486965649086e+00      0.000000000000000e+00
    1.160361965649086e+00      0.000000000000000e+00
    1.161236965649086e+00      0.000000000000000e+00
    1.162111965649086e+00      0.000000000000000e+00
    1.162986965649086e+00      0.000000000000000e+00
    1.163861965649086e+00      0.000000000000000e+00
    1.164736965649086e+00      0.000000000000000e+00
    1.165611965649086e+00      0.000000000000000e+00
    1.166486965649086e+00      0.000000000000000e+00
    1.167361965649086e+00      0.000000000000000e+00
    1.168236965649086e+00      0.000000000000000e+00
    1.169111965649086e+00      0.000000000000000e+00
    1.169986965649086e+00      0.000000000000000e+00
    1.170861965649086e+00      0.000000000000000e+00
    1.171736965649086e+00      0.000000000000000e+00
    1.172611965649086e+00      0.000000000000000e+00
    1.173486965649086e+00      0.000000000000000e+00
    1.174361965649086e+00      0.000000000000000e+00
    1.175236965649086e+00      0.000000000000000e+00
    1.176111965649086e+00      0.000000000000000e+00
    1.176986965649086e+00      0.000000000000000e+00
    1.177861965649086e+00      0.000000000000000e+00
    1.178736965649086e+00      0.000000000000000e+00
    1.179611965649086e+00      0.000000000000000e+00
    1.180486965649086e+00      0.000000000000000e+00
    1.181361965649086e+00      0.000000000000000e+00
    1.182236965649086e+00      0.000000000000000e+00
    1.183111965649086e+00      0.000000000000000e+00
    1.183986965649086e+00      0.000000000000000e+00
    1.184861965649086e+00      0.000000000000000e+00
    1.185736965649086e+00      0.000000000000000e+00
    1.186611965649086e+00      0.000000000000000e+00
    1.187486965649086e+00      0.000000000000000e+00
    1.188361965649086e+00      0.000000000000000e+00
    1.189236965649086e+00      0.000000000000000e+00
    1.190111965649086e+00      0.000000000000000e+00
    1.190986965649086e+00      0.000000000000000e+00
    1.191861965649086e+00      0.000000000000000e+00
    1.192736965649086e+00      0.000000000000000e+00
    1.193611965649086e+00      0.000000000000000e+00
    1.194486965649086e+00      0.000000000000000e+00
    1.195361965649086e+00      0.000000000000000e+00
    1.196236965649086e+00      0.000000000000000e+00
    1.197111965649086e+00      0.000000000000000e+00
    1.197986965649086e+00      0.000000000000000e+00
    1.198861965649086e+00      0.000000000000000e+00
    1.199736965649086e+00      0.000000000000000e+00
    1.200611965649086e+00      0.000000000000000e+00
    1.201486965649086e+00      0.000000000000000e+00
    1.202361965649086e+00      0.000000000000000e+00
    1.203236965649086e+00      0.000000000000000e+00
    1.204111965649086e+00      0.000000000000000e+00
    1.204986965649086e+00      0.000000000000000e+00
    1.205861965649086e+00      0.000000000000000e+00
    1.206736965649086e+00      0.000000000000000e+00
    1.207611965649086e+00      0.000000000000000e+00
    1.208486965649086e+00      0.000000000000000e+00
    1.209361965649086e+00      0.000000000000000e+00
    1.210236965649086e+00      0.000000000000000e+00
    1.211111965649086e+00      0.000000000000000e+00
    1.211986965649086e+00      0.000000000000000e+00
    1.212861965649086e+00      1.937046004842214e+01
    1.213736965649086e+00      0.000000000000000e+00
    1.214611965649086e+00      3.874092009684428e+01
    1.215486965649086e+00      1.937046004842706e+01
    1.216361965649086e+00      0.000000000000000e+00
    1.217236965649086e+00      3.874092009685411e+01
    1.218111965649086e+00      1.937046004842706e+01
    1.218986965649086e+00      0.000000000000000e+00
    1.219861965649086e+00      3.874092009686394e+01
    1.220736965649086e+00      1.937046004842214e+01
    1.221611965649086e+00      0.000000000000000e+00
    1.222486965649086e+00      7.748184019370822e+01
    1.223361965649086e+00      0.000000000000000e+00
    1.224236965649086e+00      1.937046004843197e+01
    1.225111965649086e+00      3.874092009684428e+01
    1.225986965649086e+00      0.000000000000000e+00
    1.226861965649086e+00      1.937046004842706e+01
    1.227736965649086e+00      3.874092009684428e+01
    1.228611965649086e+00      1.937046004843197e+01
    1.229486965649086e+00      3.874092009684428e+01
    1.230361965649086e+00      5.811138014528116e+01
    1.231236965649086e+00      1.937046004842706e+01
    1.232111965649086e+00      3.874092009684428e+01
    1.232986965649086e+00      1.937046004843197e+01
    1.233861965649086e+00      1.937046004842214e+01
    1.234736965649086e+00      0.000000000000000e+00
    1.235611965649086e+00      0.000000000000000e+00
    1.236486965649086e+00      3.874092009685411e+01
    1.237361965649086e+00      0.000000000000000e+00
    1.238236965649086e+00      0.000000000000000e+00
    1.239111965649086e+00      5.811138014528116e+01
    1.239986965649086e+00      0.000000000000000e+00
    1.240861965649086e+00      0.000000000000000e+00
    1.241736965649086e+00      1.937046004842706e+01
    1.242611965649086e+00      0.000000000000000e+00
    1.243486965649086e+00      0.000000000000000e+00
    1.244361965649086e+00      5.811138014526642e+01
    1.245236965649086e+00      0.000000000000000e+00
    1.246111965649086e+00      0.000000000000000e+00
    1.246986965649086e+00      1.937046004842214e+01
    1.247861965649086e+00      0.000000000000000e+00
    1.248736965649086e+00      0.000000000000000e+00
    1.249611965649086e+00      3.874092009685411e+01
    1.250486965649086e+00      0.000000000000000e+00
    1.251361965649086e+00      0.000000000000000e+00
    1.252236965649086e+00      0.000000000000000e+00
    1.253111965649086e+00      1.937046004842214e+01
    1.253986965649086e+00      0.000000000000000e+00
    1.254861965649086e+00      0.000000000000000e+00
    1.255736965649086e+00      0.000000000000000e+00
    1.256611965649086e+00      0.000000000000000e+00
    1.257486965649086e+00      0.000000000000000e+00
    1.258361965649086e+00      0.000000000000000e+00
    1.259236965649086e+00      0.000000000000000e+00
    1.260111965649086e+00      0.000000000000000e+00
    1.260986965649086e+00      0.000000000000000e+00
    1.261861965649086e+00      0.000000000000000e+00
    1.262736965649086e+00      0.000000000000000e+00
    1.263611965649086e+00      0.000000000000000e+00
    1.264486965649086e+00      0.000000000000000e+00
    1.265361965649086e+00      0.000000000000000e+00
    1.266236965649086e+00      1.937046004842214e+01
    1.267111965649086e+00      0.000000000000000e+00
    1.267986965649086e+00      0.000000000000000e+00
    1.268861965649086e+00      0.000000000000000e+00
    1.269736965649086e+00      0.000000000000000e+00
    1.270611965649086e+00      0.000000000000000e+00
    1.271486965649086e+00      0.000000000000000e+00
    1.272361965649086e+00      0.000000000000000e+00
    1.273236965649086e+00      0.000000000000000e+00
    1.274111965649086e+00      0.000000000000000e+00
    1.274986965649086e+00      0.000000000000000e+00
    1.275861965649086e+00      0.000000000000000e+00
    1.276736965649086e+00      0.000000000000000e+00
    1.277611965649086e+00      5.811138014528116e+01
    1.278486965649086e+00      0.000000000000000e+00
    1.279361965649086e+00      0.000000000000000e+00
    1.280236965649086e+00      0.000000000000000e+00
    1.281111965649086e+00      0.000000000000000e+00
    1.281986965649086e+00      0.000000000000000e+00
    1.282861965649086e+00      0.000000000000000e+00
    1.283736965649086e+00      0.000000000000000e+00
    1.284611965649086e+00      0.000000000000000e+00
    1.285486965649086e+00      0.000000000000000e+00
    1.286361965649086e+00      0.000000000000000e+00
    1.287236965649086e+00      0.000000000000000e+00
    1.288111965649086e+00      1.937046004842706e+01
