                     bin:                     prob.:
    1.791086440971063e+00      2.421307506053305e+00
    1.798086440971063e+00      0.000000000000000e+00
    1.805086440971063e+00      0.000000000000000e+00
    1.812086440971063e+00      0.000000000000000e+00
    1.819086440971063e+00      0.000000000000000e+00
    1.826086440971063e+00      0.000000000000000e+00
    1.833086440971063e+00      0.000000000000000e+00
    1.840086440971063e+00      0.000000000000000e+00
    1.847086440971063e+00      0.000000000000000e+00
    1.854086440971063e+00      0.000000000000000e+00
    1.861086440971063e+00      0.000000000000000e+00
    1.868086440971063e+00      0.000000000000000e+00
    1.875086440971063e+00      0.000000000000000e+00
    1.882086440971063e+00      0.000000000000000e+00
    1.889086440971063e+00      0.000000000000000e+00
    1.896086440971063e+00      0.000000000000000e+00
    1.903086440971063e+00      0.000000000000000e+00
    1.910086440971063e+00      0.000000000000000e+00
    1.917086440971063e+00      0.000000000000000e+00
    1.924086440971063e+00      0.000000000000000e+00
    1.931086440971063e+00      0.000000000000000e+00
    1.938086440971063e+00      0.000000000000000e+00
    1.945086440971063e+00      0.000000000000000e+00
    1.952086440971063e+00      0.000000000000000e+00
    1.959086440971063e+00      0.000000000000000e+00
    1.966086440971063e+00      0.000000000000000e+00
    1.973086440971063e+00      0.000000000000000e+00
    1.980086440971063e+00      0.000000000000000e+00
    1.987086440971063e+00      0.000000000000000e+00
    1.994086440971063e+00      0.000000000000000e+00
    2.001086440971063e+00      0.000000000000000e+00
    2.008086440971063e+00      0.000000000000000e+00
    2.015086440971063e+00      0.000000000000000e+00
    2.022086440971063e+00      0.000000000000000e+00
    2.029086440971063e+00      0.000000000000000e+00
    2.036086440971063e+00      0.000000000000000e+00
    2.043086440971063e+00      0.000000000000000e+00
    2.050086440971063e+00      0.000000000000000e+00
    2.057086440971063e+00      0.000000000000000e+00
    2.064086440971063e+00      0.000000000000000e+00
    2.071086440971063e+00      0.000000000000000e+00
    2.078086440971063e+00      0.000000000000000e+00
    2.085086440971063e+00      0.000000000000000e+00
    2.092086440971063e+00      0.000000000000000e+00
    2.099086440971063e+00      0.000000000000000e+00
    2.106086440971063e+00      0.000000000000000e+00
    2.113086440971063e+00      0.000000000000000e+00
    2.120086440971063e+00      0.000000000000000e+00
    2.127086440971063e+00      0.000000000000000e+00
    2.134086440971063e+00      0.000000000000000e+00
    2.141086440971063e+00      0.000000000000000e+00
    2.148086440971063e+00      0.000000000000000e+00
    2.155086440971063e+00      0.000000000000000e+00
    2.162086440971063e+00      0.000000000000000e+00
    2.169086440971063e+00      0.000000000000000e+00
    2.176086440971063e+00      0.000000000000000e+00
    2.183086440971063e+00      0.000000000000000e+00
    2.190086440971063e+00      0.000000000000000e+00
    2.197086440971063e+00      0.000000000000000e+00
    2.204086440971063e+00      0.000000000000000e+00
    2.211086440971063e+00      0.000000000000000e+00
    2.218086440971063e+00      0.000000000000000e+00
    2.225086440971063e+00      0.000000000000000e+00
    2.232086440971063e+00      0.000000000000000e+00
    2.239086440971063e+00      0.000000000000000e+00
    2.246086440971063e+00      0.000000000000000e+00
    2.253086440971063e+00      0.000000000000000e+00
    2.260086440971063e+00      0.000000000000000e+00
    2.267086440971063e+00      0.000000000000000e+00
    2.274086440971063e+00      0.000000000000000e+00
    2.281086440971063e+00      0.000000000000000e+00
    2.288086440971063e+00      0.000000000000000e+00
    2.295086440971063e+00      0.000000000000000e+00
    2.302086440971063e+00      0.000000000000000e+00
    2.309086440971063e+00      0.000000000000000e+00
    2.316086440971063e+00      0.000000000000000e+00
    2.323086440971063e+00      0.000000000000000e+00
    2.330086440971063e+00      0.000000000000000e+00
    2.337086440971063e+00      0.000000000000000e+00
    2.344086440971063e+00      0.000000000000000e+00
    2.351086440971063e+00      0.000000000000000e+00
    2.358086440971063e+00      0.000000000000000e+00
    2.365086440971063e+00      0.000000000000000e+00
    2.372086440971063e+00      0.000000000000000e+00
    2.379086440971063e+00      0.000000000000000e+00
    2.386086440971063e+00      0.000000000000000e+00
    2.393086440971063e+00      0.000000000000000e+00
    2.400086440971063e+00      0.000000000000000e+00
    2.407086440971063e+00      0.000000000000000e+00
    2.414086440971063e+00      0.000000000000000e+00
    2.421086440971063e+00      0.000000000000000e+00
    2.428086440971063e+00      0.000000000000000e+00
    2.435086440971063e+00      0.000000000000000e+00
    2.442086440971063e+00      0.000000000000000e+00
    2.449086440971064e+00      0.000000000000000e+00
    2.456086440971063e+00      0.000000000000000e+00
    2.463086440971063e+00      0.000000000000000e+00
    2.470086440971063e+00      0.000000000000000e+00
    2.477086440971063e+00      0.000000000000000e+00
    2.484086440971063e+00      0.000000000000000e+00
    2.491086440971063e+00      0.000000000000000e+00
    2.498086440971063e+00      0.000000000000000e+00
    2.505086440971063e+00      0.000000000000000e+00
    2.512086440971063e+00      0.000000000000000e+00
    2.519086440971063e+00      0.000000000000000e+00
    2.526086440971063e+00      0.000000000000000e+00
    2.533086440971063e+00      0.000000000000000e+00
    2.540086440971063e+00      0.000000000000000e+00
    2.547086440971063e+00      0.000000000000000e+00
    2.554086440971063e+00      0.000000000000000e+00
    2.561086440971063e+00      0.000000000000000e+00
    2.568086440971063e+00      0.000000000000000e+00
    2.575086440971063e+00      0.000000000000000e+00
    2.582086440971064e+00      4.842615012106764e+00
    2.589086440971063e+00      0.000000000000000e+00
    2.596086440971063e+00      0.000000000000000e+00
    2.603086440971063e+00      0.000000000000000e+00
    2.610086440971063e+00      0.000000000000000e+00
    2.617086440971063e+00      0.000000000000000e+00
    2.624086440971063e+00      0.000000000000000e+00
    2.631086440971063e+00      0.000000000000000e+00
    2.638086440971063e+00      0.000000000000000e+00
    2.645086440971063e+00      0.000000000000000e+00
    2.652086440971063e+00      0.000000000000000e+00
    2.659086440971064e+00      0.000000000000000e+00
    2.666086440971063e+00      0.000000000000000e+00
    2.673086440971063e+00      0.000000000000000e+00
    2.680086440971063e+00      0.000000000000000e+00
    2.687086440971063e+00      0.000000000000000e+00
    2.694086440971063e+00      0.000000000000000e+00
    2.701086440971063e+00      0.000000000000000e+00
    2.708086440971063e+00      0.000000000000000e+00
    2.715086440971064e+00      0.000000000000000e+00
    2.722086440971063e+00      0.000000000000000e+00
    2.729086440971063e+00      0.000000000000000e+00
    2.736086440971063e+00      0.000000000000000e+00
    2.743086440971063e+00      0.000000000000000e+00
    2.750086440971063e+00      0.000000000000000e+00
    2.757086440971063e+00      0.000000000000000e+00
    2.764086440971063e+00      0.000000000000000e+00
    2.771086440971063e+00      0.000000000000000e+00
    2.778086440971063e+00      0.000000000000000e+00
    2.785086440971063e+00      0.000000000000000e+00
    2.792086440971064e+00      0.000000000000000e+00
    2.799086440971063e+00      0.000000000000000e+00
    2.806086440971063e+00      0.000000000000000e+00
    2.813086440971063e+00      0.000000000000000e+00
    2.820086440971063e+00      0.000000000000000e+00
    2.827086440971064e+00      0.000000000000000e+00
    2.834086440971063e+00      0.000000000000000e+00
    2.841086440971063e+00      0.000000000000000e+00
    2.848086440971064e+00      0.000000000000000e+00
    2.855086440971063e+00      0.000000000000000e+00
    2.862086440971063e+00      0.000000000000000e+00
    2.869086440971063e+00      0.000000000000000e+00
    2.876086440971063e+00      0.000000000000000e+00
    2.883086440971063e+00      0.000000000000000e+00
    2.890086440971063e+00      0.000000000000000e+00
    2.897086440971063e+00      0.000000000000000e+00
    2.904086440971064e+00      0.000000000000000e+00
    2.911086440971063e+00      0.000000000000000e+00
    2.918086440971063e+00      0.000000000000000e+00
    2.925086440971064e+00      0.000000000000000e+00
    2.932086440971063e+00      0.000000000000000e+00
    2.939086440971063e+00      0.000000000000000e+00
    2.946086440971063e+00      0.000000000000000e+00
    2.953086440971063e+00      0.000000000000000e+00
    2.960086440971064e+00      0.000000000000000e+00
    2.967086440971063e+00      0.000000000000000e+00
    2.974086440971063e+00      0.000000000000000e+00
    2.981086440971064e+00      0.000000000000000e+00
    2.988086440971063e+00      0.000000000000000e+00
    2.995086440971063e+00      0.000000000000000e+00
    3.002086440971063e+00      0.000000000000000e+00
    3.009086440971063e+00      0.000000000000000e+00
    3.016086440971063e+00      0.000000000000000e+00
    3.023086440971063e+00      0.000000000000000e+00
    3.030086440971063e+00      0.000000000000000e+00
    3.037086440971064e+00      0.000000000000000e+00
    3.044086440971063e+00      0.000000000000000e+00
    3.051086440971063e+00      0.000000000000000e+00
    3.058086440971064e+00      0.000000000000000e+00
    3.065086440971063e+00      0.000000000000000e+00
    3.072086440971063e+00      0.000000000000000e+00
    3.079086440971063e+00      0.000000000000000e+00
    3.086086440971063e+00      0.000000000000000e+00
    3.093086440971064e+00      0.000000000000000e+00
    3.100086440971063e+00      0.000000000000000e+00
    3.107086440971063e+00      0.000000000000000e+00
    3.114086440971064e+00      0.000000000000000e+00
    3.121086440971063e+00      0.000000000000000e+00
    3.128086440971063e+00      0.000000000000000e+00
    3.135086440971063e+00      0.000000000000000e+00
    3.142086440971063e+00      0.000000000000000e+00
    3.149086440971063e+00      0.000000000000000e+00
    3.156086440971063e+00      0.000000000000000e+00
    3.163086440971063e+00      0.000000000000000e+00
    3.170086440971064e+00      0.000000000000000e+00
    3.177086440971063e+00      0.000000000000000e+00
    3.184086440971063e+00      0.000000000000000e+00
    3.191086440971064e+00      0.000000000000000e+00
    3.198086440971063e+00      0.000000000000000e+00
    3.205086440971063e+00      0.000000000000000e+00
    3.212086440971063e+00      0.000000000000000e+00
    3.219086440971063e+00      0.000000000000000e+00
    3.226086440971064e+00      0.000000000000000e+00
    3.233086440971063e+00      0.000000000000000e+00
    3.240086440971063e+00      0.000000000000000e+00
    3.247086440971064e+00      0.000000000000000e+00
    3.254086440971063e+00      0.000000000000000e+00
    3.261086440971063e+00      0.000000000000000e+00
    3.268086440971063e+00      0.000000000000000e+00
    3.275086440971063e+00      0.000000000000000e+00
    3.282086440971064e+00      0.000000000000000e+00
    3.289086440971063e+00      0.000000000000000e+00
    3.296086440971063e+00      0.000000000000000e+00
    3.303086440971064e+00      0.000000000000000e+00
    3.310086440971063e+00      0.000000000000000e+00
    3.317086440971063e+00      0.000000000000000e+00
    3.324086440971064e+00      0.000000000000000e+00
    3.331086440971063e+00      0.000000000000000e+00
    3.338086440971063e+00      0.000000000000000e+00
    3.345086440971063e+00      0.000000000000000e+00
    3.352086440971063e+00      0.000000000000000e+00
    3.359086440971064e+00      0.000000000000000e+00
    3.366086440971063e+00      0.000000000000000e+00
    3.373086440971063e+00      2.421307506053228e+00
    3.380086440971064e+00      0.000000000000000e+00
    3.387086440971063e+00      0.000000000000000e+00
    3.394086440971063e+00      0.000000000000000e+00
    3.401086440971063e+00      0.000000000000000e+00
    3.408086440971063e+00      0.000000000000000e+00
    3.415086440971064e+00      0.000000000000000e+00
    3.422086440971063e+00      0.000000000000000e+00
    3.429086440971064e+00      0.000000000000000e+00
    3.436086440971064e+00      0.000000000000000e+00
    3.443086440971063e+00      0.000000000000000e+00
    3.450086440971063e+00      0.000000000000000e+00
    3.457086440971064e+00      0.000000000000000e+00
    3.464086440971063e+00      0.000000000000000e+00
    3.471086440971063e+00      0.000000000000000e+00
    3.478086440971063e+00      0.000000000000000e+00
    3.485086440971063e+00      0.000000000000000e+00
    3.492086440971064e+00      0.000000000000000e+00
    3.499086440971063e+00      0.000000000000000e+00
    3.506086440971063e+00      0.000000000000000e+00
    3.513086440971064e+00      0.000000000000000e+00
    3.520086440971063e+00      0.000000000000000e+00
    3.527086440971063e+00      0.000000000000000e+00
    3.534086440971064e+00      0.000000000000000e+00
    3.541086440971063e+00      0.000000000000000e+00
    3.548086440971064e+00      0.000000000000000e+00
    3.555086440971063e+00      0.000000000000000e+00
    3.562086440971064e+00      0.000000000000000e+00
    3.569086440971064e+00      0.000000000000000e+00
    3.576086440971063e+00      0.000000000000000e+00
    3.583086440971063e+00      0.000000000000000e+00
    3.590086440971064e+00      0.000000000000000e+00
    3.597086440971063e+00      0.000000000000000e+00
    3.604086440971063e+00      0.000000000000000e+00
    3.611086440971063e+00      0.000000000000000e+00
    3.618086440971063e+00      0.000000000000000e+00
    3.625086440971064e+00      0.000000000000000e+00
    3.632086440971063e+00      0.000000000000000e+00
    3.639086440971063e+00      0.000000000000000e+00
    3.646086440971064e+00      0.000000000000000e+00
    3.653086440971063e+00      0.000000000000000e+00
    3.660086440971063e+00      0.000000000000000e+00
    3.667086440971064e+00      0.000000000000000e+00
    3.674086440971063e+00      0.000000000000000e+00
    3.681086440971064e+00      0.000000000000000e+00
    3.688086440971063e+00      0.000000000000000e+00
    3.695086440971064e+00      0.000000000000000e+00
    3.702086440971064e+00      0.000000000000000e+00
    3.709086440971063e+00      0.000000000000000e+00
    3.716086440971063e+00      0.000000000000000e+00
    3.723086440971064e+00      0.000000000000000e+00
    3.730086440971063e+00      0.000000000000000e+00
    3.737086440971063e+00      0.000000000000000e+00
    3.744086440971063e+00      0.000000000000000e+00
    3.751086440971063e+00      0.000000000000000e+00
    3.758086440971064e+00      0.000000000000000e+00
    3.765086440971063e+00      0.000000000000000e+00
    3.772086440971063e+00      0.000000000000000e+00
    3.779086440971064e+00      0.000000000000000e+00
    3.786086440971063e+00      0.000000000000000e+00
    3.793086440971063e+00      0.000000000000000e+00
    3.800086440971064e+00      0.000000000000000e+00
    3.807086440971064e+00      0.000000000000000e+00
    3.814086440971063e+00      0.000000000000000e+00
    3.821086440971063e+00      0.000000000000000e+00
    3.828086440971064e+00      0.000000000000000e+00
    3.835086440971064e+00      0.000000000000000e+00
    3.842086440971063e+00      0.000000000000000e+00
    3.849086440971063e+00      0.000000000000000e+00
    3.856086440971064e+00      0.000000000000000e+00
    3.863086440971064e+00      0.000000000000000e+00
    3.870086440971063e+00      0.000000000000000e+00
    3.877086440971063e+00      0.000000000000000e+00
    3.884086440971064e+00      0.000000000000000e+00
    3.891086440971063e+00      0.000000000000000e+00
    3.898086440971063e+00      0.000000000000000e+00
    3.905086440971063e+00      0.000000000000000e+00
    3.912086440971064e+00      0.000000000000000e+00
    3.919086440971063e+00      0.000000000000000e+00
    3.926086440971063e+00      0.000000000000000e+00
    3.933086440971064e+00      0.000000000000000e+00
    3.940086440971064e+00      0.000000000000000e+00
    3.947086440971063e+00      0.000000000000000e+00
    3.954086440971063e+00      0.000000000000000e+00
    3.961086440971064e+00      0.000000000000000e+00
    3.968086440971064e+00      0.000000000000000e+00
    3.975086440971063e+00      0.000000000000000e+00
    3.982086440971063e+00      0.000000000000000e+00
    3.989086440971064e+00      0.000000000000000e+00
    3.996086440971064e+00      0.000000000000000e+00
    4.003086440971064e+00      0.000000000000000e+00
    4.010086440971063e+00      0.000000000000000e+00
    4.017086440971063e+00      0.000000000000000e+00
    4.024086440971064e+00      0.000000000000000e+00
    4.031086440971063e+00      0.000000000000000e+00
    4.038086440971064e+00      0.000000000000000e+00
    4.045086440971064e+00      0.000000000000000e+00
    4.052086440971063e+00      0.000000000000000e+00
    4.059086440971063e+00      0.000000000000000e+00
    4.066086440971064e+00      0.000000000000000e+00
    4.073086440971064e+00      0.000000000000000e+00
    4.080086440971064e+00      0.000000000000000e+00
    4.087086440971063e+00      0.000000000000000e+00
    4.094086440971063e+00      0.000000000000000e+00
    4.101086440971064e+00      0.000000000000000e+00
    4.108086440971063e+00      0.000000000000000e+00
    4.115086440971064e+00      0.000000000000000e+00
    4.122086440971064e+00      0.000000000000000e+00
    4.129086440971063e+00      0.000000000000000e+00
    4.136086440971063e+00      0.000000000000000e+00
    4.143086440971063e+00      0.000000000000000e+00
    4.150086440971064e+00      0.000000000000000e+00
    4.157086440971064e+00      0.000000000000000e+00
    4.164086440971063e+00      4.842615012106764e+00
    4.171086440971063e+00      0.000000000000000e+00
    4.178086440971064e+00      0.000000000000000e+00
    4.185086440971063e+00      0.000000000000000e+00
    4.192086440971064e+00      0.000000000000000e+00
    4.199086440971064e+00      0.000000000000000e+00
    4.206086440971063e+00      0.000000000000000e+00
    4.213086440971063e+00      0.000000000000000e+00
    4.220086440971063e+00      0.000000000000000e+00
    4.227086440971064e+00      0.000000000000000e+00
    4.234086440971064e+00      0.000000000000000e+00
    4.241086440971063e+00      0.000000000000000e+00
    4.248086440971063e+00      0.000000000000000e+00
    4.255086440971064e+00      0.000000000000000e+00
    4.262086440971064e+00      0.000000000000000e+00
    4.269086440971064e+00      0.000000000000000e+00
    4.276086440971063e+00      0.000000000000000e+00
    4.283086440971063e+00      0.000000000000000e+00
    4.290086440971064e+00      0.000000000000000e+00
    4.297086440971063e+00      0.000000000000000e+00
    4.304086440971064e+00      0.000000000000000e+00
    4.311086440971064e+00      0.000000000000000e+00
    4.318086440971063e+00      0.000000000000000e+00
    4.325086440971063e+00      0.000000000000000e+00
    4.332086440971064e+00      0.000000000000000e+00
    4.339086440971064e+00      0.000000000000000e+00
    4.346086440971064e+00      0.000000000000000e+00
    4.353086440971063e+00      0.000000000000000e+00
    4.360086440971063e+00      0.000000000000000e+00
    4.367086440971064e+00      0.000000000000000e+00
    4.374086440971063e+00      0.000000000000000e+00
    4.381086440971064e+00      0.000000000000000e+00
    4.388086440971064e+00      0.000000000000000e+00
    4.395086440971063e+00      0.000000000000000e+00
    4.402086440971063e+00      0.000000000000000e+00
    4.409086440971064e+00      0.000000000000000e+00
    4.416086440971064e+00      0.000000000000000e+00
    4.423086440971064e+00      0.000000000000000e+00
    4.430086440971063e+00      0.000000000000000e+00
    4.437086440971063e+00      0.000000000000000e+00
    4.444086440971064e+00      0.000000000000000e+00
    4.451086440971064e+00      0.000000000000000e+00
    4.458086440971064e+00      0.000000000000000e+00
    4.465086440971064e+00      0.000000000000000e+00
    4.472086440971063e+00      0.000000000000000e+00
    4.479086440971064e+00      0.000000000000000e+00
    4.486086440971063e+00      0.000000000000000e+00
    4.493086440971064e+00      0.000000000000000e+00
    4.500086440971064e+00      0.000000000000000e+00
    4.507086440971063e+00      0.000000000000000e+00
    4.514086440971063e+00      0.000000000000000e+00
    4.521086440971064e+00      0.000000000000000e+00
    4.528086440971064e+00      0.000000000000000e+00
    4.535086440971064e+00      0.000000000000000e+00
    4.542086440971064e+00      0.000000000000000e+00
    4.549086440971063e+00      0.000000000000000e+00
    4.556086440971064e+00      0.000000000000000e+00
    4.563086440971063e+00      0.000000000000000e+00
    4.570086440971064e+00      0.000000000000000e+00
    4.577086440971064e+00      0.000000000000000e+00
    4.584086440971063e+00      0.000000000000000e+00
    4.591086440971063e+00      0.000000000000000e+00
    4.598086440971064e+00      0.000000000000000e+00
    4.605086440971064e+00      0.000000000000000e+00
    4.612086440971064e+00      0.000000000000000e+00
    4.619086440971063e+00      0.000000000000000e+00
    4.626086440971063e+00      0.000000000000000e+00
    4.633086440971064e+00      0.000000000000000e+00
    4.640086440971063e+00      0.000000000000000e+00
    4.647086440971064e+00      0.000000000000000e+00
    4.654086440971064e+00      0.000000000000000e+00
    4.661086440971063e+00      0.000000000000000e+00
    4.668086440971063e+00      0.000000000000000e+00
    4.675086440971064e+00      0.000000000000000e+00
    4.682086440971064e+00      0.000000000000000e+00
    4.689086440971064e+00      0.000000000000000e+00
    4.696086440971063e+00      0.000000000000000e+00
    4.703086440971063e+00      0.000000000000000e+00
    4.710086440971064e+00      0.000000000000000e+00
    4.717086440971064e+00      0.000000000000000e+00
    4.724086440971064e+00      0.000000000000000e+00
    4.731086440971064e+00      0.000000000000000e+00
    4.738086440971063e+00      0.000000000000000e+00
    4.745086440971064e+00      0.000000000000000e+00
    4.752086440971063e+00      0.000000000000000e+00
    4.759086440971064e+00      0.000000000000000e+00
    4.766086440971064e+00      0.000000000000000e+00
    4.773086440971063e+00      0.000000000000000e+00
    4.780086440971063e+00      0.000000000000000e+00
    4.787086440971064e+00      0.000000000000000e+00
    4.794086440971064e+00      0.000000000000000e+00
    4.801086440971064e+00      0.000000000000000e+00
    4.808086440971064e+00      0.000000000000000e+00
    4.815086440971063e+00      0.000000000000000e+00
    4.822086440971064e+00      0.000000000000000e+00
    4.829086440971063e+00      0.000000000000000e+00
    4.836086440971064e+00      0.000000000000000e+00
    4.843086440971064e+00      0.000000000000000e+00
    4.850086440971063e+00      0.000000000000000e+00
    4.857086440971063e+00      0.000000000000000e+00
    4.864086440971064e+00      0.000000000000000e+00
    4.871086440971064e+00      0.000000000000000e+00
    4.878086440971064e+00      0.000000000000000e+00
    4.885086440971063e+00      0.000000000000000e+00
    4.892086440971063e+00      0.000000000000000e+00
    4.899086440971064e+00      0.000000000000000e+00
    4.906086440971064e+00      0.000000000000000e+00
    4.913086440971064e+00      0.000000000000000e+00
    4.920086440971064e+00      0.000000000000000e+00
    4.927086440971063e+00      0.000000000000000e+00
    4.934086440971063e+00      0.000000000000000e+00
    4.941086440971064e+00      0.000000000000000e+00
    4.948086440971064e+00      0.000000000000000e+00
    4.955086440971064e+00      2.421307506053382e+00
    4.962086440971063e+00      0.000000000000000e+00
    4.969086440971063e+00      0.000000000000000e+00
    4.976086440971064e+00      0.000000000000000e+00
    4.983086440971064e+00      0.000000000000000e+00
    4.990086440971064e+00      0.000000000000000e+00
    4.997086440971064e+00      0.000000000000000e+00
    5.004086440971063e+00      0.000000000000000e+00
    5.011086440971064e+00      0.000000000000000e+00
    5.018086440971063e+00      0.000000000000000e+00
    5.025086440971064e+00      0.000000000000000e+00
    5.032086440971064e+00      0.000000000000000e+00
    5.039086440971063e+00      0.000000000000000e+00
    5.046086440971063e+00      0.000000000000000e+00
    5.053086440971064e+00      0.000000000000000e+00
    5.060086440971064e+00      0.000000000000000e+00
    5.067086440971064e+00      0.000000000000000e+00
    5.074086440971064e+00      0.000000000000000e+00
    5.081086440971063e+00      0.000000000000000e+00
    5.088086440971064e+00      0.000000000000000e+00
    5.095086440971063e+00      0.000000000000000e+00
    5.102086440971064e+00      0.000000000000000e+00
    5.109086440971064e+00      0.000000000000000e+00
    5.116086440971063e+00      0.000000000000000e+00
    5.123086440971063e+00      0.000000000000000e+00
    5.130086440971064e+00      0.000000000000000e+00
    5.137086440971064e+00      0.000000000000000e+00
    5.144086440971064e+00      0.000000000000000e+00
    5.151086440971063e+00      0.000000000000000e+00
    5.158086440971063e+00      0.000000000000000e+00
    5.165086440971064e+00      0.000000000000000e+00
    5.172086440971064e+00      0.000000000000000e+00
    5.179086440971064e+00      0.000000000000000e+00
    5.186086440971064e+00      0.000000000000000e+00
    5.193086440971063e+00      0.000000000000000e+00
    5.200086440971064e+00      0.000000000000000e+00
    5.207086440971064e+00      0.000000000000000e+00
    5.214086440971064e+00      0.000000000000000e+00
    5.221086440971064e+00      0.000000000000000e+00
    5.228086440971063e+00      0.000000000000000e+00
    5.235086440971063e+00      0.000000000000000e+00
    5.242086440971064e+00      0.000000000000000e+00
    5.249086440971064e+00      0.000000000000000e+00
    5.256086440971064e+00      0.000000000000000e+00
    5.263086440971064e+00      0.000000000000000e+00
    5.270086440971063e+00      0.000000000000000e+00
    5.277086440971064e+00      0.000000000000000e+00
    5.284086440971064e+00      0.000000000000000e+00
    5.291086440971064e+00      0.000000000000000e+00
    5.298086440971064e+00      0.000000000000000e+00
    5.305086440971063e+00      0.000000000000000e+00
    5.312086440971063e+00      0.000000000000000e+00
    5.319086440971064e+00      0.000000000000000e+00
    5.326086440971064e+00      0.000000000000000e+00
    5.333086440971064e+00      0.000000000000000e+00
    5.340086440971064e+00      0.000000000000000e+00
    5.347086440971063e+00      0.000000000000000e+00
    5.354086440971064e+00      0.000000000000000e+00
    5.361086440971064e+00      0.000000000000000e+00
    5.368086440971064e+00      0.000000000000000e+00
    5.375086440971064e+00      0.000000000000000e+00
    5.382086440971063e+00      0.000000000000000e+00
    5.389086440971063e+00      0.000000000000000e+00
    5.396086440971064e+00      0.000000000000000e+00
    5.403086440971064e+00      0.000000000000000e+00
    5.410086440971064e+00      0.000000000000000e+00
    5.417086440971064e+00      0.000000000000000e+00
    5.424086440971063e+00      0.000000000000000e+00
    5.431086440971064e+00      0.000000000000000e+00
    5.438086440971064e+00      0.000000000000000e+00
    5.445086440971064e+00      0.000000000000000e+00
    5.452086440971064e+00      0.000000000000000e+00
    5.459086440971063e+00      0.000000000000000e+00
    5.466086440971064e+00      0.000000000000000e+00
    5.473086440971064e+00      0.000000000000000e+00
    5.480086440971064e+00      0.000000000000000e+00
    5.487086440971064e+00      0.000000000000000e+00
    5.494086440971063e+00      0.000000000000000e+00
    5.501086440971063e+00      0.000000000000000e+00
    5.508086440971064e+00      0.000000000000000e+00
    5.515086440971064e+00      0.000000000000000e+00
    5.522086440971064e+00      0.000000000000000e+00
    5.529086440971064e+00      0.000000000000000e+00
    5.536086440971063e+00      0.000000000000000e+00
    5.543086440971064e+00      0.000000000000000e+00
    5.550086440971064e+00      0.000000000000000e+00
    5.557086440971064e+00      0.000000000000000e+00
    5.564086440971064e+00      0.000000000000000e+00
    5.571086440971063e+00      0.000000000000000e+00
    5.578086440971063e+00      0.000000000000000e+00
    5.585086440971064e+00      0.000000000000000e+00
    5.592086440971064e+00      0.000000000000000e+00
    5.599086440971064e+00      0.000000000000000e+00
    5.606086440971064e+00      0.000000000000000e+00
    5.613086440971063e+00      0.000000000000000e+00
    5.620086440971064e+00      0.000000000000000e+00
    5.627086440971064e+00      0.000000000000000e+00
    5.634086440971064e+00      0.000000000000000e+00
    5.641086440971064e+00      0.000000000000000e+00
    5.648086440971063e+00      0.000000000000000e+00
    5.655086440971064e+00      0.000000000000000e+00
    5.662086440971064e+00      0.000000000000000e+00
    5.669086440971064e+00      0.000000000000000e+00
    5.676086440971064e+00      0.000000000000000e+00
    5.683086440971064e+00      0.000000000000000e+00
    5.690086440971063e+00      0.000000000000000e+00
    5.697086440971064e+00      0.000000000000000e+00
    5.704086440971064e+00      0.000000000000000e+00
    5.711086440971064e+00      0.000000000000000e+00
    5.718086440971064e+00      0.000000000000000e+00
    5.725086440971063e+00      0.000000000000000e+00
    5.732086440971064e+00      0.000000000000000e+00
    5.739086440971064e+00      0.000000000000000e+00
    5.746086440971064e+00      4.842615012106764e+00
    5.753086440971064e+00      0.000000000000000e+00
    5.760086440971063e+00      0.000000000000000e+00
    5.767086440971063e+00      0.000000000000000e+00
    5.774086440971064e+00      0.000000000000000e+00
    5.781086440971064e+00      0.000000000000000e+00
    5.788086440971064e+00      0.000000000000000e+00
    5.795086440971064e+00      0.000000000000000e+00
    5.802086440971064e+00      0.000000000000000e+00
    5.809086440971064e+00      0.000000000000000e+00
    5.816086440971064e+00      0.000000000000000e+00
    5.823086440971064e+00      0.000000000000000e+00
    5.830086440971064e+00      0.000000000000000e+00
    5.837086440971063e+00      0.000000000000000e+00
    5.844086440971064e+00      0.000000000000000e+00
    5.851086440971064e+00      0.000000000000000e+00
    5.858086440971063e+00      0.000000000000000e+00
    5.865086440971064e+00      0.000000000000000e+00
    5.872086440971064e+00      0.000000000000000e+00
    5.879086440971064e+00      0.000000000000000e+00
    5.886086440971064e+00      0.000000000000000e+00
    5.893086440971063e+00      0.000000000000000e+00
    5.900086440971064e+00      0.000000000000000e+00
    5.907086440971064e+00      0.000000000000000e+00
    5.914086440971063e+00      0.000000000000000e+00
    5.921086440971064e+00      0.000000000000000e+00
    5.928086440971064e+00      0.000000000000000e+00
    5.935086440971064e+00      0.000000000000000e+00
    5.942086440971064e+00      0.000000000000000e+00
    5.949086440971064e+00      0.000000000000000e+00
    5.956086440971064e+00      0.000000000000000e+00
    5.963086440971064e+00      0.000000000000000e+00
    5.970086440971063e+00      0.000000000000000e+00
    5.977086440971064e+00      0.000000000000000e+00
    5.984086440971064e+00      0.000000000000000e+00
    5.991086440971063e+00      0.000000000000000e+00
    5.998086440971064e+00      0.000000000000000e+00
    6.005086440971064e+00      0.000000000000000e+00
    6.012086440971064e+00      0.000000000000000e+00
    6.019086440971064e+00      0.000000000000000e+00
    6.026086440971063e+00      0.000000000000000e+00
    6.033086440971064e+00      0.000000000000000e+00
    6.040086440971064e+00      0.000000000000000e+00
    6.047086440971063e+00      0.000000000000000e+00
    6.054086440971064e+00      0.000000000000000e+00
    6.061086440971064e+00      0.000000000000000e+00
    6.068086440971064e+00      0.000000000000000e+00
    6.075086440971064e+00      0.000000000000000e+00
    6.082086440971064e+00      0.000000000000000e+00
    6.089086440971064e+00      0.000000000000000e+00
    6.096086440971064e+00      0.000000000000000e+00
    6.103086440971063e+00      0.000000000000000e+00
    6.110086440971064e+00      0.000000000000000e+00
    6.117086440971064e+00      0.000000000000000e+00
    6.124086440971063e+00      0.000000000000000e+00
    6.131086440971064e+00      0.000000000000000e+00
    6.138086440971064e+00      0.000000000000000e+00
    6.145086440971064e+00      0.000000000000000e+00
    6.152086440971064e+00      0.000000000000000e+00
    6.159086440971064e+00      0.000000000000000e+00
    6.166086440971064e+00      0.000000000000000e+00
    6.173086440971064e+00      0.000000000000000e+00
    6.180086440971063e+00      0.000000000000000e+00
    6.187086440971064e+00      0.000000000000000e+00
    6.194086440971064e+00      0.000000000000000e+00
    6.201086440971064e+00      0.000000000000000e+00
    6.208086440971064e+00      0.000000000000000e+00
    6.215086440971064e+00      0.000000000000000e+00
    6.222086440971064e+00      0.000000000000000e+00
    6.229086440971064e+00      0.000000000000000e+00
    6.236086440971063e+00      0.000000000000000e+00
    6.243086440971064e+00      0.000000000000000e+00
    6.250086440971064e+00      0.000000000000000e+00
    6.257086440971064e+00      0.000000000000000e+00
    6.264086440971064e+00      0.000000000000000e+00
    6.271086440971064e+00      0.000000000000000e+00
    6.278086440971064e+00      0.000000000000000e+00
    6.285086440971064e+00      0.000000000000000e+00
    6.292086440971064e+00      0.000000000000000e+00
    6.299086440971064e+00      0.000000000000000e+00
    6.306086440971064e+00      0.000000000000000e+00
    6.313086440971063e+00      0.000000000000000e+00
    6.320086440971064e+00      0.000000000000000e+00
    6.327086440971064e+00      0.000000000000000e+00
    6.334086440971064e+00      0.000000000000000e+00
    6.341086440971064e+00      0.000000000000000e+00
    6.348086440971064e+00      0.000000000000000e+00
    6.355086440971064e+00      0.000000000000000e+00
    6.362086440971064e+00      0.000000000000000e+00
    6.369086440971063e+00      0.000000000000000e+00
    6.376086440971064e+00      0.000000000000000e+00
    6.383086440971064e+00      0.000000000000000e+00
    6.390086440971064e+00      0.000000000000000e+00
    6.397086440971064e+00      0.000000000000000e+00
    6.404086440971064e+00      0.000000000000000e+00
    6.411086440971064e+00      0.000000000000000e+00
    6.418086440971064e+00      0.000000000000000e+00
    6.425086440971064e+00      0.000000000000000e+00
    6.432086440971064e+00      0.000000000000000e+00
    6.439086440971064e+00      0.000000000000000e+00
    6.446086440971063e+00      0.000000000000000e+00
    6.453086440971064e+00      0.000000000000000e+00
    6.460086440971064e+00      0.000000000000000e+00
    6.467086440971064e+00      0.000000000000000e+00
    6.474086440971064e+00      0.000000000000000e+00
    6.481086440971064e+00      0.000000000000000e+00
    6.488086440971064e+00      0.000000000000000e+00
    6.495086440971064e+00      0.000000000000000e+00
    6.502086440971063e+00      0.000000000000000e+00
    6.509086440971064e+00      0.000000000000000e+00
    6.516086440971064e+00      0.000000000000000e+00
    6.523086440971064e+00      0.000000000000000e+00
    6.530086440971064e+00      0.000000000000000e+00
    6.537086440971064e+00      2.421307506053075e+00
    6.544086440971064e+00      0.000000000000000e+00
    6.551086440971064e+00      0.000000000000000e+00
    6.558086440971064e+00      0.000000000000000e+00
    6.565086440971064e+00      0.000000000000000e+00
    6.572086440971064e+00      0.000000000000000e+00
    6.579086440971063e+00      0.000000000000000e+00
    6.586086440971064e+00      0.000000000000000e+00
    6.593086440971064e+00      0.000000000000000e+00
    6.600086440971064e+00      0.000000000000000e+00
    6.607086440971064e+00      0.000000000000000e+00
    6.614086440971064e+00      0.000000000000000e+00
    6.621086440971064e+00      0.000000000000000e+00
    6.628086440971064e+00      0.000000000000000e+00
    6.635086440971063e+00      0.000000000000000e+00
    6.642086440971064e+00      0.000000000000000e+00
    6.649086440971064e+00      0.000000000000000e+00
    6.656086440971064e+00      0.000000000000000e+00
    6.663086440971064e+00      0.000000000000000e+00
    6.670086440971064e+00      0.000000000000000e+00
    6.677086440971064e+00      0.000000000000000e+00
    6.684086440971064e+00      0.000000000000000e+00
    6.691086440971064e+00      0.000000000000000e+00
    6.698086440971064e+00      0.000000000000000e+00
    6.705086440971064e+00      0.000000000000000e+00
    6.712086440971064e+00      0.000000000000000e+00
    6.719086440971064e+00      0.000000000000000e+00
    6.726086440971064e+00      0.000000000000000e+00
    6.733086440971064e+00      0.000000000000000e+00
    6.740086440971064e+00      0.000000000000000e+00
    6.747086440971064e+00      0.000000000000000e+00
    6.754086440971064e+00      0.000000000000000e+00
    6.761086440971064e+00      0.000000000000000e+00
    6.768086440971063e+00      0.000000000000000e+00
    6.775086440971064e+00      0.000000000000000e+00
    6.782086440971064e+00      0.000000000000000e+00
    6.789086440971064e+00      0.000000000000000e+00
    6.796086440971064e+00      0.000000000000000e+00
    6.803086440971064e+00      0.000000000000000e+00
    6.810086440971064e+00      0.000000000000000e+00
    6.817086440971064e+00      0.000000000000000e+00
    6.824086440971064e+00      0.000000000000000e+00
    6.831086440971064e+00      0.000000000000000e+00
    6.838086440971064e+00      0.000000000000000e+00
    6.845086440971064e+00      0.000000000000000e+00
    6.852086440971064e+00      0.000000000000000e+00
    6.859086440971064e+00      0.000000000000000e+00
    6.866086440971064e+00      0.000000000000000e+00
    6.873086440971064e+00      0.000000000000000e+00
    6.880086440971064e+00      0.000000000000000e+00
    6.887086440971064e+00      0.000000000000000e+00
    6.894086440971064e+00      0.000000000000000e+00
    6.901086440971063e+00      0.000000000000000e+00
    6.908086440971064e+00      0.000000000000000e+00
    6.915086440971064e+00      0.000000000000000e+00
    6.922086440971064e+00      0.000000000000000e+00
    6.929086440971064e+00      0.000000000000000e+00
    6.936086440971064e+00      0.000000000000000e+00
    6.943086440971064e+00      0.000000000000000e+00
    6.950086440971064e+00      0.000000000000000e+00
    6.957086440971064e+00      0.000000000000000e+00
    6.964086440971064e+00      0.000000000000000e+00
    6.971086440971064e+00      0.000000000000000e+00
    6.978086440971064e+00      0.000000000000000e+00
    6.985086440971064e+00      0.000000000000000e+00
    6.992086440971064e+00      0.000000000000000e+00
    6.999086440971064e+00      0.000000000000000e+00
    7.006086440971064e+00      0.000000000000000e+00
    7.013086440971064e+00      0.000000000000000e+00
    7.020086440971064e+00      0.000000000000000e+00
    7.027086440971064e+00      0.000000000000000e+00
    7.034086440971064e+00      0.000000000000000e+00
    7.041086440971064e+00      0.000000000000000e+00
    7.048086440971064e+00      0.000000000000000e+00
    7.055086440971064e+00      0.000000000000000e+00
    7.062086440971064e+00      0.000000000000000e+00
    7.069086440971064e+00      0.000000000000000e+00
    7.076086440971064e+00      0.000000000000000e+00
    7.083086440971064e+00      0.000000000000000e+00
    7.090086440971064e+00      0.000000000000000e+00
    7.097086440971064e+00      0.000000000000000e+00
    7.104086440971064e+00      0.000000000000000e+00
    7.111086440971064e+00      0.000000000000000e+00
    7.118086440971064e+00      0.000000000000000e+00
    7.125086440971064e+00      0.000000000000000e+00
    7.132086440971064e+00      0.000000000000000e+00
    7.139086440971064e+00      0.000000000000000e+00
    7.146086440971064e+00      0.000000000000000e+00
    7.153086440971064e+00      0.000000000000000e+00
    7.160086440971064e+00      0.000000000000000e+00
    7.167086440971064e+00      0.000000000000000e+00
    7.174086440971064e+00      0.000000000000000e+00
    7.181086440971064e+00      0.000000000000000e+00
    7.188086440971064e+00      0.000000000000000e+00
    7.195086440971064e+00      0.000000000000000e+00
    7.202086440971064e+00      0.000000000000000e+00
    7.209086440971064e+00      0.000000000000000e+00
    7.216086440971064e+00      0.000000000000000e+00
    7.223086440971064e+00      0.000000000000000e+00
    7.230086440971064e+00      0.000000000000000e+00
    7.237086440971064e+00      0.000000000000000e+00
    7.244086440971064e+00      0.000000000000000e+00
    7.251086440971064e+00      0.000000000000000e+00
    7.258086440971064e+00      0.000000000000000e+00
    7.265086440971064e+00      0.000000000000000e+00
    7.272086440971064e+00      0.000000000000000e+00
    7.279086440971064e+00      0.000000000000000e+00
    7.286086440971064e+00      0.000000000000000e+00
    7.293086440971064e+00      0.000000000000000e+00
    7.300086440971064e+00      0.000000000000000e+00
    7.307086440971064e+00      0.000000000000000e+00
    7.314086440971064e+00      0.000000000000000e+00
    7.321086440971064e+00      0.000000000000000e+00
    7.328086440971064e+00      0.000000000000000e+00
    7.335086440971064e+00      0.000000000000000e+00
    7.342086440971064e+00      0.000000000000000e+00
    7.349086440971064e+00      2.421307506053382e+00
    7.356086440971064e+00      0.000000000000000e+00
    7.363086440971064e+00      0.000000000000000e+00
    7.370086440971064e+00      0.000000000000000e+00
    7.377086440971064e+00      4.842615012106764e+00
    7.384086440971064e+00      0.000000000000000e+00
    7.391086440971064e+00      0.000000000000000e+00
    7.398086440971064e+00      0.000000000000000e+00
    7.405086440971064e+00      2.421307506053382e+00
    7.412086440971064e+00      0.000000000000000e+00
    7.419086440971064e+00      0.000000000000000e+00
    7.426086440971064e+00      0.000000000000000e+00
    7.433086440971064e+00      4.842615012106764e+00
    7.440086440971064e+00      0.000000000000000e+00
    7.447086440971064e+00      0.000000000000000e+00
    7.454086440971064e+00      2.421307506053382e+00
    7.461086440971064e+00      0.000000000000000e+00
    7.468086440971064e+00      0.000000000000000e+00
    7.475086440971064e+00      0.000000000000000e+00
    7.482086440971064e+00      4.842615012106764e+00
    7.489086440971064e+00      0.000000000000000e+00
    7.496086440971064e+00      0.000000000000000e+00
    7.503086440971064e+00      0.000000000000000e+00
    7.510086440971064e+00      2.421307506053382e+00
    7.517086440971064e+00      0.000000000000000e+00
    7.524086440971064e+00      0.000000000000000e+00
    7.531086440971064e+00      7.263922518160145e+00
    7.538086440971064e+00      0.000000000000000e+00
    7.545086440971064e+00      0.000000000000000e+00
    7.552086440971064e+00      0.000000000000000e+00
    7.559086440971064e+00      2.421307506053075e+00
    7.566086440971064e+00      0.000000000000000e+00
    7.573086440971064e+00      0.000000000000000e+00
    7.580086440971064e+00      0.000000000000000e+00
    7.587086440971064e+00      4.842615012106764e+00
    7.594086440971064e+00      0.000000000000000e+00
    7.601086440971064e+00      0.000000000000000e+00
    7.608086440971064e+00      0.000000000000000e+00
    7.615086440971064e+00      2.421307506053382e+00
    7.622086440971064e+00      0.000000000000000e+00
    7.629086440971064e+00      0.000000000000000e+00
    7.636086440971064e+00      7.263922518159224e+00
    7.643086440971064e+00      0.000000000000000e+00
    7.650086440971064e+00      0.000000000000000e+00
    7.657086440971064e+00      0.000000000000000e+00
    7.664086440971064e+00      2.421307506053382e+00
    7.671086440971064e+00      0.000000000000000e+00
    7.678086440971064e+00      0.000000000000000e+00
    7.685086440971064e+00      0.000000000000000e+00
    7.692086440971064e+00      7.263922518159224e+00
    7.699086440971064e+00      0.000000000000000e+00
    7.706086440971064e+00      2.421307506053382e+00
    7.713086440971064e+00      0.000000000000000e+00
    7.720086440971064e+00      4.842615012106764e+00
    7.727086440971064e+00      2.421307506053382e+00
    7.734086440971064e+00      0.000000000000000e+00
    7.741086440971064e+00      2.421307506053382e+00
    7.748086440971064e+00      0.000000000000000e+00
    7.755086440971064e+00      0.000000000000000e+00
    7.762086440971064e+00      0.000000000000000e+00
    7.769086440971064e+00      2.421307506053075e+00
    7.776086440971064e+00      0.000000000000000e+00
    7.783086440971064e+00      0.000000000000000e+00
    7.790086440971064e+00      0.000000000000000e+00
    7.797086440971064e+00      4.842615012106764e+00
    7.804086440971064e+00      0.000000000000000e+00
    7.811086440971064e+00      0.000000000000000e+00
    7.818086440971064e+00      2.421307506053382e+00
    7.825086440971064e+00      0.000000000000000e+00
    7.832086440971064e+00      0.000000000000000e+00
    7.839086440971064e+00      0.000000000000000e+00
    7.846086440971064e+00      4.842615012106149e+00
    7.853086440971064e+00      0.000000000000000e+00
    7.860086440971064e+00      0.000000000000000e+00
    7.867086440971064e+00      0.000000000000000e+00
    7.874086440971064e+00      0.000000000000000e+00
    7.881086440971064e+00      0.000000000000000e+00
    7.888086440971064e+00      0.000000000000000e+00
    7.895086440971064e+00      0.000000000000000e+00
    7.902086440971064e+00      2.421307506053075e+00
    7.909086440971064e+00      0.000000000000000e+00
    7.916086440971064e+00      0.000000000000000e+00
    7.923086440971064e+00      0.000000000000000e+00
    7.930086440971064e+00      0.000000000000000e+00
    7.937086440971064e+00      0.000000000000000e+00
    7.944086440971064e+00      0.000000000000000e+00
    7.951086440971064e+00      9.685230024213528e+00
    7.958086440971064e+00      0.000000000000000e+00
    7.965086440971064e+00      0.000000000000000e+00
    7.972086440971064e+00      0.000000000000000e+00
    7.979086440971064e+00      0.000000000000000e+00
    7.986086440971064e+00      0.000000000000000e+00
    7.993086440971064e+00      0.000000000000000e+00
    8.000086440971064e+00      0.000000000000000e+00
    8.007086440971065e+00      2.421307506053996e+00
    8.014086440971063e+00      0.000000000000000e+00
    8.021086440971064e+00      0.000000000000000e+00
    8.028086440971064e+00      0.000000000000000e+00
    8.035086440971064e+00      0.000000000000000e+00
    8.042086440971065e+00      0.000000000000000e+00
    8.049086440971063e+00      0.000000000000000e+00
    8.056086440971065e+00      4.842615012106764e+00
    8.063086440971064e+00      0.000000000000000e+00
    8.070086440971064e+00      0.000000000000000e+00
    8.077086440971064e+00      0.000000000000000e+00
    8.084086440971063e+00      0.000000000000000e+00
    8.091086440971065e+00      0.000000000000000e+00
    8.098086440971064e+00      0.000000000000000e+00
    8.105086440971064e+00      0.000000000000000e+00
    8.112086440971064e+00      2.421307506053382e+00
    8.119086440971063e+00      0.000000000000000e+00
    8.126086440971065e+00      0.000000000000000e+00
    8.133086440971063e+00      0.000000000000000e+00
    8.140086440971064e+00      0.000000000000000e+00
    8.147086440971064e+00      0.000000000000000e+00
    8.154086440971064e+00      0.000000000000000e+00
    8.161086440971065e+00      0.000000000000000e+00
    8.168086440971063e+00      0.000000000000000e+00
    8.175086440971064e+00      0.000000000000000e+00
    8.182086440971064e+00      0.000000000000000e+00
    8.189086440971064e+00      0.000000000000000e+00
    8.196086440971065e+00      0.000000000000000e+00
    8.203086440971063e+00      0.000000000000000e+00
    8.210086440971065e+00      0.000000000000000e+00
    8.217086440971064e+00      0.000000000000000e+00
    8.224086440971064e+00      0.000000000000000e+00
    8.231086440971065e+00      0.000000000000000e+00
    8.238086440971063e+00      0.000000000000000e+00
    8.245086440971065e+00      0.000000000000000e+00
    8.252086440971064e+00      0.000000000000000e+00
    8.259086440971064e+00      0.000000000000000e+00
    8.266086440971064e+00      0.000000000000000e+00
    8.273086440971063e+00      0.000000000000000e+00
    8.280086440971065e+00      0.000000000000000e+00
    8.287086440971065e+00      0.000000000000000e+00
    8.294086440971064e+00      0.000000000000000e+00
    8.301086440971064e+00      0.000000000000000e+00
    8.308086440971064e+00      0.000000000000000e+00
    8.315086440971065e+00      0.000000000000000e+00
    8.322086440971063e+00      0.000000000000000e+00
    8.329086440971064e+00      0.000000000000000e+00
    8.336086440971064e+00      0.000000000000000e+00
    8.343086440971064e+00      0.000000000000000e+00
    8.350086440971065e+00      0.000000000000000e+00
    8.357086440971063e+00      0.000000000000000e+00
    8.364086440971064e+00      0.000000000000000e+00
    8.371086440971064e+00      2.421307506053382e+00
    8.378086440971064e+00      0.000000000000000e+00
    8.385086440971065e+00      0.000000000000000e+00
    8.392086440971063e+00      0.000000000000000e+00
    8.399086440971065e+00      0.000000000000000e+00
    8.406086440971064e+00      0.000000000000000e+00
    8.413086440971064e+00      0.000000000000000e+00
    8.420086440971065e+00      0.000000000000000e+00
    8.427086440971063e+00      0.000000000000000e+00
    8.434086440971065e+00      0.000000000000000e+00
    8.441086440971064e+00      0.000000000000000e+00
    8.448086440971064e+00      0.000000000000000e+00
    8.455086440971064e+00      0.000000000000000e+00
    8.462086440971063e+00      0.000000000000000e+00
    8.469086440971065e+00      0.000000000000000e+00
    8.476086440971065e+00      0.000000000000000e+00
    8.483086440971064e+00      0.000000000000000e+00
    8.490086440971064e+00      0.000000000000000e+00
    8.497086440971064e+00      0.000000000000000e+00
    8.504086440971065e+00      0.000000000000000e+00
    8.511086440971063e+00      0.000000000000000e+00
    8.518086440971064e+00      0.000000000000000e+00
    8.525086440971064e+00      0.000000000000000e+00
    8.532086440971064e+00      0.000000000000000e+00
    8.539086440971065e+00      0.000000000000000e+00
    8.546086440971063e+00      0.000000000000000e+00
    8.553086440971065e+00      0.000000000000000e+00
    8.560086440971064e+00      0.000000000000000e+00
    8.567086440971064e+00      0.000000000000000e+00
    8.574086440971065e+00      0.000000000000000e+00
    8.581086440971063e+00      7.263922518158302e+00
    8.588086440971065e+00      0.000000000000000e+00
    8.595086440971064e+00      0.000000000000000e+00
    8.602086440971064e+00      0.000000000000000e+00
    8.609086440971065e+00      0.000000000000000e+00
    8.616086440971063e+00      0.000000000000000e+00
    8.623086440971065e+00      0.000000000000000e+00
    8.630086440971064e+00      0.000000000000000e+00
    8.637086440971064e+00      0.000000000000000e+00
    8.644086440971064e+00      0.000000000000000e+00
    8.651086440971063e+00      0.000000000000000e+00
    8.658086440971065e+00      0.000000000000000e+00
    8.665086440971063e+00      0.000000000000000e+00
    8.672086440971064e+00      0.000000000000000e+00
    8.679086440971064e+00      0.000000000000000e+00
    8.686086440971064e+00      0.000000000000000e+00
    8.693086440971065e+00      0.000000000000000e+00
    8.700086440971063e+00      0.000000000000000e+00
    8.707086440971064e+00      0.000000000000000e+00
    8.714086440971064e+00      0.000000000000000e+00
    8.721086440971064e+00      0.000000000000000e+00
    8.728086440971065e+00      0.000000000000000e+00
    8.735086440971063e+00      0.000000000000000e+00
    8.742086440971065e+00      0.000000000000000e+00
    8.749086440971064e+00      0.000000000000000e+00
    8.756086440971064e+00      0.000000000000000e+00
    8.763086440971065e+00      0.000000000000000e+00
    8.770086440971063e+00      0.000000000000000e+00
    8.777086440971065e+00      0.000000000000000e+00
    8.784086440971064e+00      2.421307506053382e+00
