                     bin:                     prob.:
    4.087113385844992e+01      7.208926598316918e-02
    4.110624726002526e+01      0.000000000000000e+00
    4.134136066160062e+01      0.000000000000000e+00
    4.157647406317597e+01      1.441785319663384e-01
    4.181158746475131e+01      0.000000000000000e+00
    4.204670086632667e+01      0.000000000000000e+00
    4.228181426790201e+01      0.000000000000000e+00
    4.251692766947736e+01      7.208926598316699e-02
    4.275204107105272e+01      0.000000000000000e+00
    4.298715447262806e+01      0.000000000000000e+00
    4.322226787420341e+01      0.000000000000000e+00
    4.345738127577876e+01      2.162677979495075e-01
    4.369249467735411e+01      0.000000000000000e+00
    4.392760807892947e+01      0.000000000000000e+00
    4.416272148050481e+01      7.208926598316918e-02
    4.439783488208016e+01      0.000000000000000e+00
    4.463294828365551e+01      0.000000000000000e+00
    4.486806168523086e+01      0.000000000000000e+00
    4.510317508680621e+01      1.441785319663340e-01
    4.533828848838156e+01      0.000000000000000e+00
    4.557340188995691e+01      0.000000000000000e+00
    4.580851529153226e+01      0.000000000000000e+00
    4.604362869310761e+01      7.208926598316699e-02
    4.627874209468296e+01      0.000000000000000e+00
    4.651385549625831e+01      0.000000000000000e+00
    4.674896889783366e+01      0.000000000000000e+00
    4.698408229940901e+01      7.208926598316918e-02
    4.721919570098436e+01      1.441785319663340e-01
    4.745430910255971e+01      7.208926598316918e-02
    4.768942250413506e+01      1.441785319663384e-01
    4.792453590571041e+01      7.208926598316699e-02
    4.815964930728576e+01      1.441785319663384e-01
    4.839476270886111e+01      7.208926598316918e-02
    4.862987611043646e+01      2.162677979495010e-01
    4.886498951201181e+01      7.208926598316918e-02
    4.910010291358716e+01      1.441785319663340e-01
    4.933521631516251e+01      7.208926598316918e-02
    4.957032971673786e+01      2.883570639326767e-01
    4.980544311831321e+01      1.441785319663384e-01
    5.004055651988855e+01      2.162677979495010e-01
    5.027566992146391e+01      1.441785319663384e-01
    5.051078332303926e+01      7.208926598316699e-02
    5.074589672461461e+01      1.441785319663384e-01
    5.098101012618996e+01      7.208926598316918e-02
    5.121612352776530e+01      2.883570639326767e-01
    5.145123692934065e+01      0.000000000000000e+00
    5.168635033091601e+01      7.208926598316918e-02
    5.192146373249135e+01      0.000000000000000e+00
    5.215657713406671e+01      2.162677979495075e-01
    5.239169053564206e+01      0.000000000000000e+00
    5.262680393721740e+01      7.208926598316918e-02
    5.286191733879275e+01      1.441785319663340e-01
    5.309703074036810e+01      0.000000000000000e+00
    5.333214414194345e+01      7.208926598316699e-02
    5.356725754351881e+01      0.000000000000000e+00
    5.380237094509415e+01      0.000000000000000e+00
    5.403748434666950e+01      0.000000000000000e+00
    5.427259774824485e+01      0.000000000000000e+00
    5.450771114982020e+01      0.000000000000000e+00
    5.474282455139555e+01      0.000000000000000e+00
    5.497793795297090e+01      0.000000000000000e+00
    5.521305135454625e+01      0.000000000000000e+00
    5.544816475612160e+01      0.000000000000000e+00
    5.568327815769695e+01      0.000000000000000e+00
    5.591839155927230e+01      0.000000000000000e+00
    5.615350496084765e+01      0.000000000000000e+00
    5.638861836242300e+01      0.000000000000000e+00
    5.662373176399835e+01      0.000000000000000e+00
    5.685884516557370e+01      0.000000000000000e+00
    5.709395856714904e+01      0.000000000000000e+00
    5.732907196872440e+01      0.000000000000000e+00
    5.756418537029975e+01      0.000000000000000e+00
    5.779929877187510e+01      0.000000000000000e+00
    5.803441217345045e+01      0.000000000000000e+00
    5.826952557502580e+01      0.000000000000000e+00
    5.850463897660115e+01      0.000000000000000e+00
    5.873975237817650e+01      0.000000000000000e+00
    5.897486577975185e+01      0.000000000000000e+00
    5.920997918132720e+01      0.000000000000000e+00
    5.944509258290255e+01      0.000000000000000e+00
    5.968020598447789e+01      0.000000000000000e+00
    5.991531938605325e+01      0.000000000000000e+00
    6.015043278762860e+01      0.000000000000000e+00
    6.038554618920395e+01      0.000000000000000e+00
    6.062065959077930e+01      0.000000000000000e+00
    6.085577299235464e+01      0.000000000000000e+00
    6.109088639392999e+01      0.000000000000000e+00
    6.132599979550535e+01      0.000000000000000e+00
    6.156111319708069e+01      0.000000000000000e+00
    6.179622659865605e+01      0.000000000000000e+00
    6.203134000023140e+01      0.000000000000000e+00
    6.226645340180674e+01      0.000000000000000e+00
    6.250156680338209e+01      0.000000000000000e+00
    6.273668020495744e+01      0.000000000000000e+00
    6.297179360653280e+01      0.000000000000000e+00
    6.320690700810815e+01      0.000000000000000e+00
    6.344202040968349e+01      0.000000000000000e+00
    6.367713381125884e+01      0.000000000000000e+00
    6.391224721283419e+01      0.000000000000000e+00
    6.414736061440954e+01      0.000000000000000e+00
    6.438247401598490e+01      0.000000000000000e+00
    6.461758741756024e+01      0.000000000000000e+00
    6.485270081913559e+01      0.000000000000000e+00
    6.508781422071094e+01      0.000000000000000e+00
    6.532292762228630e+01      0.000000000000000e+00
    6.555804102386165e+01      0.000000000000000e+00
    6.579315442543700e+01      0.000000000000000e+00
    6.602826782701234e+01      0.000000000000000e+00
    6.626338122858769e+01      0.000000000000000e+00
    6.649849463016304e+01      0.000000000000000e+00
    6.673360803173838e+01      0.000000000000000e+00
    6.696872143331373e+01      0.000000000000000e+00
    6.720383483488909e+01      0.000000000000000e+00
    6.743894823646444e+01      0.000000000000000e+00
    6.767406163803979e+01      0.000000000000000e+00
    6.790917503961514e+01      0.000000000000000e+00
    6.814428844119050e+01      0.000000000000000e+00
    6.837940184276584e+01      0.000000000000000e+00
    6.861451524434119e+01      0.000000000000000e+00
    6.884962864591654e+01      0.000000000000000e+00
    6.908474204749189e+01      0.000000000000000e+00
    6.931985544906723e+01      0.000000000000000e+00
    6.955496885064258e+01      0.000000000000000e+00
    6.979008225221794e+01      0.000000000000000e+00
    7.002519565379329e+01      0.000000000000000e+00
    7.026030905536864e+01      0.000000000000000e+00
    7.049542245694398e+01      0.000000000000000e+00
    7.073053585851933e+01      0.000000000000000e+00
    7.096564926009469e+01      0.000000000000000e+00
    7.120076266167004e+01      0.000000000000000e+00
    7.143587606324539e+01      0.000000000000000e+00
    7.167098946482074e+01      0.000000000000000e+00
    7.190610286639608e+01      0.000000000000000e+00
    7.214121626797143e+01      0.000000000000000e+00
    7.237632966954678e+01      0.000000000000000e+00
    7.261144307112214e+01      0.000000000000000e+00
    7.284655647269749e+01      0.000000000000000e+00
    7.308166987427283e+01      0.000000000000000e+00
    7.331678327584818e+01      0.000000000000000e+00
    7.355189667742354e+01      0.000000000000000e+00
    7.378701007899889e+01      0.000000000000000e+00
    7.402212348057424e+01      0.000000000000000e+00
    7.425723688214958e+01      0.000000000000000e+00
    7.449235028372493e+01      0.000000000000000e+00
    7.472746368530028e+01      0.000000000000000e+00
    7.496257708687563e+01      0.000000000000000e+00
    7.519769048845097e+01      0.000000000000000e+00
    7.543280389002634e+01      0.000000000000000e+00
    7.566791729160168e+01      0.000000000000000e+00
    7.590303069317703e+01      0.000000000000000e+00
    7.613814409475239e+01      0.000000000000000e+00
    7.637325749632774e+01      0.000000000000000e+00
    7.660837089790309e+01      0.000000000000000e+00
    7.684348429947843e+01      0.000000000000000e+00
    7.707859770105378e+01      0.000000000000000e+00
    7.731371110262913e+01      0.000000000000000e+00
    7.754882450420448e+01      0.000000000000000e+00
    7.778393790577982e+01      0.000000000000000e+00
    7.801905130735517e+01      0.000000000000000e+00
    7.825416470893053e+01      0.000000000000000e+00
    7.848927811050588e+01      0.000000000000000e+00
    7.872439151208123e+01      0.000000000000000e+00
    7.895950491365659e+01      0.000000000000000e+00
    7.919461831523193e+01      0.000000000000000e+00
    7.942973171680728e+01      0.000000000000000e+00
    7.966484511838263e+01      0.000000000000000e+00
    7.989995851995798e+01      0.000000000000000e+00
    8.013507192153332e+01      0.000000000000000e+00
    8.037018532310867e+01      0.000000000000000e+00
    8.060529872468402e+01      0.000000000000000e+00
    8.084041212625937e+01      0.000000000000000e+00
    8.107552552783473e+01      0.000000000000000e+00
    8.131063892941008e+01      0.000000000000000e+00
    8.154575233098542e+01      0.000000000000000e+00
    8.178086573256078e+01      0.000000000000000e+00
    8.201597913413613e+01      0.000000000000000e+00
    8.225109253571148e+01      0.000000000000000e+00
    8.248620593728683e+01      0.000000000000000e+00
    8.272131933886217e+01      0.000000000000000e+00
    8.295643274043752e+01      0.000000000000000e+00
    8.319154614201287e+01      0.000000000000000e+00
    8.342665954358822e+01      0.000000000000000e+00
    8.366177294516358e+01      0.000000000000000e+00
    8.389688634673892e+01      0.000000000000000e+00
    8.413199974831427e+01      0.000000000000000e+00
    8.436711314988963e+01      0.000000000000000e+00
    8.460222655146498e+01      0.000000000000000e+00
    8.483733995304033e+01      0.000000000000000e+00
    8.507245335461567e+01      0.000000000000000e+00
    8.530756675619102e+01      0.000000000000000e+00
    8.554268015776637e+01      0.000000000000000e+00
    8.577779355934172e+01      0.000000000000000e+00
    8.601290696091706e+01      0.000000000000000e+00
    8.624802036249241e+01      0.000000000000000e+00
    8.648313376406777e+01      0.000000000000000e+00
    8.671824716564312e+01      0.000000000000000e+00
    8.695336056721847e+01      0.000000000000000e+00
    8.718847396879383e+01      0.000000000000000e+00
    8.742358737036918e+01      0.000000000000000e+00
    8.765870077194452e+01      0.000000000000000e+00
    8.789381417351987e+01      0.000000000000000e+00
    8.812892757509522e+01      0.000000000000000e+00
    8.836404097667057e+01      0.000000000000000e+00
    8.859915437824591e+01      0.000000000000000e+00
    8.883426777982126e+01      0.000000000000000e+00
    8.906938118139661e+01      0.000000000000000e+00
    8.930449458297197e+01      0.000000000000000e+00
    8.953960798454732e+01      0.000000000000000e+00
    8.977472138612268e+01      0.000000000000000e+00
    9.000983478769803e+01      0.000000000000000e+00
    9.024494818927337e+01      0.000000000000000e+00
    9.048006159084872e+01      0.000000000000000e+00
    9.071517499242407e+01      0.000000000000000e+00
    9.095028839399941e+01      0.000000000000000e+00
    9.118540179557476e+01      0.000000000000000e+00
    9.142051519715011e+01      0.000000000000000e+00
    9.165562859872546e+01      0.000000000000000e+00
    9.189074200030082e+01      0.000000000000000e+00
    9.212585540187617e+01      0.000000000000000e+00
    9.236096880345151e+01      0.000000000000000e+00
    9.259608220502687e+01      0.000000000000000e+00
    9.283119560660222e+01      0.000000000000000e+00
    9.306630900817757e+01      0.000000000000000e+00
    9.330142240975292e+01      0.000000000000000e+00
    9.353653581132826e+01      0.000000000000000e+00
    9.377164921290361e+01      0.000000000000000e+00
    9.400676261447896e+01      0.000000000000000e+00
    9.424187601605431e+01      0.000000000000000e+00
    9.447698941762965e+01      0.000000000000000e+00
    9.471210281920501e+01      0.000000000000000e+00
    9.494721622078036e+01      0.000000000000000e+00
    9.518232962235571e+01      0.000000000000000e+00
    9.541744302393107e+01      0.000000000000000e+00
    9.565255642550642e+01      0.000000000000000e+00
    9.588766982708177e+01      0.000000000000000e+00
    9.612278322865711e+01      0.000000000000000e+00
    9.635789663023246e+01      0.000000000000000e+00
    9.659301003180781e+01      0.000000000000000e+00
    9.682812343338315e+01      0.000000000000000e+00
    9.706323683495850e+01      0.000000000000000e+00
    9.729835023653385e+01      0.000000000000000e+00
    9.753346363810921e+01      0.000000000000000e+00
    9.776857703968456e+01      0.000000000000000e+00
    9.800369044125992e+01      0.000000000000000e+00
    9.823880384283527e+01      0.000000000000000e+00
    9.847391724441061e+01      0.000000000000000e+00
    9.870903064598596e+01      0.000000000000000e+00
    9.894414404756131e+01      0.000000000000000e+00
    9.917925744913666e+01      0.000000000000000e+00
    9.941437085071200e+01      0.000000000000000e+00
    9.964948425228735e+01      0.000000000000000e+00
    9.988459765386270e+01      0.000000000000000e+00
    1.001197110554381e+02      0.000000000000000e+00
    1.003548244570134e+02      0.000000000000000e+00
    1.005899378585888e+02      0.000000000000000e+00
    1.008250512601641e+02      0.000000000000000e+00
    1.010601646617395e+02      0.000000000000000e+00
    1.012952780633148e+02      0.000000000000000e+00
    1.015303914648902e+02      0.000000000000000e+00
    1.017655048664655e+02      0.000000000000000e+00
    1.020006182680409e+02      0.000000000000000e+00
    1.022357316696162e+02      0.000000000000000e+00
    1.024708450711915e+02      0.000000000000000e+00
    1.027059584727669e+02      0.000000000000000e+00
    1.029410718743423e+02      0.000000000000000e+00
    1.031761852759176e+02      0.000000000000000e+00
    1.034112986774930e+02      0.000000000000000e+00
    1.036464120790683e+02      0.000000000000000e+00
    1.038815254806437e+02      0.000000000000000e+00
    1.041166388822190e+02      0.000000000000000e+00
    1.043517522837944e+02      0.000000000000000e+00
    1.045868656853697e+02      0.000000000000000e+00
    1.048219790869450e+02      0.000000000000000e+00
    1.050570924885204e+02      0.000000000000000e+00
    1.052922058900957e+02      0.000000000000000e+00
    1.055273192916711e+02      0.000000000000000e+00
    1.057624326932464e+02      0.000000000000000e+00
    1.059975460948218e+02      0.000000000000000e+00
    1.062326594963972e+02      0.000000000000000e+00
    1.064677728979725e+02      0.000000000000000e+00
    1.067028862995479e+02      0.000000000000000e+00
    1.069379997011232e+02      0.000000000000000e+00
    1.071731131026986e+02      0.000000000000000e+00
    1.074082265042739e+02      0.000000000000000e+00
    1.076433399058492e+02      0.000000000000000e+00
    1.078784533074246e+02      0.000000000000000e+00
    1.081135667089999e+02      0.000000000000000e+00
    1.083486801105753e+02      0.000000000000000e+00
    1.085837935121507e+02      0.000000000000000e+00
    1.088189069137260e+02      0.000000000000000e+00
    1.090540203153014e+02      0.000000000000000e+00
    1.092891337168767e+02      0.000000000000000e+00
    1.095242471184521e+02      0.000000000000000e+00
    1.097593605200274e+02      0.000000000000000e+00
    1.099944739216027e+02      0.000000000000000e+00
    1.102295873231781e+02      0.000000000000000e+00
    1.104647007247534e+02      0.000000000000000e+00
    1.106998141263288e+02      0.000000000000000e+00
    1.109349275279041e+02      0.000000000000000e+00
    1.111700409294795e+02      0.000000000000000e+00
    1.114051543310549e+02      0.000000000000000e+00
    1.116402677326302e+02      0.000000000000000e+00
    1.118753811342056e+02      0.000000000000000e+00
    1.121104945357809e+02      0.000000000000000e+00
    1.123456079373562e+02      0.000000000000000e+00
    1.125807213389316e+02      0.000000000000000e+00
    1.128158347405069e+02      0.000000000000000e+00
    1.130509481420823e+02      0.000000000000000e+00
    1.132860615436576e+02      0.000000000000000e+00
    1.135211749452330e+02      0.000000000000000e+00
    1.137562883468083e+02      0.000000000000000e+00
    1.139914017483837e+02      0.000000000000000e+00
    1.142265151499591e+02      0.000000000000000e+00
    1.144616285515344e+02      0.000000000000000e+00
    1.146967419531098e+02      0.000000000000000e+00
    1.149318553546851e+02      0.000000000000000e+00
    1.151669687562604e+02      0.000000000000000e+00
    1.154020821578358e+02      0.000000000000000e+00
    1.156371955594111e+02      0.000000000000000e+00
    1.158723089609865e+02      0.000000000000000e+00
    1.161074223625618e+02      0.000000000000000e+00
    1.163425357641372e+02      0.000000000000000e+00
    1.165776491657125e+02      0.000000000000000e+00
    1.168127625672879e+02      0.000000000000000e+00
    1.170478759688633e+02      0.000000000000000e+00
    1.172829893704386e+02      0.000000000000000e+00
    1.175181027720139e+02      0.000000000000000e+00
    1.177532161735893e+02      0.000000000000000e+00
    1.179883295751646e+02      0.000000000000000e+00
    1.182234429767400e+02      0.000000000000000e+00
    1.184585563783153e+02      0.000000000000000e+00
    1.186936697798907e+02      0.000000000000000e+00
    1.189287831814660e+02      0.000000000000000e+00
    1.191638965830414e+02      0.000000000000000e+00
    1.193990099846167e+02      0.000000000000000e+00
    1.196341233861921e+02      0.000000000000000e+00
    1.198692367877674e+02      0.000000000000000e+00
    1.201043501893428e+02      0.000000000000000e+00
    1.203394635909181e+02      0.000000000000000e+00
    1.205745769924935e+02      0.000000000000000e+00
    1.208096903940688e+02      0.000000000000000e+00
    1.210448037956442e+02      0.000000000000000e+00
    1.212799171972195e+02      0.000000000000000e+00
    1.215150305987949e+02      0.000000000000000e+00
    1.217501440003702e+02      0.000000000000000e+00
    1.219852574019456e+02      0.000000000000000e+00
    1.222203708035209e+02      0.000000000000000e+00
    1.224554842050963e+02      0.000000000000000e+00
    1.226905976066716e+02      0.000000000000000e+00
    1.229257110082470e+02      0.000000000000000e+00
    1.231608244098223e+02      0.000000000000000e+00
    1.233959378113977e+02      0.000000000000000e+00
    1.236310512129730e+02      0.000000000000000e+00
    1.238661646145484e+02      0.000000000000000e+00
    1.241012780161237e+02      0.000000000000000e+00
    1.243363914176991e+02      0.000000000000000e+00
    1.245715048192744e+02      0.000000000000000e+00
    1.248066182208498e+02      0.000000000000000e+00
    1.250417316224251e+02      0.000000000000000e+00
    1.252768450240005e+02      0.000000000000000e+00
    1.255119584255758e+02      0.000000000000000e+00
    1.257470718271512e+02      0.000000000000000e+00
    1.259821852287265e+02      0.000000000000000e+00
    1.262172986303019e+02      0.000000000000000e+00
    1.264524120318772e+02      0.000000000000000e+00
    1.266875254334526e+02      0.000000000000000e+00
    1.269226388350279e+02      0.000000000000000e+00
    1.271577522366033e+02      0.000000000000000e+00
    1.273928656381786e+02      0.000000000000000e+00
    1.276279790397540e+02      0.000000000000000e+00
    1.278630924413293e+02      7.208926598316918e-02
    1.280982058429047e+02      0.000000000000000e+00
    1.283333192444800e+02      0.000000000000000e+00
    1.285684326460554e+02      0.000000000000000e+00
    1.288035460476307e+02      0.000000000000000e+00
    1.290386594492061e+02      0.000000000000000e+00
    1.292737728507814e+02      0.000000000000000e+00
    1.295088862523568e+02      0.000000000000000e+00
    1.297439996539321e+02      0.000000000000000e+00
    1.299791130555075e+02      0.000000000000000e+00
    1.302142264570828e+02      0.000000000000000e+00
    1.304493398586582e+02      0.000000000000000e+00
    1.306844532602335e+02      0.000000000000000e+00
    1.309195666618089e+02      0.000000000000000e+00
    1.311546800633842e+02      0.000000000000000e+00
    1.313897934649596e+02      0.000000000000000e+00
    1.316249068665349e+02      0.000000000000000e+00
    1.318600202681103e+02      0.000000000000000e+00
    1.320951336696856e+02      0.000000000000000e+00
    1.323302470712610e+02      0.000000000000000e+00
    1.325653604728363e+02      0.000000000000000e+00
    1.328004738744117e+02      0.000000000000000e+00
    1.330355872759870e+02      0.000000000000000e+00
    1.332707006775624e+02      0.000000000000000e+00
    1.335058140791377e+02      0.000000000000000e+00
    1.337409274807131e+02      0.000000000000000e+00
    1.339760408822884e+02      0.000000000000000e+00
    1.342111542838638e+02      0.000000000000000e+00
    1.344462676854391e+02      0.000000000000000e+00
    1.346813810870145e+02      0.000000000000000e+00
    1.349164944885898e+02      0.000000000000000e+00
    1.351516078901652e+02      0.000000000000000e+00
    1.353867212917405e+02      0.000000000000000e+00
    1.356218346933159e+02      0.000000000000000e+00
    1.358569480948912e+02      0.000000000000000e+00
    1.360920614964666e+02      0.000000000000000e+00
    1.363271748980419e+02      0.000000000000000e+00
    1.365622882996173e+02      0.000000000000000e+00
    1.367974017011926e+02      0.000000000000000e+00
    1.370325151027680e+02      0.000000000000000e+00
    1.372676285043433e+02      0.000000000000000e+00
    1.375027419059187e+02      0.000000000000000e+00
    1.377378553074940e+02      0.000000000000000e+00
    1.379729687090694e+02      0.000000000000000e+00
    1.382080821106447e+02      0.000000000000000e+00
    1.384431955122201e+02      0.000000000000000e+00
    1.386783089137954e+02      0.000000000000000e+00
    1.389134223153708e+02      0.000000000000000e+00
    1.391485357169461e+02      0.000000000000000e+00
    1.393836491185215e+02      0.000000000000000e+00
    1.396187625200968e+02      0.000000000000000e+00
    1.398538759216722e+02      0.000000000000000e+00
    1.400889893232475e+02      0.000000000000000e+00
    1.403241027248229e+02      0.000000000000000e+00
    1.405592161263982e+02      0.000000000000000e+00
    1.407943295279736e+02      0.000000000000000e+00
    1.410294429295489e+02      0.000000000000000e+00
    1.412645563311243e+02      0.000000000000000e+00
    1.414996697326996e+02      0.000000000000000e+00
    1.417347831342750e+02      0.000000000000000e+00
    1.419698965358503e+02      0.000000000000000e+00
    1.422050099374257e+02      0.000000000000000e+00
    1.424401233390010e+02      0.000000000000000e+00
    1.426752367405764e+02      0.000000000000000e+00
    1.429103501421517e+02      0.000000000000000e+00
    1.431454635437271e+02      0.000000000000000e+00
    1.433805769453024e+02      0.000000000000000e+00
    1.436156903468778e+02      0.000000000000000e+00
    1.438508037484531e+02      0.000000000000000e+00
    1.440859171500285e+02      0.000000000000000e+00
    1.443210305516038e+02      0.000000000000000e+00
    1.445561439531792e+02      0.000000000000000e+00
    1.447912573547545e+02      0.000000000000000e+00
    1.450263707563299e+02      0.000000000000000e+00
    1.452614841579052e+02      0.000000000000000e+00
    1.454965975594806e+02      0.000000000000000e+00
    1.457317109610559e+02      0.000000000000000e+00
    1.459668243626313e+02      0.000000000000000e+00
    1.462019377642066e+02      0.000000000000000e+00
    1.464370511657820e+02      0.000000000000000e+00
    1.466721645673573e+02      0.000000000000000e+00
    1.469072779689327e+02      0.000000000000000e+00
    1.471423913705080e+02      0.000000000000000e+00
    1.473775047720834e+02      0.000000000000000e+00
    1.476126181736587e+02      0.000000000000000e+00
    1.478477315752341e+02      0.000000000000000e+00
    1.480828449768094e+02      0.000000000000000e+00
    1.483179583783848e+02      0.000000000000000e+00
    1.485530717799601e+02      0.000000000000000e+00
    1.487881851815355e+02      0.000000000000000e+00
    1.490232985831108e+02      0.000000000000000e+00
    1.492584119846861e+02      0.000000000000000e+00
    1.494935253862615e+02      0.000000000000000e+00
    1.497286387878369e+02      0.000000000000000e+00
    1.499637521894122e+02      0.000000000000000e+00
    1.501988655909876e+02      0.000000000000000e+00
    1.504339789925629e+02      0.000000000000000e+00
    1.506690923941383e+02      0.000000000000000e+00
    1.509042057957136e+02      0.000000000000000e+00
    1.511393191972890e+02      0.000000000000000e+00
    1.513744325988643e+02      0.000000000000000e+00
    1.516095460004397e+02      0.000000000000000e+00
    1.518446594020150e+02      0.000000000000000e+00
    1.520797728035903e+02      0.000000000000000e+00
    1.523148862051657e+02      0.000000000000000e+00
    1.525499996067411e+02      0.000000000000000e+00
    1.527851130083164e+02      0.000000000000000e+00
    1.530202264098918e+02      0.000000000000000e+00
    1.532553398114671e+02      0.000000000000000e+00
    1.534904532130425e+02      0.000000000000000e+00
    1.537255666146178e+02      0.000000000000000e+00
    1.539606800161932e+02      0.000000000000000e+00
    1.541957934177685e+02      0.000000000000000e+00
    1.544309068193438e+02      0.000000000000000e+00
    1.546660202209192e+02      0.000000000000000e+00
    1.549011336224945e+02      0.000000000000000e+00
    1.551362470240699e+02      0.000000000000000e+00
    1.553713604256453e+02      0.000000000000000e+00
    1.556064738272206e+02      0.000000000000000e+00
    1.558415872287960e+02      0.000000000000000e+00
    1.560767006303713e+02      0.000000000000000e+00
    1.563118140319467e+02      0.000000000000000e+00
    1.565469274335220e+02      0.000000000000000e+00
    1.567820408350973e+02      0.000000000000000e+00
    1.570171542366727e+02      0.000000000000000e+00
    1.572522676382480e+02      0.000000000000000e+00
    1.574873810398234e+02      0.000000000000000e+00
    1.577224944413987e+02      0.000000000000000e+00
    1.579576078429741e+02      0.000000000000000e+00
    1.581927212445495e+02      0.000000000000000e+00
    1.584278346461248e+02      0.000000000000000e+00
    1.586629480477002e+02      0.000000000000000e+00
    1.588980614492755e+02      0.000000000000000e+00
    1.591331748508508e+02      0.000000000000000e+00
    1.593682882524262e+02      0.000000000000000e+00
    1.596034016540015e+02      0.000000000000000e+00
    1.598385150555769e+02      0.000000000000000e+00
    1.600736284571522e+02      0.000000000000000e+00
    1.603087418587276e+02      0.000000000000000e+00
    1.605438552603029e+02      0.000000000000000e+00
    1.607789686618783e+02      0.000000000000000e+00
    1.610140820634537e+02      0.000000000000000e+00
    1.612491954650290e+02      0.000000000000000e+00
    1.614843088666044e+02      0.000000000000000e+00
    1.617194222681797e+02      0.000000000000000e+00
    1.619545356697550e+02      0.000000000000000e+00
    1.621896490713304e+02      0.000000000000000e+00
    1.624247624729057e+02      0.000000000000000e+00
    1.626598758744811e+02      0.000000000000000e+00
    1.628949892760564e+02      0.000000000000000e+00
    1.631301026776318e+02      0.000000000000000e+00
    1.633652160792072e+02      0.000000000000000e+00
    1.636003294807825e+02      0.000000000000000e+00
    1.638354428823579e+02      0.000000000000000e+00
    1.640705562839332e+02      0.000000000000000e+00
    1.643056696855085e+02      0.000000000000000e+00
    1.645407830870839e+02      0.000000000000000e+00
    1.647758964886592e+02      0.000000000000000e+00
    1.650110098902346e+02      0.000000000000000e+00
    1.652461232918099e+02      0.000000000000000e+00
    1.654812366933853e+02      0.000000000000000e+00
    1.657163500949606e+02      0.000000000000000e+00
    1.659514634965360e+02      0.000000000000000e+00
    1.661865768981114e+02      0.000000000000000e+00
    1.664216902996867e+02      0.000000000000000e+00
    1.666568037012620e+02      0.000000000000000e+00
    1.668919171028374e+02      0.000000000000000e+00
    1.671270305044127e+02      0.000000000000000e+00
    1.673621439059881e+02      0.000000000000000e+00
    1.675972573075634e+02      0.000000000000000e+00
    1.678323707091388e+02      0.000000000000000e+00
    1.680674841107141e+02      0.000000000000000e+00
    1.683025975122895e+02      0.000000000000000e+00
    1.685377109138648e+02      0.000000000000000e+00
    1.687728243154402e+02      0.000000000000000e+00
    1.690079377170156e+02      0.000000000000000e+00
    1.692430511185909e+02      0.000000000000000e+00
    1.694781645201662e+02      0.000000000000000e+00
    1.697132779217416e+02      0.000000000000000e+00
    1.699483913233169e+02      0.000000000000000e+00
    1.701835047248923e+02      0.000000000000000e+00
    1.704186181264676e+02      0.000000000000000e+00
    1.706537315280430e+02      0.000000000000000e+00
    1.708888449296184e+02      0.000000000000000e+00
    1.711239583311937e+02      0.000000000000000e+00
    1.713590717327691e+02      0.000000000000000e+00
    1.715941851343444e+02      0.000000000000000e+00
    1.718292985359197e+02      0.000000000000000e+00
    1.720644119374951e+02      0.000000000000000e+00
    1.722995253390704e+02      0.000000000000000e+00
    1.725346387406458e+02      0.000000000000000e+00
    1.727697521422211e+02      0.000000000000000e+00
    1.730048655437965e+02      0.000000000000000e+00
    1.732399789453718e+02      0.000000000000000e+00
    1.734750923469472e+02      0.000000000000000e+00
    1.737102057485226e+02      0.000000000000000e+00
    1.739453191500979e+02      0.000000000000000e+00
    1.741804325516732e+02      0.000000000000000e+00
    1.744155459532486e+02      0.000000000000000e+00
    1.746506593548239e+02      0.000000000000000e+00
    1.748857727563993e+02      0.000000000000000e+00
    1.751208861579746e+02      0.000000000000000e+00
    1.753559995595500e+02      0.000000000000000e+00
    1.755911129611253e+02      0.000000000000000e+00
    1.758262263627007e+02      0.000000000000000e+00
    1.760613397642760e+02      0.000000000000000e+00
    1.762964531658514e+02      0.000000000000000e+00
    1.765315665674268e+02      0.000000000000000e+00
    1.767666799690021e+02      0.000000000000000e+00
    1.770017933705774e+02      0.000000000000000e+00
    1.772369067721528e+02      0.000000000000000e+00
    1.774720201737281e+02      0.000000000000000e+00
    1.777071335753035e+02      0.000000000000000e+00
    1.779422469768788e+02      0.000000000000000e+00
    1.781773603784542e+02      0.000000000000000e+00
    1.784124737800295e+02      0.000000000000000e+00
    1.786475871816049e+02      0.000000000000000e+00
    1.788827005831802e+02      0.000000000000000e+00
    1.791178139847556e+02      0.000000000000000e+00
    1.793529273863309e+02      0.000000000000000e+00
    1.795880407879063e+02      0.000000000000000e+00
    1.798231541894816e+02      0.000000000000000e+00
    1.800582675910570e+02      0.000000000000000e+00
    1.802933809926323e+02      0.000000000000000e+00
    1.805284943942077e+02      0.000000000000000e+00
    1.807636077957830e+02      0.000000000000000e+00
    1.809987211973584e+02      0.000000000000000e+00
    1.812338345989337e+02      0.000000000000000e+00
    1.814689480005091e+02      0.000000000000000e+00
    1.817040614020844e+02      0.000000000000000e+00
    1.819391748036598e+02      0.000000000000000e+00
    1.821742882052351e+02      0.000000000000000e+00
    1.824094016068105e+02      0.000000000000000e+00
    1.826445150083858e+02      0.000000000000000e+00
    1.828796284099612e+02      0.000000000000000e+00
    1.831147418115365e+02      0.000000000000000e+00
    1.833498552131119e+02      0.000000000000000e+00
    1.835849686146872e+02      0.000000000000000e+00
    1.838200820162626e+02      0.000000000000000e+00
    1.840551954178379e+02      0.000000000000000e+00
    1.842903088194133e+02      0.000000000000000e+00
    1.845254222209886e+02      0.000000000000000e+00
    1.847605356225640e+02      0.000000000000000e+00
    1.849956490241393e+02      0.000000000000000e+00
    1.852307624257147e+02      0.000000000000000e+00
    1.854658758272900e+02      0.000000000000000e+00
    1.857009892288654e+02      0.000000000000000e+00
    1.859361026304407e+02      0.000000000000000e+00
    1.861712160320161e+02      0.000000000000000e+00
    1.864063294335914e+02      0.000000000000000e+00
    1.866414428351668e+02      0.000000000000000e+00
    1.868765562367421e+02      0.000000000000000e+00
    1.871116696383175e+02      0.000000000000000e+00
    1.873467830398928e+02      0.000000000000000e+00
    1.875818964414682e+02      0.000000000000000e+00
    1.878170098430435e+02      0.000000000000000e+00
    1.880521232446189e+02      0.000000000000000e+00
    1.882872366461942e+02      0.000000000000000e+00
    1.885223500477696e+02      0.000000000000000e+00
    1.887574634493449e+02      0.000000000000000e+00
    1.889925768509203e+02      0.000000000000000e+00
    1.892276902524956e+02      0.000000000000000e+00
    1.894628036540710e+02      0.000000000000000e+00
    1.896979170556463e+02      0.000000000000000e+00
    1.899330304572217e+02      0.000000000000000e+00
    1.901681438587970e+02      0.000000000000000e+00
    1.904032572603724e+02      0.000000000000000e+00
    1.906383706619477e+02      0.000000000000000e+00
    1.908734840635231e+02      0.000000000000000e+00
    1.911085974650984e+02      0.000000000000000e+00
    1.913437108666738e+02      0.000000000000000e+00
    1.915788242682491e+02      0.000000000000000e+00
    1.918139376698245e+02      0.000000000000000e+00
    1.920490510713998e+02      0.000000000000000e+00
    1.922841644729752e+02      0.000000000000000e+00
    1.925192778745505e+02      0.000000000000000e+00
    1.927543912761259e+02      0.000000000000000e+00
    1.929895046777012e+02      0.000000000000000e+00
    1.932246180792766e+02      0.000000000000000e+00
    1.934597314808519e+02      0.000000000000000e+00
    1.936948448824273e+02      0.000000000000000e+00
    1.939299582840026e+02      0.000000000000000e+00
    1.941650716855780e+02      0.000000000000000e+00
    1.944001850871533e+02      0.000000000000000e+00
    1.946352984887287e+02      0.000000000000000e+00
    1.948704118903040e+02      0.000000000000000e+00
    1.951055252918794e+02      0.000000000000000e+00
    1.953406386934547e+02      0.000000000000000e+00
    1.955757520950301e+02      0.000000000000000e+00
    1.958108654966054e+02      0.000000000000000e+00
    1.960459788981808e+02      0.000000000000000e+00
    1.962810922997561e+02      0.000000000000000e+00
    1.965162057013315e+02      0.000000000000000e+00
    1.967513191029068e+02      0.000000000000000e+00
    1.969864325044822e+02      0.000000000000000e+00
    1.972215459060575e+02      0.000000000000000e+00
    1.974566593076329e+02      0.000000000000000e+00
    1.976917727092082e+02      0.000000000000000e+00
    1.979268861107836e+02      0.000000000000000e+00
    1.981619995123589e+02      0.000000000000000e+00
    1.983971129139343e+02      0.000000000000000e+00
    1.986322263155096e+02      0.000000000000000e+00
    1.988673397170850e+02      0.000000000000000e+00
    1.991024531186603e+02      0.000000000000000e+00
    1.993375665202357e+02      0.000000000000000e+00
    1.995726799218110e+02      0.000000000000000e+00
    1.998077933233864e+02      0.000000000000000e+00
    2.000429067249617e+02      0.000000000000000e+00
    2.002780201265371e+02      0.000000000000000e+00
    2.005131335281124e+02      0.000000000000000e+00
    2.007482469296878e+02      0.000000000000000e+00
    2.009833603312631e+02      0.000000000000000e+00
    2.012184737328385e+02      0.000000000000000e+00
    2.014535871344138e+02      0.000000000000000e+00
    2.016887005359892e+02      0.000000000000000e+00
    2.019238139375645e+02      1.441785319663384e-01
    2.021589273391399e+02      0.000000000000000e+00
    2.023940407407152e+02      0.000000000000000e+00
    2.026291541422906e+02      0.000000000000000e+00
    2.028642675438659e+02      0.000000000000000e+00
    2.030993809454413e+02      0.000000000000000e+00
    2.033344943470166e+02      0.000000000000000e+00
    2.035696077485919e+02      0.000000000000000e+00
    2.038047211501673e+02      0.000000000000000e+00
    2.040398345517427e+02      0.000000000000000e+00
    2.042749479533180e+02      0.000000000000000e+00
    2.045100613548934e+02      0.000000000000000e+00
    2.047451747564687e+02      0.000000000000000e+00
    2.049802881580441e+02      0.000000000000000e+00
    2.052154015596194e+02      0.000000000000000e+00
    2.054505149611948e+02      0.000000000000000e+00
    2.056856283627701e+02      0.000000000000000e+00
    2.059207417643455e+02      0.000000000000000e+00
    2.061558551659208e+02      0.000000000000000e+00
    2.063909685674961e+02      0.000000000000000e+00
    2.066260819690715e+02      0.000000000000000e+00
    2.068611953706469e+02      0.000000000000000e+00
    2.070963087722222e+02      0.000000000000000e+00
    2.073314221737976e+02      0.000000000000000e+00
    2.075665355753729e+02      0.000000000000000e+00
    2.078016489769483e+02      0.000000000000000e+00
    2.080367623785236e+02      0.000000000000000e+00
    2.082718757800990e+02      0.000000000000000e+00
    2.085069891816743e+02      0.000000000000000e+00
    2.087421025832496e+02      0.000000000000000e+00
    2.089772159848250e+02      0.000000000000000e+00
    2.092123293864004e+02      0.000000000000000e+00
    2.094474427879757e+02      0.000000000000000e+00
    2.096825561895511e+02      0.000000000000000e+00
    2.099176695911264e+02      0.000000000000000e+00
    2.101527829927018e+02      0.000000000000000e+00
    2.103878963942771e+02      0.000000000000000e+00
    2.106230097958525e+02      0.000000000000000e+00
    2.108581231974278e+02      0.000000000000000e+00
    2.110932365990031e+02      0.000000000000000e+00
    2.113283500005785e+02      0.000000000000000e+00
    2.115634634021538e+02      0.000000000000000e+00
    2.117985768037292e+02      0.000000000000000e+00
    2.120336902053046e+02      0.000000000000000e+00
    2.122688036068799e+02      0.000000000000000e+00
    2.125039170084553e+02      0.000000000000000e+00
    2.127390304100306e+02      0.000000000000000e+00
    2.129741438116060e+02      0.000000000000000e+00
    2.132092572131813e+02      0.000000000000000e+00
    2.134443706147567e+02      0.000000000000000e+00
    2.136794840163320e+02      0.000000000000000e+00
    2.139145974179073e+02      0.000000000000000e+00
    2.141497108194827e+02      0.000000000000000e+00
    2.143848242210580e+02      0.000000000000000e+00
    2.146199376226334e+02      0.000000000000000e+00
    2.148550510242088e+02      0.000000000000000e+00
    2.150901644257841e+02      0.000000000000000e+00
    2.153252778273595e+02      0.000000000000000e+00
    2.155603912289348e+02      0.000000000000000e+00
    2.157955046305102e+02      0.000000000000000e+00
    2.160306180320855e+02      0.000000000000000e+00
    2.162657314336608e+02      0.000000000000000e+00
    2.165008448352362e+02      0.000000000000000e+00
    2.167359582368115e+02      0.000000000000000e+00
    2.169710716383869e+02      0.000000000000000e+00
    2.172061850399622e+02      0.000000000000000e+00
    2.174412984415376e+02      0.000000000000000e+00
    2.176764118431130e+02      0.000000000000000e+00
    2.179115252446883e+02      0.000000000000000e+00
    2.181466386462637e+02      0.000000000000000e+00
    2.183817520478390e+02      0.000000000000000e+00
    2.186168654494143e+02      0.000000000000000e+00
    2.188519788509897e+02      0.000000000000000e+00
    2.190870922525650e+02      0.000000000000000e+00
    2.193222056541404e+02      0.000000000000000e+00
    2.195573190557157e+02      0.000000000000000e+00
    2.197924324572911e+02      0.000000000000000e+00
    2.200275458588664e+02      0.000000000000000e+00
    2.202626592604418e+02      0.000000000000000e+00
    2.204977726620172e+02      0.000000000000000e+00
    2.207328860635925e+02      0.000000000000000e+00
    2.209679994651678e+02      0.000000000000000e+00
    2.212031128667432e+02      0.000000000000000e+00
    2.214382262683185e+02      0.000000000000000e+00
    2.216733396698939e+02      0.000000000000000e+00
    2.219084530714692e+02      0.000000000000000e+00
    2.221435664730446e+02      0.000000000000000e+00
    2.223786798746199e+02      0.000000000000000e+00
    2.226137932761953e+02      0.000000000000000e+00
    2.228489066777707e+02      0.000000000000000e+00
    2.230840200793460e+02      0.000000000000000e+00
    2.233191334809214e+02      0.000000000000000e+00
    2.235542468824967e+02      0.000000000000000e+00
    2.237893602840720e+02      0.000000000000000e+00
    2.240244736856474e+02      0.000000000000000e+00
    2.242595870872227e+02      0.000000000000000e+00
    2.244947004887981e+02      0.000000000000000e+00
    2.247298138903734e+02      0.000000000000000e+00
    2.249649272919488e+02      0.000000000000000e+00
    2.252000406935241e+02      0.000000000000000e+00
    2.254351540950995e+02      0.000000000000000e+00
    2.256702674966749e+02      0.000000000000000e+00
    2.259053808982502e+02      0.000000000000000e+00
    2.261404942998255e+02      0.000000000000000e+00
    2.263756077014009e+02      0.000000000000000e+00
    2.266107211029762e+02      0.000000000000000e+00
    2.268458345045516e+02      0.000000000000000e+00
    2.270809479061269e+02      0.000000000000000e+00
    2.273160613077023e+02      0.000000000000000e+00
    2.275511747092776e+02      0.000000000000000e+00
    2.277862881108530e+02      0.000000000000000e+00
    2.280214015124283e+02      0.000000000000000e+00
    2.282565149140037e+02      0.000000000000000e+00
    2.284916283155790e+02      0.000000000000000e+00
    2.287267417171544e+02      0.000000000000000e+00
    2.289618551187297e+02      0.000000000000000e+00
    2.291969685203051e+02      0.000000000000000e+00
    2.294320819218804e+02      0.000000000000000e+00
    2.296671953234558e+02      0.000000000000000e+00
    2.299023087250311e+02      0.000000000000000e+00
    2.301374221266065e+02      0.000000000000000e+00
    2.303725355281818e+02      0.000000000000000e+00
    2.306076489297572e+02      0.000000000000000e+00
    2.308427623313325e+02      0.000000000000000e+00
    2.310778757329079e+02      0.000000000000000e+00
    2.313129891344832e+02      0.000000000000000e+00
    2.315481025360586e+02      0.000000000000000e+00
    2.317832159376339e+02      0.000000000000000e+00
    2.320183293392093e+02      0.000000000000000e+00
    2.322534427407846e+02      0.000000000000000e+00
    2.324885561423600e+02      0.000000000000000e+00
    2.327236695439353e+02      0.000000000000000e+00
    2.329587829455107e+02      0.000000000000000e+00
    2.331938963470860e+02      0.000000000000000e+00
    2.334290097486614e+02      0.000000000000000e+00
    2.336641231502367e+02      0.000000000000000e+00
    2.338992365518121e+02      0.000000000000000e+00
    2.341343499533874e+02      0.000000000000000e+00
    2.343694633549628e+02      0.000000000000000e+00
    2.346045767565381e+02      0.000000000000000e+00
    2.348396901581135e+02      0.000000000000000e+00
    2.350748035596888e+02      0.000000000000000e+00
    2.353099169612642e+02      0.000000000000000e+00
    2.355450303628395e+02      0.000000000000000e+00
    2.357801437644149e+02      0.000000000000000e+00
    2.360152571659902e+02      0.000000000000000e+00
    2.362503705675656e+02      0.000000000000000e+00
    2.364854839691409e+02      0.000000000000000e+00
    2.367205973707163e+02      0.000000000000000e+00
    2.369557107722916e+02      0.000000000000000e+00
    2.371908241738670e+02      0.000000000000000e+00
    2.374259375754423e+02      0.000000000000000e+00
    2.376610509770177e+02      0.000000000000000e+00
    2.378961643785930e+02      0.000000000000000e+00
    2.381312777801684e+02      0.000000000000000e+00
    2.383663911817437e+02      0.000000000000000e+00
    2.386015045833191e+02      0.000000000000000e+00
    2.388366179848944e+02      0.000000000000000e+00
    2.390717313864698e+02      0.000000000000000e+00
    2.393068447880451e+02      0.000000000000000e+00
    2.395419581896205e+02      0.000000000000000e+00
    2.397770715911958e+02      0.000000000000000e+00
    2.400121849927712e+02      0.000000000000000e+00
    2.402472983943465e+02      0.000000000000000e+00
    2.404824117959219e+02      0.000000000000000e+00
    2.407175251974972e+02      0.000000000000000e+00
    2.409526385990726e+02      0.000000000000000e+00
    2.411877520006479e+02      0.000000000000000e+00
    2.414228654022233e+02      0.000000000000000e+00
    2.416579788037986e+02      0.000000000000000e+00
    2.418930922053740e+02      0.000000000000000e+00
    2.421282056069493e+02      0.000000000000000e+00
    2.423633190085247e+02      0.000000000000000e+00
    2.425984324101000e+02      0.000000000000000e+00
    2.428335458116754e+02      0.000000000000000e+00
    2.430686592132507e+02      0.000000000000000e+00
    2.433037726148261e+02      0.000000000000000e+00
    2.435388860164014e+02      0.000000000000000e+00
    2.437739994179768e+02      0.000000000000000e+00
    2.440091128195521e+02      0.000000000000000e+00
    2.442442262211275e+02      0.000000000000000e+00
    2.444793396227028e+02      0.000000000000000e+00
    2.447144530242782e+02      0.000000000000000e+00
    2.449495664258535e+02      0.000000000000000e+00
    2.451846798274289e+02      0.000000000000000e+00
    2.454197932290042e+02      0.000000000000000e+00
    2.456549066305796e+02      0.000000000000000e+00
    2.458900200321549e+02      0.000000000000000e+00
    2.461251334337303e+02      0.000000000000000e+00
    2.463602468353056e+02      0.000000000000000e+00
    2.465953602368810e+02      0.000000000000000e+00
    2.468304736384563e+02      0.000000000000000e+00
    2.470655870400317e+02      0.000000000000000e+00
    2.473007004416070e+02      0.000000000000000e+00
    2.475358138431824e+02      0.000000000000000e+00
    2.477709272447577e+02      0.000000000000000e+00
    2.480060406463331e+02      0.000000000000000e+00
    2.482411540479084e+02      0.000000000000000e+00
    2.484762674494838e+02      0.000000000000000e+00
    2.487113808510591e+02      0.000000000000000e+00
    2.489464942526345e+02      0.000000000000000e+00
    2.491816076542098e+02      0.000000000000000e+00
    2.494167210557852e+02      0.000000000000000e+00
    2.496518344573605e+02      0.000000000000000e+00
    2.498869478589359e+02      0.000000000000000e+00
    2.501220612605112e+02      0.000000000000000e+00
    2.503571746620866e+02      0.000000000000000e+00
    2.505922880636619e+02      0.000000000000000e+00
    2.508274014652373e+02      0.000000000000000e+00
    2.510625148668126e+02      0.000000000000000e+00
    2.512976282683880e+02      0.000000000000000e+00
    2.515327416699633e+02      0.000000000000000e+00
    2.517678550715387e+02      0.000000000000000e+00
    2.520029684731140e+02      0.000000000000000e+00
    2.522380818746894e+02      0.000000000000000e+00
    2.524731952762647e+02      0.000000000000000e+00
    2.527083086778401e+02      0.000000000000000e+00
    2.529434220794154e+02      0.000000000000000e+00
    2.531785354809908e+02      0.000000000000000e+00
    2.534136488825661e+02      0.000000000000000e+00
    2.536487622841415e+02      0.000000000000000e+00
    2.538838756857168e+02      0.000000000000000e+00
    2.541189890872922e+02      0.000000000000000e+00
    2.543541024888675e+02      0.000000000000000e+00
    2.545892158904429e+02      0.000000000000000e+00
    2.548243292920182e+02      0.000000000000000e+00
    2.550594426935936e+02      0.000000000000000e+00
    2.552945560951689e+02      0.000000000000000e+00
    2.555296694967442e+02      0.000000000000000e+00
    2.557647828983196e+02      0.000000000000000e+00
    2.559998962998950e+02      0.000000000000000e+00
    2.562350097014703e+02      0.000000000000000e+00
    2.564701231030456e+02      0.000000000000000e+00
    2.567052365046210e+02      0.000000000000000e+00
    2.569403499061963e+02      0.000000000000000e+00
    2.571754633077717e+02      0.000000000000000e+00
    2.574105767093470e+02      0.000000000000000e+00
    2.576456901109224e+02      0.000000000000000e+00
    2.578808035124977e+02      0.000000000000000e+00
    2.581159169140731e+02      0.000000000000000e+00
    2.583510303156484e+02      0.000000000000000e+00
    2.585861437172238e+02      0.000000000000000e+00
    2.588212571187992e+02      0.000000000000000e+00
    2.590563705203745e+02      0.000000000000000e+00
    2.592914839219499e+02      0.000000000000000e+00
    2.595265973235252e+02      0.000000000000000e+00
    2.597617107251006e+02      0.000000000000000e+00
    2.599968241266759e+02      0.000000000000000e+00
    2.602319375282513e+02      0.000000000000000e+00
    2.604670509298266e+02      0.000000000000000e+00
    2.607021643314019e+02      0.000000000000000e+00
    2.609372777329773e+02      0.000000000000000e+00
    2.611723911345526e+02      0.000000000000000e+00
    2.614075045361280e+02      0.000000000000000e+00
    2.616426179377033e+02      0.000000000000000e+00
    2.618777313392787e+02      0.000000000000000e+00
    2.621128447408540e+02      0.000000000000000e+00
    2.623479581424294e+02      0.000000000000000e+00
    2.625830715440047e+02      0.000000000000000e+00
    2.628181849455801e+02      0.000000000000000e+00
    2.630532983471554e+02      0.000000000000000e+00
    2.632884117487308e+02      0.000000000000000e+00
    2.635235251503061e+02      0.000000000000000e+00
    2.637586385518815e+02      0.000000000000000e+00
    2.639937519534569e+02      0.000000000000000e+00
    2.642288653550322e+02      0.000000000000000e+00
    2.644639787566076e+02      0.000000000000000e+00
    2.646990921581829e+02      0.000000000000000e+00
    2.649342055597583e+02      0.000000000000000e+00
    2.651693189613336e+02      0.000000000000000e+00
    2.654044323629089e+02      0.000000000000000e+00
    2.656395457644843e+02      0.000000000000000e+00
    2.658746591660596e+02      0.000000000000000e+00
    2.661097725676350e+02      0.000000000000000e+00
    2.663448859692103e+02      0.000000000000000e+00
    2.665799993707857e+02      0.000000000000000e+00
    2.668151127723610e+02      0.000000000000000e+00
    2.670502261739364e+02      0.000000000000000e+00
    2.672853395755117e+02      0.000000000000000e+00
    2.675204529770871e+02      0.000000000000000e+00
    2.677555663786624e+02      0.000000000000000e+00
    2.679906797802378e+02      0.000000000000000e+00
    2.682257931818131e+02      0.000000000000000e+00
    2.684609065833885e+02      0.000000000000000e+00
    2.686960199849638e+02      0.000000000000000e+00
    2.689311333865392e+02      0.000000000000000e+00
    2.691662467881145e+02      0.000000000000000e+00
    2.694013601896899e+02      0.000000000000000e+00
    2.696364735912653e+02      0.000000000000000e+00
    2.698715869928406e+02      0.000000000000000e+00
    2.701067003944160e+02      0.000000000000000e+00
    2.703418137959913e+02      0.000000000000000e+00
    2.705769271975666e+02      0.000000000000000e+00
    2.708120405991420e+02      0.000000000000000e+00
    2.710471540007173e+02      0.000000000000000e+00
    2.712822674022927e+02      0.000000000000000e+00
    2.715173808038680e+02      0.000000000000000e+00
    2.717524942054434e+02      0.000000000000000e+00
    2.719876076070187e+02      0.000000000000000e+00
    2.722227210085941e+02      0.000000000000000e+00
    2.724578344101694e+02      0.000000000000000e+00
    2.726929478117448e+02      0.000000000000000e+00
    2.729280612133201e+02      0.000000000000000e+00
    2.731631746148955e+02      0.000000000000000e+00
    2.733982880164708e+02      0.000000000000000e+00
    2.736334014180462e+02      0.000000000000000e+00
    2.738685148196215e+02      0.000000000000000e+00
    2.741036282211969e+02      0.000000000000000e+00
    2.743387416227722e+02      0.000000000000000e+00
    2.745738550243476e+02      0.000000000000000e+00
    2.748089684259230e+02      0.000000000000000e+00
    2.750440818274983e+02      0.000000000000000e+00
    2.752791952290737e+02      0.000000000000000e+00
    2.755143086306490e+02      0.000000000000000e+00
    2.757494220322243e+02      7.208926598316918e-02
