 238850.5 4.973210697232638e-06
 238851.0 8.92005908333639e-06
 238851.5 3.922211221682921e-07
 238852.0 1.661072283656853e-06
 238852.5 6.168326408525438e-08
 238853.0 3.650788075232901e-06
 238853.5 4.009489435466164e-08
 238854.0 2.549380295879575e-07
 238854.5 5.443083128611241e-06
 238855.0 2.090994374915077e-06
 238855.5 6.107601703228731e-06
 238856.0 2.467340876170939e-06
 238856.5 2.042079194489393e-06
 238857.0 1.107206388072324e-05
 238857.5 5.530498645569953e-06
 238858.0 5.496962463094737e-07
 238858.5 2.757761835253588e-07
 238859.0 8.952731094932397e-07
 238859.5 8.451970849175966e-08
 238860.0 1.97965063991086e-07
 238860.5 1.440754064347508e-06
 238861.0 3.001004048285257e-06
 238861.5 1.47237769968714e-06
 238862.0 2.215931666844936e-06
 238862.5 2.62652390630893e-07
 238863.0 1.606087132430495e-06
 238863.5 7.138035595414814e-07
 238864.0 3.417485646377754e-07
 238864.5 1.329373166646534e-06
 238865.0 1.040503494136772e-06
 238865.5 7.203422391098432e-08
 238866.0 5.057856416542293e-07
 238866.5 7.867194161724149e-08
 238867.0 5.247500239458755e-06
 238867.5 6.552316695537858e-09
 238868.0 9.591192054467433e-07
 238868.5 2.2298952691326e-06
 238869.0 2.009284284576435e-06
 238869.5 4.087113573660398e-09
 238870.0 3.892795892841714e-06
 238870.5 8.564281629505592e-07
 238871.0 6.154664517399013e-06
 238871.5 3.84499796718704e-07
 238872.0 7.450579967155104e-07
 238872.5 2.215986758432973e-10
 238873.0 2.124619407651418e-06
 238873.5 1.630323872493497e-06
 238874.0 6.102092469393158e-06
 238874.5 1.028106674658813e-07
 238875.0 5.963252310985331e-08
 238875.5 2.6690502903912e-06
 238876.0 1.604489336902111e-09
 238876.5 3.168732532180486e-08
 238877.0 5.92664470154897e-06
 238877.5 1.965463068290673e-07
 238878.0 2.428195574947154e-06
 238878.5 9.963510496296665e-08
 238879.0 3.834856345948907e-07
 238879.5 3.071570766417166e-07
 238880.0 1.297466927806568e-08
 238880.5 3.761090632994918e-06
 238881.0 3.033123150385654e-09
 238881.5 1.905029929226875e-06
 238882.0 1.1474275303355e-07
 238882.5 1.198620254464262e-06
 238883.0 3.111884035650618e-06
 238883.5 1.175184676353505e-07
 238884.0 9.519782705608044e-06
 238884.5 1.072433389405284e-05
 238885.0 7.033933980715543e-07
 238885.5 2.978872531087824e-06
 238886.0 1.039168434658944e-05
 238886.5 2.178818673084641e-06
 238887.0 2.360460647115714e-06
 238887.5 1.042124536106137e-06
 238888.0 5.965971457075894e-06
 238888.5 2.795843227372173e-08
 238889.0 9.880711156941192e-07
 238889.5 4.763270360537894e-08
 238890.0 1.438172208734519e-06
 238890.5 6.561277760407479e-09
 238891.0 2.463639431032702e-06
 238891.5 2.251522908201195e-08
 238892.0 1.669562563351717e-06
 238892.5 2.463400349114185e-06
 238893.0 3.994415782794575e-06
 238893.5 3.845834536840512e-08
 238894.0 4.795928571379172e-06
 238894.5 2.14969696394267e-06
 238895.0 1.958636249388734e-07
 238895.5 8.044367402180272e-07
 238896.0 4.138572854272773e-06
 238896.5 3.401482578143567e-06
 238897.0 1.302603188621286e-06
 238897.5 3.042513461983376e-06
 238898.0 5.050830002944368e-06
 238898.5 4.588386744131196e-06
 238899.0 1.092755825745183e-07
 238899.5 1.760453100206915e-07
 238900.0 2.603846240302672e-06
 238900.5 2.240365945624287e-06
 238901.0 1.354115176327931e-09
 238901.5 1.816044751440503e-06
 238902.0 7.616839181862562e-07
 238902.5 2.819009594630879e-07
 238903.0 8.035462273795707e-07
 238903.5 1.246164213767794e-06
 238904.0 1.637894772823424e-06
 238904.5 7.746584303236647e-09
 238905.0 2.448696012968012e-06
 238905.5 1.219824828684264e-06
 238906.0 5.521440900178107e-06
 238906.5 2.040285703455058e-06
 238907.0 3.753963445459358e-06
 238907.5 8.89238726436578e-07
 238908.0 5.199643482536357e-07
 238908.5 9.884163112633608e-08
 238909.0 1.795696783256002e-06
 238909.5 7.37198759706091e-06
 238910.0 1.103185747935973e-05
 238910.5 9.3787903744475e-06
 238911.0 4.353337104547375e-05
 238911.5 4.262762727354219e-05
 238912.0 8.15166367083412e-05
 238912.5 8.640118548934029e-05
 238913.0 6.213172807460828e-05
 238913.5 6.726130981450923e-05
 238914.0 3.701527613500511e-05
 238914.5 1.251990176587376e-05
 238915.0 7.690256843181389e-07
 238915.5 2.546263733136837e-06
 238916.0 4.973267330962908e-06
 238916.5 7.582458112420093e-06
 238917.0 8.59068133953955e-06
 238917.5 5.155818158625806e-06
 238918.0 1.005069569510746e-05
 238918.5 5.723921753174305e-09
 238919.0 1.607595626579622e-06
 238919.5 6.005908111988241e-06
 238920.0 7.616574021654466e-07
 238920.5 1.094928365797175e-05
 238921.0 5.248778317422198e-07
 238921.5 9.843255037645546e-06
 238922.0 5.629839477477192e-07
 238922.5 1.632861321396984e-06
 238923.0 1.01265117486041e-05
 238923.5 6.805735379971881e-07
 238924.0 1.284873788048426e-06
 238924.5 3.047145416068062e-06
 238925.0 2.105831730459877e-06
 238925.5 7.022054225592492e-07
 238926.0 2.184878556509057e-06
 238926.5 5.185573119575493e-07
 238927.0 4.784256632571886e-08
 238927.5 9.070460021281203e-07
 238928.0 8.082086534893564e-06
 238928.5 9.275009955597729e-07
 238929.0 2.296381528638203e-06
 238929.5 6.718061006265071e-06
 238930.0 2.309740773670814e-06
 238930.5 6.491112362869321e-09
 238931.0 5.217195270338132e-06
 238931.5 7.32964854942158e-06
 238932.0 4.491691700754091e-06
 238932.5 4.248859948324354e-08
 238933.0 2.99785294849488e-06
 238933.5 5.797122051755557e-07
 238934.0 1.094700330883438e-07
 238934.5 9.549924848639566e-08
 238935.0 1.732821926676103e-06
 238935.5 5.434119186143258e-06
 238936.0 4.030323526912093e-07
 238936.5 1.400056251893858e-05
 238937.0 5.192068849522185e-06
 238937.5 2.559756481364355e-08
 238938.0 7.275819315698334e-06
 238938.5 2.052968675360372e-07
 238939.0 1.42363468043983e-08
 238939.5 2.901950121082177e-08
 238940.0 3.869548139342202e-06
 238940.5 2.295185059271941e-06
 238941.0 4.349423829603641e-06
 238941.5 5.452923829696706e-06
 238942.0 5.759431284502771e-06
 238942.5 2.366989994548864e-05
 238943.0 8.291305321963818e-09
 238943.5 6.714149655431829e-07
 238944.0 2.724940666847768e-06
 238944.5 3.256046581446666e-06
 238945.0 1.198740733498743e-06
 238945.5 6.503055377791108e-06
 238946.0 1.098559562130841e-06
 238946.5 3.104622620822918e-06
 238947.0 1.62919614068908e-06
 238947.5 2.707474865505986e-06
 238948.0 1.338358911781729e-07
 238948.5 3.469327929748548e-07
 238949.0 2.227352479424099e-05
 238949.5 1.119579737361153e-06
 238950.0 5.80276917223473e-07
 238950.5 4.355522436858813e-07
 238951.0 6.766996203749349e-07
 238951.5 4.932807918958604e-07
 238952.0 1.352129604401473e-06
 238952.5 3.369730433189587e-06
 238953.0 2.317516265111129e-07
 238953.5 6.767524733556928e-06
 238954.0 2.428586281609484e-07
 238954.5 1.284257056876105e-07
 238955.0 1.309078363834045e-06
 238955.5 1.094168179937529e-06
 238956.0 1.993300426049348e-06
 238956.5 1.832168249601038e-06
 238957.0 1.37757082836507e-07
 238957.5 2.824911661608668e-07
 238958.0 1.21471844700494e-05
 238958.5 2.631019009774663e-09
 238959.0 2.595227666942593e-06
 238959.5 8.423547039358868e-06
 238960.0 1.039034378638889e-05
 238960.5 2.818383500045231e-07
 238961.0 7.464474135945318e-09
 238961.5 2.606172327177174e-06
 238962.0 5.109231695940791e-06
 238962.5 3.632576806145068e-06
 238963.0 7.70395019188884e-06
 238963.5 7.890997388912654e-07
 238964.0 4.141063930869388e-06
 238964.5 4.649922312149165e-10
 238965.0 2.049100436836915e-06
 238965.5 4.203344627768666e-07
 238966.0 3.811493040643279e-06
 238966.5 1.75641697208837e-06
 238967.0 3.78878946473816e-06
 238967.5 1.011242707588151e-05
 238968.0 2.549129036116534e-05
 238968.5 6.909426644340344e-06
 238969.0 3.910970847970636e-05
 238969.5 0.0001049306704519317
 238970.0 0.0001209306947019388
 238970.5 0.0003238718670320048
 238971.0 0.0006033699461289306
 238971.5 0.0008344129012851362
 238972.0 0.0009732781751037962
 238972.5 0.0008424408195976099
 238973.0 0.0006386973224713039
 238973.5 0.0002621317986462043
 238974.0 0.0001040218125909031
 238974.5 1.899255266509318e-05
 238975.0 3.057845728554097e-05
 238975.5 8.565367260586607e-06
 238976.0 1.524055101990077e-05
 238976.5 1.447901086462601e-06
 238977.0 1.324255186415879e-05
 238977.5 3.859987479486595e-07
 238978.0 1.515438516480623e-09
 238978.5 7.443444288466726e-07
 238979.0 1.453849251200696e-07
 238979.5 1.640196823675542e-06
 238980.0 3.715403402567229e-10
 238980.5 4.817245597864934e-07
 238981.0 4.660752252648313e-06
 238981.5 2.505327003522065e-10
 238982.0 3.351007743347622e-06
 238982.5 3.242630637785054e-06
 238983.0 4.344066041841824e-06
 238983.5 2.179422120965773e-06
 238984.0 6.211742708959888e-08
 238984.5 1.025807389418466e-05
 238985.0 3.594924270369972e-07
 238985.5 7.052579267846786e-07
 238986.0 5.21235514896478e-06
 238986.5 9.865413045599607e-07
 238987.0 3.792631492423695e-06
 238987.5 1.208430315388205e-07
 238988.0 2.650597279679961e-07
 238988.5 1.262621192296143e-08
 238989.0 2.281883648979655e-07
 238989.5 4.155100481066553e-10
 238990.0 2.723601341803104e-10
 238990.5 1.74319265521772e-06
 238991.0 4.42824652239516e-08
 238991.5 3.712468237973069e-11
 238992.0 6.387204877465966e-06
 238992.5 4.528517050417717e-06
 238993.0 1.460213102463458e-06
 238993.5 5.965917129379455e-08
 238994.0 2.858349955701942e-06
 238994.5 6.405705376171539e-08
 238995.0 5.01857535112155e-07
 238995.5 4.562740313805097e-07
 238996.0 3.354043299656064e-07
 238996.5 6.089533051589427e-07
 238997.0 2.323225935396138e-06
 238997.5 1.049232312669214e-07
 238998.0 2.538835599523163e-07
 238998.5 2.9782787092005e-06
 238999.0 1.02278150799508e-06
 238999.5 1.499519446214972e-05
 239000.0 4.873467853267899e-07
 239000.5 9.951064622353711e-08
 239001.0 1.130741473869043e-05
 239001.5 5.051852192518278e-06
 239002.0 5.547409244150184e-07
 239002.5 6.041523982329655e-06
 239003.0 8.105426946225436e-07
 239003.5 5.041252441123841e-07
 239004.0 7.556297879762488e-08
 239004.5 1.148147359718938e-06
 239005.0 6.06738865083072e-07
 239005.5 8.247913284069367e-07
 239006.0 2.941476729822283e-07
 239006.5 3.063287585097674e-06
 239007.0 7.689344382544209e-06
 239007.5 2.014075872427794e-07
 239008.0 7.577025342868329e-07
 239008.5 2.485096349539778e-07
 239009.0 4.718984484264422e-07
 239009.5 3.266759255955687e-07
 239010.0 1.682001444045436e-06
 239010.5 2.027181741842904e-06
 239011.0 7.600349918539155e-07
 239011.5 1.028013036815099e-07
 239012.0 1.334204604066498e-09
 239012.5 1.029608871221779e-06
 239013.0 5.23838720520829e-06
 239013.5 8.135305458874021e-06
 239014.0 3.935310248706719e-06
 239014.5 2.905854127153478e-07
 239015.0 6.623606731884736e-06
 239015.5 3.846991794750063e-07
 239016.0 2.633087403853251e-06
 239016.5 1.469281327533009e-06
 239017.0 8.472774442650257e-06
 239017.5 3.398837537522768e-07
 239018.0 1.50464763581776e-06
 239018.5 1.693090140703936e-05
 239019.0 1.914587196545626e-05
 239019.5 7.234340728832312e-06
 239020.0 1.962337130692323e-05
 239020.5 7.526290160793378e-05
 239021.0 0.000102571168910259
 239021.5 0.0002363771860619654
 239022.0 0.0003057980041420031
 239022.5 0.0004895400043201596
 239023.0 0.0004283874079977356
 239023.5 0.000330462591845883
 239024.0 0.0002111343229579509
 239024.5 2.662422452585686e-05
 239025.0 2.878438427948757e-05
 239025.5 2.84144034711779e-05
 239026.0 4.296422119227149e-05
 239026.5 2.939749293277324e-05
 239027.0 4.872994336133943e-06
 239027.5 1.281882038519758e-09
 239028.0 8.708785752936653e-06
 239028.5 5.173811766001087e-07
 239029.0 6.008362673836465e-06
 239029.5 4.423567462422554e-06
 239030.0 1.975135847063309e-06
 239030.5 5.618443625437869e-06
 239031.0 1.057824862773265e-07
 239031.5 2.959769613158865e-06
 239032.0 4.648080055222332e-06
 239032.5 6.580799583008365e-07
 239033.0 1.095852482913623e-07
 239033.5 2.483454063563756e-09
 239034.0 1.72457176568925e-06
 239034.5 1.847685717261731e-06
 239035.0 1.869550172627329e-06
 239035.5 5.505944912386533e-07
 239036.0 1.134885999959663e-06
 239036.5 5.006118634798689e-09
 239037.0 2.849343088781905e-06
 239037.5 2.363767532701109e-06
 239038.0 2.212115172447794e-06
 239038.5 6.409377301888227e-07
 239039.0 1.034400185508599e-06
 239039.5 4.377167739429198e-06
 239040.0 3.907596438909128e-07
 239040.5 5.409220092808128e-06
 239041.0 1.923891995925932e-06
 239041.5 3.52920961700679e-06
 239042.0 2.008947688994832e-06
 239042.5 3.675229331790285e-06
 239043.0 1.274288208640786e-06
 239043.5 2.137099307526193e-07
 239044.0 7.186058388939567e-06
 239044.5 5.092507309432318e-06
 239045.0 7.634148260878934e-08
 239045.5 1.130913535172621e-06
 239046.0 1.454451684196241e-06
 239046.5 1.717642520401935e-06
 239047.0 6.088078356021361e-08
 239047.5 1.036320416108062e-06
 239048.0 1.09602011892555e-06
 239048.5 5.334010922069268e-06
 239049.0 2.754264728876394e-07
 239049.5 1.718806174755403e-06
 239050.0 4.414649870787119e-07
 239050.5 1.550078572235838e-07
 239051.0 6.765726301900736e-07
 239051.5 7.855910714583618e-07
 239052.0 4.643260227692838e-07
 239052.5 1.984692804434025e-06
 239053.0 5.580654757804268e-06
 239053.5 5.903579397695042e-07
 239054.0 4.43788745666426e-06
 239054.5 6.829308009175593e-07
 239055.0 7.661220620829794e-06
 239055.5 2.474850706943869e-06
 239056.0 1.841907044711738e-07
 239056.5 3.92228569511705e-06
 239057.0 4.706224046791563e-06
 239057.5 2.95865105369032e-08
 239058.0 4.08065648873042e-06
 239058.5 5.195486030686056e-06
 239059.0 5.071499502828238e-06
 239059.5 2.940674735379305e-05
 239060.0 8.78509569647022e-06
 239060.5 2.729369182253668e-05
 239061.0 3.967942045519637e-05
 239061.5 7.831510654928544e-05
 239062.0 0.0001666287055001382
 239062.5 0.0003030497803067186
 239063.0 0.000689595988381248
 239063.5 0.0008144183290409002
 239064.0 0.001222207391293872
 239064.5 0.0008693445902101508
 239065.0 0.0007462593594624171
 239065.5 0.0004043122544574656
 239066.0 0.0001877357085209667
 239066.5 0.0001088353127292441
 239067.0 5.176299264353146e-05
 239067.5 3.115538850699069e-05
 239068.0 3.900626884432804e-05
 239068.5 4.674514447822856e-06
 239069.0 1.833182791589278e-05
 239069.5 2.803425624872094e-06
 239070.0 1.108965301012501e-05
 239070.5 1.085289582579857e-05
 239071.0 3.853865978514939e-06
 239071.5 3.724412167668108e-07
 239072.0 7.185859916091336e-06
 239072.5 1.261972346439656e-07
 239073.0 2.587856546346025e-06
 239073.5 5.850881995546098e-07
 239074.0 3.136920634854775e-07
 239074.5 4.119701103863205e-07
 239075.0 3.632870737706754e-06
 239075.5 6.223172465850201e-07
 239076.0 2.217222586345035e-07
 239076.5 2.160291885830053e-06
 239077.0 5.85246024771676e-07
 239077.5 2.674398994128815e-06
 239078.0 2.229687429781987e-06
 239078.5 4.056901487641793e-06
 239079.0 2.118927443836282e-06
 239079.5 4.155924286769744e-07
 239080.0 7.637132863446169e-08
 239080.5 6.259197803268182e-07
 239081.0 2.291844935088909e-06
 239081.5 6.527206416003942e-09
 239082.0 7.037362283831662e-07
 239082.5 7.822674259081242e-06
 239083.0 4.919879132745433e-08
 239083.5 2.53770538019485e-06
 239084.0 1.601473752171057e-05
 239084.5 6.644370138152595e-07
 239085.0 7.98412511313732e-06
 239085.5 8.489420299447067e-06
 239086.0 8.47581650060781e-09
 239086.5 2.603162762545006e-06
 239087.0 6.329022849109396e-06
 239087.5 7.024748053456888e-07
 239088.0 1.246837877248795e-05
 239088.5 2.024148773366677e-07
 239089.0 1.358510250529392e-05
 239089.5 1.46464525529517e-06
 239090.0 1.783742290101348e-05
 239090.5 1.272267432101746e-05
 239091.0 5.394655921389758e-05
 239091.5 3.926284444674193e-05
 239092.0 0.0001327015781452652
 239092.5 0.0002188792882347109
 239093.0 0.0003832518524102284
 239093.5 0.0005968074025647526
 239094.0 0.001021463109747819
 239094.5 0.002032315470662514
 239095.0 0.004169213920346294
 239095.5 0.007168793292561535
 239096.0 0.01060859792654144
 239096.5 0.01056119529127548
 239097.0 0.009351716717062782
 239097.5 0.006470817258705305
 239098.0 0.003548360680228476
 239098.5 0.001671095523385365
 239099.0 0.000826985063456521
 239099.5 0.0004291636583214089
 239100.0 0.0003269007325773256
 239100.5 0.0001476729536426859
 239101.0 0.0001200354547820275
 239101.5 6.791796103017655e-05
 239102.0 4.214451669812303e-06
 239102.5 8.378925485558375e-06
 239103.0 6.763182981664048e-06
 239103.5 1.861573248304444e-07
 239104.0 4.315033473257078e-06
 239104.5 1.492161423410762e-05
 239105.0 6.138890433473564e-06
 239105.5 4.665684195147794e-06
 239106.0 2.8161872518697e-06
 239106.5 3.436858720114232e-06
 239107.0 2.272436923886332e-05
 239107.5 5.377446501066637e-07
 239108.0 3.397227358229159e-07
 239108.5 8.189490155097702e-07
 239109.0 2.185529791264042e-06
 239109.5 1.677326067764998e-07
 239110.0 1.005445455818691e-07
 239110.5 3.771808643956461e-07
 239111.0 4.288378513244519e-06
 239111.5 3.960852142831544e-08
 239112.0 3.071465431023127e-07
 239112.5 6.243819265677524e-07
 239113.0 1.977890190316149e-07
 239113.5 3.284650482598641e-06
 239114.0 1.565665952542736e-05
 239114.5 5.289020418033163e-05
 239115.0 5.786075017205201e-05
 239115.5 7.760385514533688e-05
 239116.0 0.0001069083508337295
 239116.5 0.0001789089447217786
 239117.0 0.0002625080311407619
 239117.5 0.0005518954248481666
 239118.0 0.00111911241996911
 239118.5 0.002043610915096169
 239119.0 0.002740420608599251
 239119.5 0.002940666011939881
 239120.0 0.003198627015654923
 239120.5 0.001919990726134944
 239121.0 0.001244258227978562
 239121.5 0.0006941928062672998
 239122.0 0.0001531203946406805
 239122.5 0.0001734584552681627
 239123.0 0.0001018300000166581
 239123.5 8.485050479787278e-05
 239124.0 2.385718308933316e-05
 239124.5 1.1571988727513e-05
 239125.0 1.03707456698037e-05
 239125.5 7.945722287947629e-07
 239126.0 6.231353459915161e-06
 239126.5 1.075559069794092e-06
 239127.0 3.731512724017631e-05
 239127.5 1.46747044075613e-05
 239128.0 1.471658319372144e-05
 239128.5 3.122517475990776e-05
 239129.0 4.898242320680256e-05
 239129.5 7.53838109242494e-05
 239130.0 0.0001771379090488076
 239130.5 0.0003079014376912509
 239131.0 0.0006998823979992831
 239131.5 0.001181236151411645
 239132.0 0.002365535189537852
 239132.5 0.003840027545319172
 239133.0 0.004869122216103636
 239133.5 0.005504666945769559
 239134.0 0.004896653898044345
 239134.5 0.003688155948397305
 239135.0 0.002859912380403363
 239135.5 0.002600196746495582
 239136.0 0.003325597772115873
 239136.5 0.003955222261835457
 239137.0 0.005855847229961309
 239137.5 0.007350393841631025
 239138.0 0.007860749105676544
 239138.5 0.006158398615284579
 239139.0 0.004516939331589898
 239139.5 0.002523805097770868
 239140.0 0.001205780329828764
 239140.5 0.000666632665423924
 239141.0 0.0003020182682377975
 239141.5 0.0002197779477590413
 239142.0 5.983080231809242e-05
 239142.5 3.544821769102167e-05
 239143.0 4.407751863806003e-05
 239143.5 3.583299612410415e-05
 239144.0 4.297500162552176e-06
 239144.5 2.026179033380127e-06
 239145.0 6.292575013889348e-06
 239145.5 2.937152041709571e-06
 239146.0 6.171952441692806e-07
 239146.5 7.603486551036136e-10
 239147.0 2.310519604704186e-07
 239147.5 1.758326397151305e-07
 239148.0 4.017048018573729e-07
 239148.5 2.637932700667779e-06
 239149.0 3.853565106846065e-07
 239149.5 6.14669970498364e-06
 239150.0 1.725112377606174e-06
