2.388500000000000000e+05 -1.316695888548622155e-03
2.388505000000000000e+05 2.266204048463196959e-03
2.388510000000000000e+05 3.009249799536407432e-03
2.388515000000000000e+05 -6.127702049743888107e-04
2.388520000000000000e+05 -1.280996280416382346e-03
2.388525000000000000e+05 2.527653999657769254e-04
2.388530000000000000e+05 1.913107325528949545e-03
2.388535000000000000e+05 -1.989641589273718201e-04
2.388540000000000000e+05 -5.042598323300290751e-04
2.388545000000000000e+05 -2.332715537561912481e-03
2.388550000000000000e+05 1.446184822053847834e-03
2.388555000000000000e+05 -2.471282225088910611e-03
2.388560000000000000e+05 1.570810864152164931e-03
2.388565000000000000e+05 -1.428998471333090079e-03
2.388570000000000000e+05 -3.327464709716510850e-03
2.388575000000000000e+05 2.351703879057653618e-03
2.388580000000000000e+05 7.414161013062018756e-04
2.388585000000000000e+05 -5.251435449992998637e-04
2.388590000000000000e+05 -9.461885688701952412e-04
2.388595000000000000e+05 -2.907226759840562599e-04
2.388600000000000000e+05 4.449326720836554267e-04
2.388605000000000000e+05 -1.200314145066417064e-03
2.388610000000000000e+05 -1.732340624641161460e-03
2.388615000000000000e+05 1.213415716740355241e-03
2.388620000000000000e+05 1.488600573559453483e-03
2.388625000000000000e+05 -5.124962346699806935e-04
2.388630000000000000e+05 -1.267314930225246945e-03
2.388635000000000000e+05 8.448689599890179961e-04
2.388640000000000000e+05 5.845926484657579681e-04
2.388645000000000000e+05 -1.152984460712871192e-03
2.388650000000000000e+05 1.020050731158392504e-03
2.388655000000000000e+05 -2.683919222163445081e-04
2.388660000000000000e+05 7.111860808917939590e-04
2.388665000000000000e+05 2.804851896575672886e-04
2.388670000000000000e+05 2.290742290057690665e-03
2.388675000000000000e+05 -8.094638160867882737e-05
2.388680000000000000e+05 -9.793463153791631855e-04
2.388685000000000000e+05 -1.493283385407002516e-03
2.388690000000000000e+05 1.417492252034004791e-03
2.388695000000000000e+05 -6.393053709816927724e-05
2.388700000000000000e+05 -1.973016951990456697e-03
2.388705000000000000e+05 9.254340403024729914e-04
2.388710000000000000e+05 2.480859632748094994e-03
2.388715000000000000e+05 6.200804760018686305e-04
2.388720000000000000e+05 -8.631674210230077691e-04
2.388725000000000000e+05 1.488619077680039646e-05
2.388730000000000000e+05 -1.457607425767108939e-03
2.388735000000000000e+05 -1.276841365437968645e-03
2.388740000000000000e+05 2.470241378771142679e-03
2.388745000000000000e+05 -3.206410258620711468e-04
2.388750000000000000e+05 -2.441977131544300749e-04
2.388755000000000000e+05 -1.633722831569419005e-03
2.388760000000000000e+05 -4.005607740283752760e-05
2.388765000000000000e+05 -1.780093405465141612e-04
2.388770000000000000e+05 -2.434470106932712027e-03
2.388775000000000000e+05 -4.433354337621427913e-04
2.388780000000000000e+05 1.558266849723485142e-03
2.388785000000000000e+05 -3.156502890272185557e-04
2.388790000000000000e+05 6.192621695169911369e-04
2.388795000000000000e+05 -5.542175354873901845e-04
2.388800000000000000e+05 -1.139064057815261275e-04
2.388805000000000000e+05 -1.939353148086990150e-03
2.388810000000000000e+05 -5.507379731220331996e-05
2.388815000000000000e+05 -1.380228216356582877e-03
2.388820000000000000e+05 -3.387369968479232892e-04
2.388825000000000000e+05 -1.094815169087577558e-03
2.388830000000000000e+05 1.764053297281750884e-03
2.388835000000000000e+05 3.428096667764059702e-04
2.388840000000000000e+05 3.085414511148874394e-03
2.388845000000000000e+05 -3.274802878655880527e-03
2.388850000000000000e+05 8.386855179812956976e-04
2.388855000000000000e+05 -1.725941056666716608e-03
2.388860000000000000e+05 3.223613554163935399e-03
2.388865000000000000e+05 -1.476082204040357615e-03
2.388870000000000000e+05 -1.536379070124203796e-03
2.388875000000000000e+05 -1.020845010815126831e-03
2.388880000000000000e+05 2.442533819023985121e-03
2.388885000000000000e+05 1.672077518350202662e-04
2.388890000000000000e+05 9.940176636730954640e-04
2.388895000000000000e+05 -2.182491777885519236e-04
2.388900000000000000e+05 -1.199238178483776843e-03
2.388905000000000000e+05 8.100171455492096275e-05
2.388910000000000000e+05 1.569598493584357371e-03
2.388915000000000000e+05 1.500507550521904638e-04
2.388920000000000000e+05 -1.292115537817525471e-03
2.388925000000000000e+05 -1.569522331154458083e-03
2.388930000000000000e+05 -1.998603456981632061e-03
2.388935000000000000e+05 1.961079976442764601e-04
2.388940000000000000e+05 2.189960871151836342e-03
2.388945000000000000e+05 1.466184522114451000e-03
2.388950000000000000e+05 -4.425647403184495014e-04
2.388955000000000000e+05 -8.969037417748533482e-04
2.388960000000000000e+05 2.034348880516594592e-03
2.388965000000000000e+05 1.844312456193535066e-03
2.388970000000000000e+05 1.141320389278978331e-03
2.388975000000000000e+05 -1.744270625737750265e-03
2.388980000000000000e+05 2.247427684901283015e-03
2.388985000000000000e+05 2.142103290610367604e-03
2.388990000000000000e+05 3.306819778626365544e-04
2.388995000000000000e+05 4.198207886782133426e-04
2.389000000000000000e+05 1.614150045215026561e-03
2.389005000000000000e+05 -1.495762846619550814e-03
2.389010000000000000e+05 -3.479511265260816342e-05
2.389015000000000000e+05 -1.343798661441427018e-03
2.389020000000000000e+05 -8.657198490889173774e-04
2.389025000000000000e+05 5.435175502523436697e-04
2.389030000000000000e+05 9.182445180983447430e-04
2.389035000000000000e+05 -1.079519977868497902e-03
2.389040000000000000e+05 -1.219638417798872641e-03
2.389045000000000000e+05 7.432595823044087627e-06
2.389050000000000000e+05 1.711754830147572655e-03
2.389055000000000000e+05 -8.850114853513631587e-04
2.389060000000000000e+05 2.667810087407224747e-03
2.389065000000000000e+05 -9.810925816530224365e-04
2.389070000000000000e+05 -1.326694329718049745e-03
2.389075000000000000e+05 -1.314183617381180105e-04
2.389080000000000000e+05 3.346291437101457504e-04
2.389085000000000000e+05 1.050116290968647424e-03
2.389090000000000000e+05 4.561069557053209393e-04
2.389095000000000000e+05 -2.535425505666399058e-04
2.389100000000000000e+05 1.684551776457340324e-04
2.389105000000000000e+05 1.841448565233333315e-03
2.389110000000000000e+05 -1.330385692417564972e-04
2.389115000000000000e+05 1.135960577141050106e-03
2.389120000000000000e+05 -9.526666769110121767e-04
2.389125000000000000e+05 -2.011169746459230082e-03
2.389130000000000000e+05 -2.005993606241932709e-03
2.389135000000000000e+05 -3.877836895748529127e-03
2.389140000000000000e+05 -3.037730916913068246e-03
2.389145000000000000e+05 -1.368792505497322572e-03
2.389150000000000000e+05 7.329673070349761697e-04
2.389155000000000000e+05 -3.600396890824195291e-04
2.389160000000000000e+05 -1.274069429367791174e-03
2.389165000000000000e+05 -2.023790078057065289e-03
2.389170000000000000e+05 3.474764655983891750e-03
2.389175000000000000e+05 -1.876875628427709898e-03
2.389180000000000000e+05 -2.893506306821641127e-03
2.389185000000000000e+05 1.131241444756933952e-04
2.389190000000000000e+05 1.392848043253915556e-03
2.389195000000000000e+05 2.530925348890824492e-03
2.389200000000000000e+05 9.227195982760093675e-04
2.389205000000000000e+05 3.339192514846460545e-03
2.389210000000000000e+05 7.422132352819031491e-04
2.389215000000000000e+05 -3.127305376700893931e-03
2.389220000000000000e+05 -7.447496987629293082e-04
2.389225000000000000e+05 -1.274848350808070827e-03
2.389230000000000000e+05 -3.180665384939102783e-03
2.389235000000000000e+05 -8.241855119673813148e-04
2.389240000000000000e+05 1.133906151892032652e-03
2.389245000000000000e+05 1.745789565198244088e-03
2.389250000000000000e+05 1.451232335111959449e-03
2.389255000000000000e+05 8.380145038871543222e-04
2.389260000000000000e+05 1.478149748744151098e-03
2.389265000000000000e+05 7.201160882670215417e-04
2.389270000000000000e+05 2.187322349130139737e-04
2.389275000000000000e+05 9.523907362759917884e-04
2.389280000000000000e+05 2.842901503632039827e-03
2.389285000000000000e+05 9.630686901559761806e-04
2.389290000000000000e+05 1.515381702128783389e-03
2.389295000000000000e+05 -2.591922240623756573e-03
2.389300000000000000e+05 -1.519783126872619860e-03
2.389305000000000000e+05 -8.056743756500574314e-05
2.389310000000000000e+05 -2.284118050145303187e-03
2.389315000000000000e+05 2.707332367969156675e-03
2.389320000000000000e+05 -2.119361153853533807e-03
2.389325000000000000e+05 2.061276291317917612e-04
2.389330000000000000e+05 1.731430896257268436e-03
2.389335000000000000e+05 7.613883405843536838e-04
2.389340000000000000e+05 3.308625592123223000e-04
2.389345000000000000e+05 -3.090295268843993356e-04
2.389350000000000000e+05 -1.316366942260441134e-03
2.389355000000000000e+05 2.331119727972644825e-03
2.389360000000000000e+05 6.348482910831605361e-04
2.389365000000000000e+05 -3.741732555773939674e-03
2.389370000000000000e+05 2.278611166812403999e-03
2.389375000000000000e+05 1.599923898616542400e-04
2.389380000000000000e+05 2.697372669042661947e-03
2.389385000000000000e+05 4.530969736557916797e-04
2.389390000000000000e+05 1.193161632152086221e-04
2.389395000000000000e+05 1.703511115632116134e-04
2.389400000000000000e+05 -1.967116707097522985e-03
2.389405000000000000e+05 1.514986818184218143e-03
2.389410000000000000e+05 2.085527230607080954e-03
2.389415000000000000e+05 2.335149637538610785e-03
2.389420000000000000e+05 2.399881514680000417e-03
2.389425000000000000e+05 -4.865172139348066145e-03
2.389430000000000000e+05 -9.105660504303802723e-05
2.389435000000000000e+05 -8.193991490984005701e-04
2.389440000000000000e+05 1.650739430330471370e-03
2.389445000000000000e+05 -1.804451878395947877e-03
2.389450000000000000e+05 1.094870190250307003e-03
2.389455000000000000e+05 2.550108895280965831e-03
2.389460000000000000e+05 1.048121921405540139e-03
2.389465000000000000e+05 1.761993933253720723e-03
2.389470000000000000e+05 1.276399679053970716e-03
2.389475000000000000e+05 1.645440629590136719e-03
2.389480000000000000e+05 -3.658358801131635107e-04
2.389485000000000000e+05 -5.890100109292327251e-04
2.389490000000000000e+05 4.719483530455529340e-03
2.389495000000000000e+05 -1.058101950361829907e-03
2.389500000000000000e+05 -7.617590939520944588e-04
2.389505000000000000e+05 -6.599638199715549122e-04
2.389510000000000000e+05 -8.226175419416034522e-04
2.389515000000000000e+05 -7.023395131289763334e-04
2.389520000000000000e+05 -1.162811078087392161e-03
2.389525000000000000e+05 -1.835682550887290368e-03
2.389530000000000000e+05 -4.814058806192615561e-04
2.389535000000000000e+05 2.601446676412702639e-03
2.389540000000000000e+05 4.928069312263655887e-04
2.389545000000000000e+05 3.583654514539831668e-04
2.389550000000000000e+05 1.144149981597800342e-03
2.389555000000000000e+05 -1.046023970375099810e-03
2.389560000000000000e+05 -1.411840349732804275e-03
2.389565000000000000e+05 1.353582683155534405e-03
2.389570000000000000e+05 3.711727999617771756e-04
2.389575000000000000e+05 -5.314594210679786292e-04
2.389580000000000000e+05 -3.485188457188247504e-03
2.389585000000000000e+05 -5.108286821332981928e-05
2.389590000000000000e+05 -1.610506637841500584e-03
2.389595000000000000e+05 2.903328409465765272e-03
2.389600000000000000e+05 -3.221342688030467537e-03
2.389605000000000000e+05 -5.267288555680210141e-04
2.389610000000000000e+05 -7.827457519621519165e-05
2.389615000000000000e+05 -1.598959488591076726e-03
2.389620000000000000e+05 2.288709259701800745e-03
2.389625000000000000e+05 1.956549652394260711e-03
2.389630000000000000e+05 -2.687902187734860036e-03
2.389635000000000000e+05 1.035738835270012901e-03
2.389640000000000000e+05 -1.794484321123750474e-03
2.389645000000000000e+05 3.590445703372642733e-04
2.389650000000000000e+05 2.015979582713891671e-03
2.389655000000000000e+05 1.519332894378599801e-03
2.389660000000000000e+05 -6.929002054367860552e-04
2.389665000000000000e+05 4.419244490354241927e-04
2.389670000000000000e+05 4.615363460463171646e-04
2.389675000000000000e+05 1.330426801253550973e-05
2.389680000000000000e+05 -8.999122075661077471e-04
2.389685000000000000e+05 2.735551368473601152e-03
2.389690000000000000e+05 8.229866264570395067e-04
2.389695000000000000e+05 -5.158996135631956949e-04
2.389700000000000000e+05 2.807403667374165895e-03
2.389705000000000000e+05 1.343092233819752779e-03
2.389710000000000000e+05 7.645699861920519490e-04
2.389715000000000000e+05 8.820738531939373035e-04
2.389720000000000000e+05 -1.302994386249762453e-04
2.389725000000000000e+05 -1.252355538293402175e-03
2.389730000000000000e+05 -3.031640051410689450e-03
2.389735000000000000e+05 9.949196543917493451e-05
2.389740000000000000e+05 1.270697609996151349e-03
2.389745000000000000e+05 3.830512260140776001e-03
2.389750000000000000e+05 5.649103243584826291e-04
2.389755000000000000e+05 1.758293870942590799e-03
2.389760000000000000e+05 -2.801333334926570562e-04
2.389765000000000000e+05 3.966150302558007178e-03
2.389770000000000000e+05 -1.584081006215638668e-03
2.389775000000000000e+05 8.639815306030463032e-04
2.389780000000000000e+05 1.003075301733767502e-03
2.389785000000000000e+05 -1.533862244531626650e-04
2.389790000000000000e+05 8.728959440175055478e-05
2.389795000000000000e+05 1.581040471811546782e-03
2.389800000000000000e+05 2.060614396998727079e-04
2.389805000000000000e+05 -5.813477641400920928e-04
2.389810000000000000e+05 2.224876161577444330e-03
2.389815000000000000e+05 2.166833057650909526e-05
2.389820000000000000e+05 -1.809905115983237662e-03
2.389825000000000000e+05 -1.789673915300441214e-03
2.389830000000000000e+05 -2.078503806270467266e-03
2.389835000000000000e+05 -1.473396724469619142e-03
2.389840000000000000e+05 -2.478215899892508250e-04
2.389845000000000000e+05 3.203492297738132818e-03
2.389850000000000000e+05 5.998848633574752108e-04
2.389855000000000000e+05 8.399338359431411617e-04
2.389860000000000000e+05 2.283117829376370839e-03
2.389865000000000000e+05 -9.932228356687251760e-04
2.389870000000000000e+05 -1.947457767471487498e-03
2.389875000000000000e+05 3.476288792861866668e-04
2.389880000000000000e+05 -5.148379673602771454e-04
2.389885000000000000e+05 -1.123658410651912602e-04
2.389890000000000000e+05 4.776908667050189673e-04
2.389895000000000000e+05 -2.038399045995293685e-05
2.389900000000000000e+05 1.650336193899419818e-05
2.389905000000000000e+05 -1.320300205836913649e-03
2.389910000000000000e+05 -2.104339899278783539e-04
2.389915000000000000e+05 -6.093001921645732628e-06
2.389920000000000000e+05 -2.527292004541375082e-03
2.389925000000000000e+05 -2.128031261544408373e-03
2.389930000000000000e+05 -1.208392776548402161e-03
2.389935000000000000e+05 -2.442522697768098106e-04
2.389940000000000000e+05 -1.690665536318963248e-03
2.389945000000000000e+05 -2.530949500909070301e-04
2.389950000000000000e+05 7.084190392078371264e-04
2.389955000000000000e+05 6.754805928970200038e-04
2.389960000000000000e+05 5.791410277001677112e-04
2.389965000000000000e+05 7.803546021898907564e-04
2.389970000000000000e+05 1.524213218482289075e-03
2.389975000000000000e+05 3.239185565337703737e-04
2.389980000000000000e+05 5.038685939332955381e-04
2.389985000000000000e+05 -1.725769019654860899e-03
2.389990000000000000e+05 1.011326607973448387e-03
2.389995000000000000e+05 -3.872362904242024426e-03
2.390000000000000000e+05 -6.981022742595138948e-04
2.390005000000000000e+05 -3.154530808577883367e-04
2.390010000000000000e+05 3.362649957804185463e-03
2.390015000000000000e+05 2.247632575086039395e-03
2.390020000000000000e+05 7.448093208973136353e-04
2.390025000000000000e+05 2.457951175925758656e-03
2.390030000000000000e+05 -9.003014459192842977e-04
2.390035000000000000e+05 7.100177792801542565e-04
2.390040000000000000e+05 2.748872171519771445e-04
2.390045000000000000e+05 1.071516401776202807e-03
2.390050000000000000e+05 7.789344962504658569e-04
2.390055000000000000e+05 9.081803831963766163e-04
2.390060000000000000e+05 -5.423534005567115816e-04
2.390065000000000000e+05 -1.750223868638386667e-03
2.390070000000000000e+05 -2.772963743782385759e-03
2.390075000000000000e+05 -4.487770788597002670e-04
2.390080000000000000e+05 8.704794359456213566e-04
2.390085000000000000e+05 4.985509531891136334e-04
2.390090000000000000e+05 6.870490204114666939e-04
2.390095000000000000e+05 -5.713312337047107576e-04
2.390100000000000000e+05 1.297407097323551549e-03
2.390105000000000000e+05 -1.422765664217239250e-03
2.390110000000000000e+05 -8.697043607446653746e-04
2.390115000000000000e+05 3.247805430438832348e-04
2.390120000000000000e+05 4.451739664129599400e-05
2.390125000000000000e+05 1.029610446042951303e-03
2.390130000000000000e+05 -2.261742661857563726e-03
2.390135000000000000e+05 -2.804782534286466653e-03
2.390140000000000000e+05 2.064691182858330483e-03
2.390145000000000000e+05 -4.051626474454549228e-04
2.390150000000000000e+05 -2.358681015806826826e-03
2.390155000000000000e+05 -2.853978203421259400e-04
2.390160000000000000e+05 -1.116563801730154808e-03
2.390165000000000000e+05 -4.698432830852107165e-04
2.390170000000000000e+05 -1.854347077784445014e-03
2.390175000000000000e+05 8.765041441000978031e-04
2.390180000000000000e+05 7.329645099593055891e-04
2.390185000000000000e+05 -1.547173008137645933e-03
2.390190000000000000e+05 -1.057188431447064194e-03
2.390195000000000000e+05 1.631208385820244770e-03
2.390200000000000000e+05 1.386825663740248260e-03
2.390205000000000000e+05 -5.155796709190139807e-04
2.390210000000000000e+05 1.454127068445060754e-03
2.390215000000000000e+05 3.881851781380677032e-04
2.390220000000000000e+05 2.097217032521165626e-03
2.390225000000000000e+05 -3.488650748541526764e-04
2.390230000000000000e+05 4.035404967159315990e-05
2.390235000000000000e+05 -6.321190551139930103e-04
2.390240000000000000e+05 -1.187716392393780782e-03
2.390245000000000000e+05 4.346988871782808683e-03
2.390250000000000000e+05 1.339066593704586012e-03
2.390255000000000000e+05 -4.435262881301237862e-04
2.390260000000000000e+05 -2.844764952231610463e-03
2.390265000000000000e+05 -2.551544697835618058e-03
2.390270000000000000e+05 3.937921565937127825e-07
2.390275000000000000e+05 1.698971922162745979e-03
2.390280000000000000e+05 -1.731950311947761788e-03
2.390285000000000000e+05 1.484297039074853307e-04
2.390290000000000000e+05 3.050569452660080796e-03
2.390295000000000000e+05 -1.701491966467188035e-03
2.390300000000000000e+05 -1.144118844386656040e-03
2.390305000000000000e+05 -2.205443200875689853e-03
2.390310000000000000e+05 4.262053101683507231e-04
2.390315000000000000e+05 1.780386163337027185e-03
2.390320000000000000e+05 -2.121356238214193186e-03
2.390325000000000000e+05 8.305680469914928981e-04
2.390330000000000000e+05 -3.205351885880897990e-04
2.390335000000000000e+05 5.536522483460046403e-05
2.390340000000000000e+05 1.316056106378908413e-03
2.390345000000000000e+05 -1.357894403547546839e-03
2.390350000000000000e+05 1.367989346593852370e-03
2.390355000000000000e+05 -7.417056961499940426e-04
2.390360000000000000e+05 1.065452909722200284e-03
2.390365000000000000e+05 7.081662059723087981e-05
2.390370000000000000e+05 1.688026466787454849e-03
2.390375000000000000e+05 -1.537443823866294079e-03
2.390380000000000000e+05 -1.487313671529315101e-03
2.390385000000000000e+05 8.005875976431133401e-04
2.390390000000000000e+05 -1.017054007727261847e-03
2.390395000000000000e+05 -2.092167951017383579e-03
2.390400000000000000e+05 -6.251076204256669679e-04
2.390405000000000000e+05 -2.325772980242149426e-03
2.390410000000000000e+05 -1.387044328244072151e-03
2.390415000000000000e+05 -1.878619068607711518e-03
2.390420000000000000e+05 -1.417373516797086445e-03
2.390425000000000000e+05 -1.917088764396914424e-03
2.390430000000000000e+05 -1.128843748434909351e-03
2.390435000000000000e+05 4.622877143651818368e-04
2.390440000000000000e+05 2.680682448645938746e-03
2.390445000000000000e+05 2.256658439732644756e-03
2.390450000000000000e+05 -2.762996217258579493e-04
2.390455000000000000e+05 1.063444194533646114e-03
2.390460000000000000e+05 1.206006530594016125e-03
2.390465000000000000e+05 1.310588698322831753e-03
2.390470000000000000e+05 -2.467400815781668690e-04
2.390475000000000000e+05 1.017998887712774159e-03
2.390480000000000000e+05 -1.046908057442720542e-03
2.390485000000000000e+05 -2.309543253322391548e-03
2.390490000000000000e+05 5.248223064718948293e-04
2.390495000000000000e+05 -1.311004523939164569e-03
2.390500000000000000e+05 -6.643618567732099186e-04
2.390505000000000000e+05 -3.935570951207488424e-04
2.390510000000000000e+05 8.228833639608002480e-04
2.390515000000000000e+05 -8.855909327803419091e-04
2.390520000000000000e+05 6.829840295246329337e-04
2.390525000000000000e+05 -1.405582946181866419e-03
2.390530000000000000e+05 2.368705362196835921e-03
2.390535000000000000e+05 7.805980744749437591e-04
2.390540000000000000e+05 -2.083748812912573911e-03
2.390545000000000000e+05 8.678626147758459596e-04
2.390550000000000000e+05 -2.694971949233443582e-03
2.390555000000000000e+05 -1.448741917887511358e-03
2.390560000000000000e+05 6.351826550498740212e-04
2.390565000000000000e+05 2.311442200226305945e-03
2.390570000000000000e+05 -1.653441263657922603e-03
2.390575000000000000e+05 6.084292917187111025e-04
2.390580000000000000e+05 3.165570735457246682e-03
2.390585000000000000e+05 -6.477856262446546635e-04
2.390590000000000000e+05 3.752806515075177466e-06
2.390595000000000000e+05 -2.391947597533427422e-03
2.390600000000000000e+05 1.009273217835430884e-03
2.390605000000000000e+05 -8.867196912682153635e-05
2.390610000000000000e+05 3.836051365377719986e-04
2.390615000000000000e+05 1.349261777106663073e-04
2.390620000000000000e+05 -3.177927498398293435e-04
2.390625000000000000e+05 4.676481965562367601e-04
2.390630000000000000e+05 -1.884672250029197863e-03
2.390635000000000000e+05 1.842620089327403655e-03
2.390640000000000000e+05 -1.049794414476509698e-03
2.390645000000000000e+05 2.940250011597239817e-03
2.390650000000000000e+05 2.201837924816224144e-04
2.390655000000000000e+05 8.923977510338020579e-04
2.390660000000000000e+05 1.280544442418788450e-03
2.390665000000000000e+05 1.288599231650616956e-04
2.390670000000000000e+05 4.941470993974222698e-04
2.390675000000000000e+05 2.496310013496497713e-04
2.390680000000000000e+05 -1.734322279088737527e-03
2.390685000000000000e+05 1.309716749544822091e-03
2.390690000000000000e+05 -1.664091748209556515e-03
2.390695000000000000e+05 2.461598777184968679e-04
2.390700000000000000e+05 -1.961775596781165955e-03
2.390705000000000000e+05 -2.348224135249735774e-03
2.390710000000000000e+05 2.597955983518310079e-03
2.390715000000000000e+05 1.023588593048172825e-03
2.390720000000000000e+05 -2.419542729702764579e-03
2.390725000000000000e+05 5.152964041751914104e-04
2.390730000000000000e+05 -1.513481108839859115e-03
2.390735000000000000e+05 8.198558091063834312e-04
2.390740000000000000e+05 5.908529272972358514e-04
2.390745000000000000e+05 6.585699802748281239e-04
2.390750000000000000e+05 1.914825743050791894e-03
2.390755000000000000e+05 -7.843600215788573042e-04
2.390760000000000000e+05 4.731133107167191675e-04
2.390765000000000000e+05 1.470871870429553635e-03
2.390770000000000000e+05 7.655179505330839476e-04
2.390775000000000000e+05 -1.635130292104829521e-03
2.390780000000000000e+05 1.493314472297716704e-03
2.390785000000000000e+05 2.014218254285047791e-03
2.390790000000000000e+05 -1.455635385743598133e-03
2.390795000000000000e+05 -6.446562336992372241e-04
2.390800000000000000e+05 -2.763475770573828099e-04
2.390805000000000000e+05 7.911606087220682563e-04
2.390810000000000000e+05 -1.513861502482416813e-03
2.390815000000000000e+05 -8.073575465429415213e-05
2.390820000000000000e+05 -8.387562731838868251e-04
2.390825000000000000e+05 -2.796591039056640915e-03
2.390830000000000000e+05 2.225213690336877426e-04
2.390835000000000000e+05 -1.591441906747859602e-03
2.390840000000000000e+05 -3.998464208783451650e-03
2.390845000000000000e+05 -8.081054284824276419e-04
2.390850000000000000e+05 -2.811443180065384753e-03
2.390855000000000000e+05 -2.885901184008783649e-03
2.390860000000000000e+05 -3.931817365382489314e-05
2.390865000000000000e+05 1.710680309381599562e-03
2.390870000000000000e+05 -2.341777085910312899e-03
2.390875000000000000e+05 1.140150513811111861e-03
2.390880000000000000e+05 -3.022341958697556674e-03
2.390885000000000000e+05 3.815649415011537673e-04
2.390890000000000000e+05 -2.367128482781122398e-03
2.390895000000000000e+05 8.190578109543716770e-04
2.390900000000000000e+05 -1.193263156053089684e-03
2.390905000000000000e+05 8.236622387578438611e-04
2.390910000000000000e+05 -1.171119878146818045e-03
2.390915000000000000e+05 2.163153279105666221e-03
2.390920000000000000e+05 -3.223077851692114160e-04
2.390925000000000000e+05 -2.326166818345671563e-04
2.390930000000000000e+05 -7.632316644097035356e-04
2.390935000000000000e+05 3.192431731294847943e-04
2.390940000000000000e+05 1.929793350348035048e-03
2.390945000000000000e+05 2.929013282666434372e-03
2.390950000000000000e+05 2.861604489445728969e-03
2.390955000000000000e+05 4.226023443031789832e-03
2.390960000000000000e+05 2.470299381130895960e-03
2.390965000000000000e+05 8.526750754728798162e-03
2.390970000000000000e+05 3.925067095104086898e-03
2.390975000000000000e+05 9.598248006507999631e-04
2.390980000000000000e+05 4.530012471842589233e-04
2.390985000000000000e+05 1.455598163804910613e-03
2.390990000000000000e+05 1.391120211860786540e-03
2.390995000000000000e+05 1.645834845322627317e-03
2.391000000000000000e+05 -9.176404696876001767e-04
2.391005000000000000e+05 1.132576675719411570e-03
2.391010000000000000e+05 -8.062856590473933827e-04
2.391015000000000000e+05 -6.717439342562305741e-04
2.391020000000000000e+05 3.433981341487022700e-03
2.391025000000000000e+05 9.661335706374588224e-04
2.391030000000000000e+05 3.553965912162706256e-05
2.391035000000000000e+05 1.315121261008871025e-03
2.391040000000000000e+05 -9.544021096789505202e-04
2.391045000000000000e+05 -3.162374567323202219e-03
2.391050000000000000e+05 -2.053628459503830869e-03
2.391055000000000000e+05 2.409200796559687798e-03
2.391060000000000000e+05 -1.535866394751135957e-03
2.391065000000000000e+05 -1.774592004393747051e-03
2.391070000000000000e+05 -4.723171728223578628e-03
2.391075000000000000e+05 -7.077876418411606016e-04
2.391080000000000000e+05 -5.644966845231488275e-04
2.391085000000000000e+05 -8.852140238592639014e-04
2.391090000000000000e+05 -1.448472875349109731e-03
2.391095000000000000e+05 -3.578423612974775928e-04
2.391100000000000000e+05 -2.258394094784595260e-04
2.391105000000000000e+05 -4.558533264499375990e-04
2.391110000000000000e+05 2.338189456625329628e-03
2.391115000000000000e+05 6.375166500905400744e-04
2.391120000000000000e+05 1.438127730418255646e-04
2.391125000000000000e+05 2.880602382822515452e-04
2.391130000000000000e+05 1.171449682239852040e-03
2.391135000000000000e+05 5.383508141498340779e-04
2.391140000000000000e+05 -6.388188365135318188e-04
2.391145000000000000e+05 -2.725521236296849555e-03
2.391150000000000000e+05 -1.546270609837244918e-03
2.391155000000000000e+05 -9.107940524842852905e-04
2.391160000000000000e+05 -1.381149082853452099e-04
2.391165000000000000e+05 -6.269803109430890573e-06
2.391170000000000000e+05 2.003959393971415422e-03
2.391175000000000000e+05 2.235427378683548828e-03
2.391180000000000000e+05 2.844367949178237300e-03
2.391185000000000000e+05 3.186446772465545418e-03
2.391190000000000000e+05 5.963726379284114455e-03
2.391195000000000000e+05 8.374853577728318121e-03
2.391200000000000000e+05 9.903602838190186594e-04
2.391205000000000000e+05 3.391007119942027800e-03
2.391210000000000000e+05 -1.437862249446008375e-04
2.391215000000000000e+05 -1.508578399909465788e-03
2.391220000000000000e+05 5.254180417419184075e-03
2.391225000000000000e+05 -1.545314355317070143e-04
2.391230000000000000e+05 -1.079227364851750252e-04
2.391235000000000000e+05 -1.438071427837297892e-03
2.391240000000000000e+05 1.146171007641234082e-03
2.391245000000000000e+05 1.243307983218732262e-03
2.391250000000000000e+05 3.806810153143122739e-04
2.391255000000000000e+05 2.012153572476736187e-03
2.391260000000000000e+05 6.237130765259318280e-05
2.391265000000000000e+05 1.536122355231920276e-03
2.391270000000000000e+05 -3.150671257085646462e-03
2.391275000000000000e+05 -1.027443107248152262e-04
2.391280000000000000e+05 1.064635050116911896e-03
2.391285000000000000e+05 9.057877779257881515e-04
2.391290000000000000e+05 1.533748678615658818e-03
2.391295000000000000e+05 2.417759595415973697e-03
2.391300000000000000e+05 1.161176563090213004e-03
2.391305000000000000e+05 1.777937851017097337e-03
2.391310000000000000e+05 3.954836386425913605e-04
2.391315000000000000e+05 3.886624579899834731e-03
2.391320000000000000e+05 4.802021980964238726e-03
2.391325000000000000e+05 7.654316637193169306e-03
2.391330000000000000e+05 1.196408500082264161e-02
2.391335000000000000e+05 1.191812013679803030e-02
2.391340000000000000e+05 9.916416355937698532e-03
2.391345000000000000e+05 8.650962666283195171e-03
2.391350000000000000e+05 6.289892510112908564e-03
2.391355000000000000e+05 4.886029382273446471e-03
2.391360000000000000e+05 2.299440901017492205e-03
2.391365000000000000e+05 8.506339014412505825e-03
2.391370000000000000e+05 9.753348109468854346e-03
2.391375000000000000e+05 1.226670526923884057e-02
2.391380000000000000e+05 1.251395505636143136e-02
2.391385000000000000e+05 1.225743887948706201e-02
2.391390000000000000e+05 5.963025450748216799e-03
2.391395000000000000e+05 3.680949834669401070e-03
2.391400000000000000e+05 3.256601718748082346e-03
2.391405000000000000e+05 1.116350399730384538e-03
2.391410000000000000e+05 2.463194474670040400e-03
2.391415000000000000e+05 2.897130088863624940e-04
2.391420000000000000e+05 3.889775892174750140e-03
2.391425000000000000e+05 2.885259334410553763e-03
2.391430000000000000e+05 -6.951319725951785305e-05
2.391435000000000000e+05 -1.235097275604201674e-03
2.391440000000000000e+05 1.264799727293316328e-03
2.391445000000000000e+05 8.535652676304987399e-04
2.391450000000000000e+05 -1.000552908799964792e-03
2.391455000000000000e+05 -7.444602173818473971e-04
2.391460000000000000e+05 -1.808150961725221175e-04
2.391465000000000000e+05 3.386574079285110321e-04
2.391470000000000000e+05 6.959014190065680120e-04
2.391475000000000000e+05 5.420663616996514687e-04
2.391480000000000000e+05 7.017319837875840918e-04
2.391485000000000000e+05 -1.587689043301281164e-03
2.391490000000000000e+05 -6.017580150595279323e-04
2.391495000000000000e+05 2.488868926965342142e-03
2.391500000000000000e+05 -1.308902982613644990e-03
