 238850.5 5.135680786467036e-06
 238851.0 9.055584355068346e-06
 238851.5 3.754873241419757e-07
 238852.0 1.640951470454472e-06
 238852.5 6.38903474194242e-08
 238853.0 3.659979638991948e-06
 238853.5 3.958673653767646e-08
 238854.0 2.54277978501509e-07
 238854.5 5.44156177918276e-06
 238855.0 2.09145053953892e-06
 238855.5 6.107235836040399e-06
 238856.0 2.467446770938471e-06
 238856.5 2.042036631072308e-06
 238857.0 1.107202139440878e-05
 238857.5 5.530511134774817e-06
 238858.0 5.496978352760882e-07
 238858.5 2.757757428544317e-07
 238859.0 8.952728078606282e-07
 238859.5 8.45196743313306e-08
 238860.0 1.979650826875016e-07
 238860.5 1.440754046846524e-06
 238861.0 3.001004039782128e-06
 238861.5 1.47237770163251e-06
 238862.0 2.215931667601533e-06
 238862.5 2.626523905509079e-07
 238863.0 1.606087132371823e-06
 238863.5 7.138035595529249e-07
 238864.0 3.417485646402093e-07
 238864.5 1.32937316664535e-06
 238865.0 1.040503494136772e-06
 238865.5 7.203422391098432e-08
 238866.0 5.057856416542293e-07
 238866.5 7.867194161724149e-08
 238867.0 5.247500239458755e-06
 238867.5 6.552316695537858e-09
 238868.0 9.591192054467433e-07
 238868.5 2.2298952691326e-06
 238869.0 2.009284284576435e-06
 238869.5 4.087113573660398e-09
 238870.0 3.892795892841714e-06
 238870.5 8.564281629505592e-07
 238871.0 6.154664517399013e-06
 238871.5 3.84499796718704e-07
 238872.0 7.450579967155104e-07
 238872.5 2.215986758432973e-10
 238873.0 2.124619407651418e-06
 238873.5 1.630323872493497e-06
 238874.0 6.102092469393158e-06
 238874.5 1.028106674658813e-07
 238875.0 5.963252310985331e-08
 238875.5 2.6690502903912e-06
 238876.0 1.604489336902111e-09
 238876.5 3.168732532180486e-08
 238877.0 5.92664470154897e-06
 238877.5 1.965463068290673e-07
 238878.0 2.428195574947154e-06
 238878.5 9.963510496296665e-08
 238879.0 3.834856345948907e-07
 238879.5 3.071570766417166e-07
 238880.0 1.297466927806568e-08
 238880.5 3.761090632994918e-06
 238881.0 3.033123150385654e-09
 238881.5 1.905029929226875e-06
 238882.0 1.1474275303355e-07
 238882.5 1.198620254464262e-06
 238883.0 3.111884035650618e-06
 238883.5 1.175184676353505e-07
 238884.0 9.519782705608044e-06
 238884.5 1.072433389405284e-05
 238885.0 7.033933980715543e-07
 238885.5 2.978872531087824e-06
 238886.0 1.039168434658944e-05
 238886.5 2.178818673084641e-06
 238887.0 2.360460647115714e-06
 238887.5 1.042124536106137e-06
 238888.0 5.965971457075894e-06
 238888.5 2.795843227372173e-08
 238889.0 9.880711156941192e-07
 238889.5 4.763270360537894e-08
 238890.0 1.438172208733088e-06
 238890.5 6.561277760836895e-09
 238891.0 2.463639431062283e-06
 238891.5 2.251522909173247e-08
 238892.0 1.669562563069472e-06
 238892.5 2.463400347992524e-06
 238893.0 3.99441577825893e-06
 238893.5 3.845834674004755e-08
 238894.0 4.795928617176108e-06
 238894.5 2.149697052887981e-06
 238895.0 1.958635493731366e-07
 238895.5 8.044363220097329e-07
 238896.0 4.138575367659124e-06
 238896.5 3.40148843607063e-06
 238897.0 1.302612230983918e-06
 238897.5 3.042480015811562e-06
 238898.0 5.050931198860741e-06
 238898.5 4.588606507643767e-06
 238899.0 1.093505704831453e-07
 238899.5 1.76249494606397e-07
 238900.0 2.605480368467674e-06
 238900.5 2.237306493327423e-06
 238901.0 1.210699864518316e-09
 238901.5 1.805794842494792e-06
 238902.0 7.494708571191289e-07
 238902.5 2.954113273823453e-07
 238903.0 8.431729945315846e-07
 238903.5 1.165363385598401e-06
 238904.0 1.487517886133536e-06
 238904.5 5.524306184784959e-11
 238905.0 2.930104221232999e-06
 238905.5 7.832460225304374e-07
 238906.0 7.117203912366433e-06
 238906.5 9.625499398761674e-07
 238907.0 1.760144128128852e-06
 238907.5 1.727709941709207e-08
 238908.0 1.119412300728013e-07
 238908.5 1.102521097060186e-06
 238909.0 2.078554977295135e-07
 238909.5 6.445421635250775e-08
 238910.0 2.818711972773637e-08
 238910.5 3.387419037534722e-06
 238911.0 1.810847307642125e-08
 238911.5 1.285662445594404e-06
 238912.0 9.119796382423093e-07
 238912.5 4.052451040896723e-06
 238913.0 4.029198185088001e-06
 238913.5 1.504367815045063e-05
 238914.0 9.230619087200746e-06
 238914.5 1.874343466052457e-06
 238915.0 5.370123636059832e-07
 238915.5 1.296877797688103e-07
 238916.0 1.62335363341215e-06
 238916.5 4.095796252220989e-06
 238917.0 1.207394165077534e-05
 238917.5 3.522671447412214e-06
 238918.0 8.372383467814711e-06
 238918.5 1.279701698746966e-08
 238919.0 1.940025487692744e-06
 238919.5 6.405583039317217e-06
 238920.0 8.514114503223127e-07
 238920.5 1.115020664626061e-05
 238921.0 5.508804864245907e-07
 238921.5 9.78003891928554e-06
 238922.0 5.546521138127657e-07
 238922.5 1.625238317559332e-06
 238923.0 1.011663229094981e-05
 238923.5 6.792817581369344e-07
 238924.0 1.285743161298598e-06
 238924.5 3.047781205955074e-06
 238925.0 2.106075290474509e-06
 238925.5 7.022683087252334e-07
 238926.0 2.184926679712397e-06
 238926.5 5.185671805809968e-07
 238927.0 4.784379059004194e-08
 238927.5 9.070481145443257e-07
 238928.0 8.082088959353313e-06
 238928.5 9.275013019587477e-07
 238929.0 2.296381703146728e-06
 238929.5 6.718060901440077e-06
 238930.0 2.309740752726718e-06
 238930.5 6.491111995791098e-09
 238931.0 5.217195266999582e-06
 238931.5 7.329648550653484e-06
 238932.0 4.491691700463383e-06
 238932.5 4.24885994914935e-08
 238933.0 2.997852948514247e-06
 238933.5 5.797122051777958e-07
 238934.0 1.094700330885275e-07
 238934.5 9.549924848639566e-08
 238935.0 1.732821926676103e-06
 238935.5 5.434119186143258e-06
 238936.0 4.030323526912093e-07
 238936.5 1.400056251893858e-05
 238937.0 5.192068849522185e-06
 238937.5 2.559756481364355e-08
 238938.0 7.275819315698334e-06
 238938.5 2.052968675360372e-07
 238939.0 1.42363468043983e-08
 238939.5 2.901950121082177e-08
 238940.0 3.869548139342202e-06
 238940.5 2.295185059271941e-06
 238941.0 4.349423829603641e-06
 238941.5 5.452923829696706e-06
 238942.0 5.759431284502771e-06
 238942.5 2.366989994548864e-05
 238943.0 8.291305321963818e-09
 238943.5 6.714149655431829e-07
 238944.0 2.724940666847768e-06
 238944.5 3.256046581446666e-06
 238945.0 1.198740733498743e-06
 238945.5 6.503055377791108e-06
 238946.0 1.098559562130841e-06
 238946.5 3.104622620822918e-06
 238947.0 1.62919614068908e-06
 238947.5 2.707474865505986e-06
 238948.0 1.338358911781729e-07
 238948.5 3.469327929748548e-07
 238949.0 2.227352479424099e-05
 238949.5 1.119579737359508e-06
 238950.0 5.802769172187159e-07
 238950.5 4.355522436714469e-07
 238951.0 6.766996203100457e-07
 238951.5 4.932807917022475e-07
 238952.0 1.352129603322763e-06
 238952.5 3.369730427632068e-06
 238953.0 2.317516218948068e-07
 238953.5 6.767524810218699e-06
 238954.0 2.428586714647478e-07
 238954.5 1.284257967958172e-07
 238955.0 1.309079180390246e-06
 238955.5 1.094166146599288e-06
 238956.0 1.993293173133646e-06
 238956.5 1.832186080138535e-06
 238957.0 1.377692474314654e-07
 238957.5 2.82449116241911e-07
 238958.0 1.21465385821182e-05
 238958.5 2.609459424900422e-09
 238959.0 2.593731630531536e-06
 238959.5 8.429315853211007e-06
 238960.0 1.037704871372736e-05
 238960.5 2.774432872882311e-07
 238961.0 6.126909122534661e-09
 238961.5 2.55667144621584e-06
 238962.0 5.238190074846113e-06
 238962.5 3.828086539069727e-06
 238963.0 7.224818196000806e-06
 238963.5 1.072754884665875e-06
 238964.0 3.220174388038138e-06
 238964.5 1.289126535349366e-07
 238965.0 4.064166048323032e-06
 238965.5 2.308352156408927e-06
 238966.0 4.801403609792343e-07
 238966.5 1.952420875374799e-07
 238967.0 2.128633147482453e-07
 238967.5 1.665773092331574e-10
 238968.0 8.114099615694256e-07
 238968.5 7.473749738981883e-06
 238969.0 6.720988796779583e-07
 238969.5 2.717892837918222e-07
 238970.0 7.830260077109908e-06
 238970.5 1.762685883474485e-06
 238971.0 5.476565986788996e-07
 238971.5 7.208590119621678e-07
 238972.0 2.760846659656168e-08
 238972.5 1.641930199058666e-06
 238973.0 9.309537953724764e-06
 238973.5 7.699420526500915e-09
 238974.0 1.597037742161618e-06
 238974.5 1.464127760057039e-05
 238975.0 3.164909565390893e-07
 238975.5 3.087297791915247e-06
 238976.0 7.880246827297693e-08
 238976.5 1.57283333909813e-05
 238977.0 2.509630604227485e-06
 238977.5 7.4640180595899e-07
 238978.0 1.006136459682735e-06
 238978.5 2.352840442677306e-08
 238979.0 7.619309067786599e-09
 238979.5 2.499688244965652e-06
 238980.0 4.246129580144582e-08
 238980.5 3.379652349220079e-07
 238981.0 4.950073925885268e-06
 238981.5 4.6951653620885e-10
 238982.0 3.275756529036915e-06
 238982.5 3.20293272313105e-06
 238983.0 4.320178072684222e-06
 238983.5 2.170897907677802e-06
 238984.0 6.141554046480034e-08
 238984.5 1.026236290166754e-05
 238985.0 3.598618492854167e-07
 238985.5 7.054888487621596e-07
 238986.0 5.212627022816271e-06
 238986.5 9.864916012938234e-07
 238987.0 3.792591756085029e-06
 238987.5 1.208458377137702e-07
 238988.0 2.650581326356618e-07
 238988.5 1.262608223828783e-08
 238989.0 2.281885641333922e-07
 238989.5 4.155070670714525e-10
 238990.0 2.723609552894424e-10
 238990.5 1.743192633532998e-06
 238991.0 4.428246411696643e-08
 238991.5 3.712467241717859e-11
 238992.0 6.387204876218761e-06
 238992.5 4.528517050110284e-06
 238993.0 1.460213102414356e-06
 238993.5 5.965917129112348e-08
 238994.0 2.858349955696687e-06
 238994.5 6.40570537615187e-08
 238995.0 5.01857535112155e-07
 238995.5 4.562740313805097e-07
 238996.0 3.354043299656064e-07
 238996.5 6.089533051589427e-07
 238997.0 2.323225935396138e-06
 238997.5 1.049232312669214e-07
 238998.0 2.538835599523163e-07
 238998.5 2.9782787092005e-06
 238999.0 1.02278150799508e-06
 238999.5 1.499519446214972e-05
 239000.0 4.873467853263055e-07
 239000.5 9.951064622267031e-08
 239001.0 1.130741473872049e-05
 239001.5 5.051852192587899e-06
 239002.0 5.547409244955175e-07
 239002.5 6.041523983234822e-06
 239003.0 8.10542693524354e-07
 239003.5 5.041252468939218e-07
 239004.0 7.55629821535582e-08
 239004.5 1.148147399275421e-06
 239005.0 6.06738949448967e-07
 239005.5 8.247916084227175e-07
 239006.0 2.941472110954288e-07
 239006.5 3.063283590351522e-06
 239007.0 7.689327924331627e-06
 239007.5 2.014008665098457e-07
 239008.0 7.577344484042071e-07
 239008.5 2.485530529257738e-07
 239009.0 4.72036356448356e-07
 239009.5 3.264193786065468e-07
 239010.0 1.683265176185525e-06
 239010.5 2.024262135275521e-06
 239011.0 7.56385675098963e-07
 239011.5 1.054824011380497e-07
 239012.0 1.981798601746444e-09
 239012.5 1.060097670269267e-06
 239013.0 5.115479873248876e-06
 239013.5 7.866805100006013e-06
 239014.0 4.26294953952695e-06
 239014.5 1.641569071011077e-07
 239015.0 5.563379679945793e-06
 239015.5 8.145365874052688e-08
 239016.0 1.246739894420145e-06
 239016.5 2.207882437873762e-07
 239017.0 3.439030646404014e-06
 239017.5 7.676995992700582e-07
 239018.0 5.360579929124596e-07
 239018.5 2.399449811305098e-06
 239019.0 1.12577825148509e-06
 239019.5 2.637088263681999e-06
 239020.0 1.887852652970242e-06
 239020.5 2.886199191845099e-07
 239021.0 2.009491973210065e-06
 239021.5 1.073302020908109e-07
 239022.0 4.031385218241557e-06
 239022.5 2.098444119884963e-07
 239023.0 3.495024833666361e-09
 239023.5 4.974161132623626e-07
 239024.0 1.521533985786847e-06
 239024.5 1.866126274082368e-05
 239025.0 1.750180256336325e-06
 239025.5 2.051310238064903e-07
 239026.0 8.12185077409588e-06
 239026.5 6.523448049072319e-06
 239027.0 5.939986475435799e-13
 239027.5 2.884868897785857e-06
 239028.0 3.000279440119037e-06
 239028.5 2.201299825016013e-08
 239029.0 9.305856615552681e-06
 239029.5 2.895093394518335e-06
 239030.0 1.309011118545908e-06
 239030.5 4.863981145040399e-06
 239031.0 1.816509077739527e-07
 239031.5 3.169774843468903e-06
 239032.0 4.500152299225361e-06
 239032.5 6.898432800733754e-07
 239033.0 1.027428071571163e-07
 239033.5 3.065308120217512e-09
 239034.0 1.732003675135239e-06
 239034.5 1.843877211185749e-06
 239035.0 1.871394852394274e-06
 239035.5 5.501273397013473e-07
 239036.0 1.135189902835503e-06
 239036.5 5.014993752812145e-09
 239037.0 2.849433352574939e-06
 239037.5 2.363733511544612e-06
 239038.0 2.212101957518011e-06
 239038.5 6.409405014999715e-07
 239039.0 1.034398854634086e-06
 239039.5 4.377166735264279e-06
 239040.0 3.907595371142397e-07
 239040.5 5.409219955624447e-06
 239041.0 1.923891968514049e-06
 239041.5 3.529209604936507e-06
 239042.0 2.00894768611774e-06
 239042.5 3.675229330576886e-06
 239043.0 1.274288208380576e-06
 239043.5 2.137099308529839e-07
 239044.0 7.186058390478389e-06
 239044.5 5.092507313616577e-06
 239045.0 7.634148096585216e-08
 239045.5 1.130913554887315e-06
 239046.0 1.454451751835415e-06
 239046.5 1.717642736171535e-06
 239047.0 6.088066785720046e-08
 239047.5 1.036321735384445e-06
 239048.0 1.096016480738492e-06
 239048.5 5.333990038966978e-06
 239049.0 2.754384533704795e-07
 239049.5 1.718732861788957e-06
 239050.0 4.413766767351471e-07
 239050.5 1.548871871198821e-07
 239051.0 6.771370306834428e-07
 239051.5 7.84271300222756e-07
 239052.0 4.664671845854014e-07
 239052.5 1.975663418602327e-06
 239053.0 5.610765092831932e-06
 239053.5 6.093333536952674e-07
 239054.0 4.342009118774116e-06
 239054.5 7.531855086431e-07
 239055.0 7.2628739831722e-06
 239055.5 2.09885365843656e-06
 239056.0 4.034558940588088e-07
 239056.5 5.342746921857734e-06
 239057.0 2.733920805091325e-06
 239057.5 3.701143200696647e-07
 239058.0 1.001958034871079e-05
 239058.5 4.204132548354233e-07
 239059.0 4.268174941441231e-12
 239059.5 5.741810232602351e-06
 239060.0 9.989863162690103e-07
 239060.5 1.190217029685886e-08
 239061.0 1.188068266819205e-07
 239061.5 4.402133933763364e-09
 239062.0 1.879618001187349e-07
 239062.5 7.412814211144758e-08
 239063.0 4.879235893112815e-06
 239063.5 1.854482018283661e-06
 239064.0 2.694345122679014e-06
 239064.5 5.746650075890509e-06
 239065.0 3.302982142702099e-08
 239065.5 4.095713376782433e-07
 239066.0 1.279091029715087e-06
 239066.5 1.594903283315984e-09
 239067.0 1.95623804253921e-07
 239067.5 4.896070647135681e-08
 239068.0 3.057388056054815e-06
 239068.5 1.698404066874698e-06
 239069.0 2.778170288107772e-06
 239069.5 6.009560259110924e-08
 239070.0 3.849930383227328e-06
 239070.5 5.514666513492868e-06
 239071.0 6.749215493564679e-06
 239071.5 1.047717401071247e-06
 239072.0 5.854195981415569e-06
 239072.5 2.655299785992777e-07
 239073.0 2.290625296795365e-06
 239073.5 6.721635258750384e-07
 239074.0 3.491071791869392e-07
 239074.5 4.337144185144358e-07
 239075.0 3.666557626095306e-06
 239075.5 6.152206434585874e-07
 239076.0 2.238362047769147e-07
 239076.5 2.163464059220935e-06
 239077.0 5.860177325883732e-07
 239077.5 2.673651072158827e-06
 239078.0 2.229988113173809e-06
 239078.5 4.057075175895105e-06
 239079.0 2.118874376228913e-06
 239079.5 4.155816596472855e-07
 239080.0 7.636798334548613e-08
 239080.5 6.259351087934736e-07
 239081.0 2.291776648698321e-06
 239081.5 6.51826207959838e-09
 239082.0 7.03512085805323e-07
 239082.5 7.820921439731902e-06
 239083.0 4.951575967662662e-08
 239083.5 2.532687342553265e-06
 239084.0 1.598771602892405e-05
 239084.5 6.530343835476128e-07
 239085.0 7.904212754895665e-06
 239085.5 8.328425645247588e-06
 239086.0 1.545918923912243e-09
 239086.5 2.926427077214557e-06
 239087.0 5.483920297779117e-06
 239087.5 1.299942139346069e-06
 239088.0 9.134565485796836e-06
 239088.5 1.455830959271265e-07
 239089.0 5.603529659520428e-06
 239089.5 6.705414117769799e-07
 239090.0 1.425504047341761e-06
 239090.5 6.747995916593534e-07
 239091.0 1.386686149889338e-06
 239091.5 4.605024917257077e-06
 239092.0 1.325430140127355e-07
 239092.5 1.054174075202392e-07
 239093.0 8.987185823962064e-07
 239093.5 4.1572237640614e-10
 239094.0 1.810692909449291e-06
 239094.5 3.789205283185508e-06
 239095.0 1.446473436530357e-06
 239095.5 2.450835882930189e-06
 239096.0 1.379968901007309e-06
 239096.5 2.01162928315386e-05
 239097.0 3.450504233767933e-07
 239097.5 1.735412329498782e-06
 239098.0 8.55800031001835e-07
 239098.5 4.08912828331718e-07
 239099.0 8.226628016050803e-07
 239099.5 1.876471070103016e-06
 239100.0 1.130739054164189e-06
 239100.5 1.128565772475898e-06
 239101.0 7.007086508654053e-07
 239101.5 4.678857242959125e-07
 239102.0 1.176168882601005e-05
 239102.5 9.305840948608814e-07
 239103.0 1.232068337327635e-09
 239103.5 1.729229886021052e-06
 239104.0 9.109397429897784e-07
 239104.5 1.000065485762684e-05
 239105.0 4.217395411148765e-06
 239105.5 5.804247268174774e-06
 239106.0 2.358885712475743e-06
 239106.5 3.149176805035789e-06
 239107.0 2.23083511827946e-05
 239107.5 5.009633461079716e-07
 239108.0 3.186565068827667e-07
 239108.5 7.836038684463657e-07
 239109.0 2.098073675780269e-06
 239109.5 1.280511645042132e-07
 239110.0 5.100347503277938e-08
 239110.5 2.078026789407177e-07
 239111.0 5.467118473620467e-06
 239111.5 4.064125061718244e-07
 239112.0 2.066741168780403e-08
 239112.5 8.286222496779393e-08
 239113.0 1.370591436387068e-06
 239113.5 2.872694723828391e-07
 239114.0 4.171527433475468e-07
 239114.5 7.532640570516582e-06
 239115.0 2.537671430161725e-06
 239115.5 1.030387611872585e-06
 239116.0 1.224238776851898e-07
 239116.5 1.596831556643091e-07
 239117.0 1.75064174865858e-06
 239117.5 1.188548653356796e-06
 239118.0 8.27168911266769e-07
 239118.5 2.017787297942602e-09
 239119.0 2.398644715573479e-06
 239119.5 1.101586037514369e-05
 239120.0 1.099983009365305e-05
 239120.5 1.474289030784019e-07
 239121.0 3.921864153716196e-06
 239121.5 6.737542458554599e-06
 239122.0 2.123663709420021e-05
 239122.5 2.762560182052536e-07
 239123.0 9.365788745801498e-08
 239123.5 2.355379071820558e-06
 239124.0 1.217192648589636e-06
 239124.5 1.503047322134282e-06
 239125.0 1.401133476339093e-07
 239125.5 4.040059265784119e-06
 239126.0 3.787374660750723e-09
 239126.5 2.356923806239032e-06
 239127.0 9.94277606261346e-06
 239127.5 1.224928986892813e-08
 239128.0 1.085400252425641e-06
 239128.5 7.158818141002882e-07
 239129.0 1.936914937643285e-06
 239129.5 4.454109321360567e-06
 239130.0 3.08646750846373e-07
 239130.5 4.650537702612597e-07
 239131.0 2.172920491210846e-06
 239131.5 5.470128750547134e-07
 239132.0 2.495004767997885e-07
 239132.5 4.44722479554002e-07
 239133.0 9.961064534573767e-07
 239133.5 7.902693480071231e-08
 239134.0 2.66599419649953e-07
 239134.5 3.973433518187693e-06
 239135.0 2.184694832796414e-06
 239135.5 4.256892635388401e-07
 239136.0 6.23712186319648e-06
 239136.5 3.32087528885443e-06
 239137.0 4.978826659997429e-08
 239137.5 1.307065146653343e-06
 239138.0 5.458022317796051e-06
 239138.5 3.800266334087805e-09
 239139.0 6.131721004796455e-06
 239139.5 2.056666875328024e-06
 239140.0 5.214530781086635e-08
 239140.5 4.632625051416147e-07
 239141.0 2.064475568722909e-06
 239141.5 6.432983521511004e-08
 239142.0 1.315608125686448e-05
 239142.5 7.671536204529566e-06
 239143.0 1.33860521248845e-08
 239143.5 1.56721675783158e-06
 239144.0 1.58571731502204e-06
 239144.5 7.257325201456578e-07
 239145.0 1.002016239904464e-06
 239145.5 5.543889576666409e-07
 239146.0 3.270329271701848e-08
 239146.5 1.146853138235104e-07
 239147.0 4.84277436821491e-07
 239147.5 2.938357629861913e-07
 239148.0 4.924277417896713e-07
 239148.5 2.520756509351199e-06
 239149.0 3.621127092230018e-07
 239149.5 6.194468535358363e-06
 239150.0 1.713227017904741e-06
