 238850.5 6.631791019118261e-09
 238851.0 3.860462283178379e-09
 238851.5 2.123750730831375e-09
 238852.0 1.12812471864121e-09
 238852.5 5.786269935414978e-10
 238853.0 2.865674086915959e-10
 238853.5 1.370377283871349e-10
 238854.0 6.327563473185194e-11
 238854.5 2.821085032245207e-11
 238855.0 1.214446598840624e-11
 238855.5 5.047962048365662e-12
 238856.0 2.025921097548178e-12
 238856.5 7.850387007124482e-13
 238857.0 2.93792767891432e-13
 238857.5 1.061095655785493e-13
 238858.0 3.702593787124897e-14
 238858.5 1.249000902703301e-14
 238859.0 4.010680676458378e-15
 238859.5 1.290634266126744e-15
 238860.0 4.718447854656915e-16
 238860.5 1.665334536937735e-16
 238861.0 0.0
 238861.5 0.0
 238862.0 0.0
 238862.5 0.0
 238863.0 0.0
 238863.5 0.0
 238864.0 0.0
 238864.5 0.0
 238865.0 0.0
 238865.5 0.0
 238866.0 0.0
 238866.5 0.0
 238867.0 0.0
 238867.5 0.0
 238868.0 0.0
 238868.5 0.0
 238869.0 0.0
 238869.5 0.0
 238870.0 0.0
 238870.5 0.0
 238871.0 0.0
 238871.5 0.0
 238872.0 0.0
 238872.5 0.0
 238873.0 0.0
 238873.5 0.0
 238874.0 0.0
 238874.5 0.0
 238875.0 0.0
 238875.5 0.0
 238876.0 0.0
 238876.5 0.0
 238877.0 0.0
 238877.5 0.0
 238878.0 0.0
 238878.5 0.0
 238879.0 0.0
 238879.5 0.0
 238880.0 0.0
 238880.5 0.0
 238881.0 0.0
 238881.5 0.0
 238882.0 0.0
 238882.5 0.0
 238883.0 0.0
 238883.5 0.0
 238884.0 0.0
 238884.5 0.0
 238885.0 0.0
 238885.5 0.0
 238886.0 0.0
 238886.5 0.0
 238887.0 0.0
 238887.5 0.0
 238888.0 0.0
 238888.5 0.0
 238889.0 0.0
 238889.5 0.0
 238890.0 0.0
 238890.5 0.0
 238891.0 0.0
 238891.5 0.0
 238892.0 0.0
 238892.5 0.0
 238893.0 0.0
 238893.5 1.804112415015879e-16
 238894.0 7.216449660063518e-16
 238894.5 2.164934898019055e-15
 238895.0 7.244205235679146e-15
 238895.5 2.356448369766895e-14
 238896.0 7.283063041541027e-14
 238896.5 2.176175906143385e-13
 238897.0 6.287609322086496e-13
 238897.5 1.753847067575975e-12
 238898.0 4.723541002782383e-12
 238898.5 1.228357693339177e-11
 238899.0 3.084388300322871e-11
 238899.5 7.478262453730622e-11
 238900.0 1.750729006211316e-10
 238900.5 3.957548733168892e-10
 238901.0 8.638221943302327e-10
 238901.5 1.820600059598831e-09
 238902.0 3.705086334959695e-09
 238902.5 7.280767599926463e-09
 238903.0 1.381504896591501e-08
 238903.5 2.531194161214945e-08
 238904.0 4.478138862507031e-08
 238904.5 7.65014992465396e-08
 238905.0 1.261954796771825e-07
 238905.5 2.010111836980855e-07
 238906.0 3.091720705145073e-07
 238906.5 4.591820165628091e-07
 238907.0 6.585291083271994e-07
 238907.5 9.119511312771778e-07
 238908.0 1.219496017446087e-06
 238908.5 1.575060323361077e-06
 238909.0 1.969952207581116e-06
 238909.5 2.431236362676614e-06
 238910.0 3.184978663403615e-06
 238910.5 4.892929622926645e-06
 238911.0 8.167111174350872e-06
 238911.5 1.187494861978888e-05
 238912.0 1.342922638500332e-05
 238912.5 1.057834445722383e-05
 238913.0 6.738558012225893e-06
 238913.5 4.06757126437951e-06
 238914.0 2.829252959746231e-06
 238914.5 2.239443471024893e-06
 238915.0 1.813718049414881e-06
 238915.5 1.433452225418907e-06
 238916.0 1.095220935803942e-06
 238916.5 8.080934653792449e-07
 238917.0 5.75744379616161e-07
 238917.5 3.96099108512793e-07
 238918.0 2.631377584161321e-07
 238918.5 1.687977660702611e-07
 238919.0 1.045570779539817e-07
 238919.5 6.2537761677528e-08
 238920.0 3.61187117575712e-08
 238920.5 2.014290005625252e-08
 238921.0 1.084701686804301e-08
 238921.5 5.640218098124095e-09
 238922.0 2.831896550592461e-09
 238922.5 1.372945673816517e-09
 238923.0 6.427207654979838e-10
 238923.5 2.905244933515405e-10
 238924.0 1.268039839796842e-10
 238924.5 5.344064080148314e-11
 238925.0 2.174686819511606e-11
 238925.5 8.544789875664094e-12
 238926.0 3.241809598542034e-12
 238926.5 1.187508424926875e-12
 238927.0 4.199834924278889e-13
 238927.5 1.434963259328015e-13
 238928.0 4.728162306122385e-14
 238928.5 1.502964419586306e-14
 238929.0 4.718447854656915e-15
 238929.5 1.443289932012704e-15
 238930.0 3.608224830031759e-16
 238930.5 0.0
 238931.0 0.0
 238931.5 0.0
 238932.0 0.0
 238932.5 0.0
 238933.0 0.0
 238933.5 0.0
 238934.0 0.0
 238934.5 0.0
 238935.0 0.0
 238935.5 0.0
 238936.0 0.0
 238936.5 0.0
 238937.0 0.0
 238937.5 0.0
 238938.0 0.0
 238938.5 0.0
 238939.0 0.0
 238939.5 0.0
 238940.0 0.0
 238940.5 0.0
 238941.0 0.0
 238941.5 0.0
 238942.0 0.0
 238942.5 0.0
 238943.0 0.0
 238943.5 0.0
 238944.0 0.0
 238944.5 0.0
 238945.0 0.0
 238945.5 0.0
 238946.0 0.0
 238946.5 0.0
 238947.0 0.0
 238947.5 0.0
 238948.0 0.0
 238948.5 0.0
 238949.0 0.0
 238949.5 0.0
 238950.0 0.0
 238950.5 0.0
 238951.0 0.0
 238951.5 0.0
 238952.0 0.0
 238952.5 0.0
 238953.0 4.579669976578771e-16
 238953.5 2.095545958979983e-15
 238954.0 7.202571872255703e-15
 238954.5 2.441102875394563e-14
 238955.0 8.115730310009894e-14
 238955.5 2.600142323672117e-13
 238956.0 8.030381914991835e-13
 238956.5 2.395181275538505e-12
 238957.0 6.898301374569371e-12
 238957.5 1.918436243197874e-11
 238958.0 5.15163744996272e-11
 238958.5 1.335778709865565e-10
 238959.0 3.34438754467925e-10
 238959.5 8.085223324183488e-10
 238960.0 1.887393102917301e-09
 238960.5 4.254312624407675e-09
 238961.0 9.259652850035494e-09
 238961.5 1.946076069736513e-08
 238962.0 3.949355179000413e-08
 238962.5 7.739186100308437e-08
 238963.0 1.46442958273707e-07
 238963.5 2.675759890463647e-07
 238964.0 4.720983788064625e-07
 238964.5 8.043143624042459e-07
 238965.0 1.32320838573674e-06
 238965.5 2.102039475454509e-06
 238966.0 3.22451738998808e-06
 238966.5 4.77640092773346e-06
 238967.0 6.832032384093689e-06
 238967.5 9.436548720626048e-06
 238968.0 1.258628596149947e-05
 238968.5 1.621508143559436e-05
 238969.0 2.023976655315951e-05
 238969.5 2.500115779258127e-05
 238970.0 3.303700559018075e-05
 238970.5 5.133139884247462e-05
 238971.0 8.545413013882897e-05
 238971.5 0.0001222102718595186
 238972.0 0.0001351829852714592
 238972.5 0.0001044076527072779
 238973.0 6.578217981009771e-05
 238973.5 3.991346394345563e-05
 238974.0 2.809749540604034e-05
 238974.5 2.234345000431959e-05
 238975.0 1.808135952294232e-05
 238975.5 1.425989874856426e-05
 238976.0 1.087018264246675e-05
 238976.5 8.002025553663361e-06
 238977.0 5.68824723214123e-06
 238977.5 3.904545718053098e-06
 238978.0 2.5880650567911e-06
 238978.5 1.656500475982758e-06
 238979.0 1.023808290576134e-06
 238979.5 6.110199003844796e-07
 238980.0 3.521280111523639e-07
 238980.5 1.959535360362974e-07
 238981.0 1.052959567732215e-07
 238981.5 5.46355141961552e-08
 238982.0 2.737422030718584e-08
 238982.5 1.324373413713609e-08
 238983.0 6.186993389833972e-09
 238983.5 2.79092288169025e-09
 238984.0 1.215663888998186e-09
 238984.5 5.112990308919763e-10
 238985.0 2.076494254321659e-10
 238985.5 8.142915508546622e-11
 238986.0 3.083332200670696e-11
 238986.5 1.127321846983165e-11
 238987.0 3.979830354161606e-12
 238987.5 1.356678658304133e-12
 238988.0 4.464900671408145e-13
 238988.5 1.418587469714794e-13
 238989.0 4.349298698969051e-14
 238989.5 1.278144257099711e-14
 238990.0 3.483324739761429e-15
 238990.5 9.43689570931383e-16
 238991.0 2.359223927328458e-16
 238991.5 0.0
 238992.0 0.0
 238992.5 0.0
 238993.0 0.0
 238993.5 0.0
 238994.0 0.0
 238994.5 0.0
 238995.0 0.0
 238995.5 0.0
 238996.0 0.0
 238996.5 0.0
 238997.0 0.0
 238997.5 0.0
 238998.0 0.0
 238998.5 0.0
 238999.0 0.0
 238999.5 0.0
 239000.0 0.0
 239000.5 0.0
 239001.0 0.0
 239001.5 0.0
 239002.0 0.0
 239002.5 0.0
 239003.0 2.220446049250313e-16
 239003.5 6.38378239159465e-16
 239004.0 2.331468351712829e-15
 239004.5 8.465450562766819e-15
 239005.0 2.900457651833221e-14
 239005.5 9.761635944016689e-14
 239006.0 3.171907181354072e-13
 239006.5 9.958145419375342e-13
 239007.0 3.019431926709615e-12
 239007.5 8.839734499943575e-12
 239008.0 2.498812268214579e-11
 239008.5 6.82053163947316e-11
 239009.0 1.797633430999923e-10
 239009.5 4.574897266573785e-10
 239010.0 1.124243781402967e-09
 239010.5 2.66772090529166e-09
 239011.0 6.112552852766129e-09
 239011.5 1.3524112732477e-08
 239012.0 2.889351805035467e-08
 239012.5 5.960724631937087e-08
 239013.0 1.187424868570597e-07
 239013.5 2.284141888686531e-07
 239014.0 4.242787036146112e-07
 239014.5 7.610127072121831e-07
 239015.0 1.318093900401496e-06
 239015.5 2.204528628951818e-06
 239016.0 3.560419804454762e-06
 239016.5 5.552694759380916e-06
 239017.0 8.36227618546126e-06
 239017.5 1.216085886676654e-05
 239018.0 1.707748492424388e-05
 239018.5 2.315824292090096e-05
 239019.0 3.032777270817189e-05
 239019.5 3.839448629772146e-05
 239020.0 4.741333071972553e-05
 239020.5 5.980249490904199e-05
 239021.0 8.562936517207687e-05
 239021.5 0.0001416091827669136
 239022.0 0.0002231102633943188
 239022.5 0.00028505530958578
 239023.0 0.0002540589710371688
 239023.5 0.0001757515264320109
 239024.0 0.0001053942949409969
 239024.5 6.833314107274058e-05
 239025.0 5.200685580275533e-05
 239025.5 4.213109989251174e-05
 239026.0 3.371410485916715e-05
 239026.5 2.613076930095548e-05
 239027.0 1.95624071929329e-05
 239027.5 1.414226605572777e-05
 239028.0 9.872704285485145e-06
 239028.5 6.655377095238224e-06
 239029.0 4.332391815256575e-06
 239029.5 2.723330486009701e-06
 239030.0 1.653063378945219e-06
 239030.5 9.689337985285817e-07
 239031.0 5.484196298616295e-07
 239031.5 2.997401657989229e-07
 239032.0 1.581935172856319e-07
 239032.5 8.062001466413449e-08
 239033.0 3.967401240867474e-08
 239033.5 1.885284948988097e-08
 239034.0 8.650755070616079e-09
 239034.5 3.832971898209969e-09
 239035.0 1.639911109685421e-09
 239035.5 6.77495601286715e-10
 239036.0 2.702665868881127e-10
 239036.5 1.041060709860986e-10
 239037.0 3.872187293030294e-11
 239037.5 1.390697279557429e-11
 239038.0 4.822892085698527e-12
 239038.5 1.615041433922215e-12
 239039.0 5.223182997227127e-13
 239039.5 1.630362511662042e-13
 239040.0 4.911349105185536e-14
 239040.5 1.439126595670359e-14
 239041.0 4.024558464266192e-15
 239041.5 1.068589661201713e-15
 239042.0 2.220446049250313e-16
 239042.5 0.0
 239043.0 0.0
 239043.5 0.0
 239044.0 0.0
 239044.5 4.996003610813204e-16
 239045.0 2.275957200481571e-15
 239045.5 8.659739592076221e-15
 239046.0 3.130828929442941e-14
 239046.5 1.087185896864185e-13
 239047.0 3.661376757335688e-13
 239047.5 1.191588494542373e-12
 239048.0 3.744116128245878e-12
 239048.5 1.135939953211818e-11
 239049.0 3.327763065108513e-11
 239049.5 9.413374246758366e-11
 239050.0 2.571213242319459e-10
 239050.5 6.781592093441091e-10
 239051.0 1.727141041296676e-09
 239051.5 4.247450127725649e-09
 239052.0 1.008636443811106e-08
 239052.5 2.312855877650843e-08
 239053.0 5.121198773383462e-08
 239053.5 1.094977960386379e-07
 239054.0 2.260743600240867e-07
 239054.5 4.507242106349674e-07
 239055.0 8.677318047156657e-07
 239055.5 1.613156681110062e-06
 239056.0 2.895911526662465e-06
 239056.5 5.020106916608924e-06
 239057.0 8.403510632831734e-06
 239057.5 1.35840651270952e-05
 239058.0 2.120415670375797e-05
 239058.5 3.196211206858701e-05
 239059.0 4.652367883538344e-05
 239059.5 6.539395604379661e-05
 239060.0 8.876221696893505e-05
 239060.5 0.0001163521415823709
 239061.0 0.0001474302214138218
 239061.5 0.0001821206974610134
 239062.0 0.0002292553599604064
 239062.5 0.0003265863113646877
 239063.0 0.0005388726065874427
 239063.5 0.0008529511412252166
 239064.0 0.001098905132017033
 239064.5 0.0009887923450443703
 239065.0 0.0006889385392812725
 239065.5 0.00041364480612123
 239066.0 0.0002668947542951855
 239066.5 0.0002023691348258805
 239067.0 0.0001638785914007956
 239067.5 0.0001312549032149862
 239068.0 0.0001018451222317696
 239068.5 7.633243252028188e-05
 239069.0 5.524720042725251e-05
 239069.5 3.861330695506537e-05
 239070.0 2.606083077252852e-05
 239070.5 1.69849072650663e-05
 239071.0 1.068958479186199e-05
 239071.5 6.496511697512419e-06
 239072.0 3.812591494400941e-06
 239072.5 2.160627243202873e-06
 239073.0 1.182381809558541e-06
 239073.5 6.248167782191283e-07
 239074.0 3.18833063284174e-07
 239074.5 1.571044057346871e-07
 239075.0 7.475259752864893e-08
 239075.5 3.434595877149782e-08
 239076.0 1.523824354199288e-08
 239076.5 6.528337384570371e-09
 239077.0 2.700708531810925e-09
 239077.5 1.078859224179496e-09
 239078.0 4.162178796063287e-10
 239078.5 1.552749179234425e-10
 239079.0 5.670015845726795e-11
 239079.5 2.252902031596449e-11
 239080.0 1.665040327836209e-11
 239080.5 3.353983757392598e-11
 239081.0 9.46030198623049e-11
 239081.5 2.712825797335228e-10
 239082.0 7.553813130556364e-10
 239082.5 2.032212953473334e-09
 239083.0 5.2796427507662e-09
 239083.5 1.324494161569767e-08
 239084.0 3.208521287545452e-08
 239084.5 7.505342985991703e-08
 239085.0 1.695307472598939e-07
 239085.5 3.697773325594955e-07
 239086.0 7.788386454099516e-07
 239086.5 1.584059803577675e-06
 239087.0 3.111099850669485e-06
 239087.5 5.900325688382169e-06
 239088.0 1.080585097018583e-05
 239088.5 1.911015185777909e-05
 239089.0 3.263567632072473e-05
 239089.5 5.382021912406221e-05
 239090.0 8.57084484036652e-05
 239090.5 0.0001318038233928953
 239091.0 0.0001957309006007379
 239091.5 0.0002806845787875073
 239092.0 0.0003886927015991359
 239092.5 0.0005197907093356241
 239093.0 0.0006713955536752497
 239093.5 0.0008397789009074313
 239094.0 0.001036115887974531
 239094.5 0.001355276051110896
 239095.0 0.002077343361047562
 239095.5 0.003466993325458939
 239096.0 0.005054171138069358
 239096.5 0.005739444474914007
 239097.0 0.004541126627310779
 239097.5 0.002901381846555681
 239098.0 0.001750319004630047
 239098.5 0.001214304735273217
 239099.0 0.0009601701421426689
 239099.5 0.000777938009077328
 239100.0 0.0006153311475248224
 239100.5 0.0004705688724293833
 239101.0 0.0003475386072019221
 239101.5 0.0002478640142720562
 239102.0 0.0001707073392416825
 239102.5 0.0001135320337064816
 239103.0 7.291408101905983e-05
 239103.5 4.521999082292283e-05
 239104.0 2.708166726315964e-05
 239104.5 1.566205288701383e-05
 239105.0 8.747153185426071e-06
 239105.5 4.718630018316072e-06
 239106.0 2.461121864860694e-06
 239106.5 1.247375151086638e-06
 239107.0 6.294604566470241e-07
 239107.5 3.509474046370364e-07
 239108.0 2.854693537251984e-07
 239108.5 4.020695615475356e-07
 239109.0 7.562535084548738e-07
 239109.5 1.50637418851185e-06
 239110.0 2.956273158993827e-06
 239110.5 5.625383527108063e-06
 239111.0 1.034519485612617e-05
 239111.5 1.837473550339586e-05
 239112.0 3.151691904924869e-05
 239112.5 5.220311021979229e-05
 239113.0 8.349830723031193e-05
 239113.5 0.0001289698117198229
 239114.0 0.0001923659863350968
 239114.5 0.0002770761016026857
 239115.0 0.0003853907247904909
 239115.5 0.0005176531208290758
 239116.0 0.0006715493692193153
 239116.5 0.0008430413036457224
 239117.0 0.001039379713247968
 239117.5 0.001340710294719993
 239118.0 0.002010963966223522
 239118.5 0.003359728849852403
 239119.0 0.005036182913387588
 239119.5 0.005948992553952329
 239120.0 0.004886813251843633
 239120.5 0.003195459536397299
 239121.0 0.001916395816205743
 239121.5 0.001300212135035117
 239122.0 0.001017824263457479
 239122.5 0.0008259738939895844
 239123.0 0.0006570717306570439
 239123.5 0.0005069679028738283
 239124.0 0.0003804511744226052
 239124.5 0.0002807300250284861
 239125.0 0.0002090673557345324
 239125.5 0.0001657616582587396
 239126.0 0.000151211811202992
 239126.5 0.0001667795420817464
 239127.0 0.0002152744886670666
 239127.5 0.0003009459976288376
 239128.0 0.0004289328096110379
 239128.5 0.0006042063340250259
 239129.0 0.0008301497836057659
 239129.5 0.001107052325019814
 239130.0 0.001431306506432278
 239130.5 0.001800892038153687
 239131.0 0.002260214483748454
 239131.5 0.003063453374314351
 239132.0 0.004832914392208246
 239132.5 0.007937488464862238
 239133.0 0.01105666740383379
 239133.5 0.01200193014984255
 239134.0 0.009528844084871382
 239134.5 0.006724607531926621
 239135.0 0.005119197375423976
 239135.5 0.004679334423204382
 239136.0 0.004957529062926486
 239136.5 0.006259567732807281
 239137.0 0.009153832288719105
 239137.5 0.01260941038686916
 239138.0 0.01407811580892651
 239138.5 0.01117682076395501
 239139.0 0.007196618869835664
 239139.5 0.004353271816829485
 239140.0 0.002994597641118285
 239140.5 0.002340250136293243
 239141.0 0.001879296265470481
 239141.5 0.001477487133359628
 239142.0 0.001125288793405926
 239142.5 0.0008288711714048713
 239143.0 0.0005901884860301659
 239143.5 0.0004061175279855
 239144.0 0.0002700106209926056
 239144.5 0.0001734254677717151
 239145.0 0.0001075969907211316
 239145.5 6.447742033718895e-05
 239146.0 3.731726088770926e-05
 239146.5 2.085870924059541e-05
 239147.0 1.125969153688289e-05
 239147.5 5.869704830019362e-06
 239148.0 2.954939356536457e-06
 239148.5 1.436537846122299e-06
 239149.0 6.743986894902632e-07
 239149.5 3.05733764957572e-07
 239150.0 1.2678701191704e-07
