                     bin:                     prob.:
    1.810849248626551e+00      2.421307506053305e+00
    1.817849248626551e+00      0.000000000000000e+00
    1.824849248626551e+00      0.000000000000000e+00
    1.831849248626551e+00      0.000000000000000e+00
    1.838849248626551e+00      0.000000000000000e+00
    1.845849248626551e+00      0.000000000000000e+00
    1.852849248626551e+00      0.000000000000000e+00
    1.859849248626551e+00      0.000000000000000e+00
    1.866849248626551e+00      0.000000000000000e+00
    1.873849248626551e+00      0.000000000000000e+00
    1.880849248626551e+00      0.000000000000000e+00
    1.887849248626551e+00      0.000000000000000e+00
    1.894849248626551e+00      0.000000000000000e+00
    1.901849248626551e+00      0.000000000000000e+00
    1.908849248626551e+00      0.000000000000000e+00
    1.915849248626551e+00      0.000000000000000e+00
    1.922849248626551e+00      0.000000000000000e+00
    1.929849248626551e+00      0.000000000000000e+00
    1.936849248626551e+00      0.000000000000000e+00
    1.943849248626551e+00      0.000000000000000e+00
    1.950849248626551e+00      0.000000000000000e+00
    1.957849248626551e+00      0.000000000000000e+00
    1.964849248626551e+00      0.000000000000000e+00
    1.971849248626551e+00      0.000000000000000e+00
    1.978849248626551e+00      0.000000000000000e+00
    1.985849248626551e+00      0.000000000000000e+00
    1.992849248626551e+00      0.000000000000000e+00
    1.999849248626551e+00      0.000000000000000e+00
    2.006849248626551e+00      0.000000000000000e+00
    2.013849248626551e+00      0.000000000000000e+00
    2.020849248626551e+00      0.000000000000000e+00
    2.027849248626551e+00      0.000000000000000e+00
    2.034849248626551e+00      0.000000000000000e+00
    2.041849248626551e+00      0.000000000000000e+00
    2.048849248626551e+00      0.000000000000000e+00
    2.055849248626551e+00      0.000000000000000e+00
    2.062849248626551e+00      0.000000000000000e+00
    2.069849248626551e+00      0.000000000000000e+00
    2.076849248626551e+00      0.000000000000000e+00
    2.083849248626551e+00      0.000000000000000e+00
    2.090849248626551e+00      0.000000000000000e+00
    2.097849248626551e+00      0.000000000000000e+00
    2.104849248626551e+00      0.000000000000000e+00
    2.111849248626551e+00      0.000000000000000e+00
    2.118849248626551e+00      0.000000000000000e+00
    2.125849248626551e+00      0.000000000000000e+00
    2.132849248626551e+00      0.000000000000000e+00
    2.139849248626551e+00      0.000000000000000e+00
    2.146849248626551e+00      0.000000000000000e+00
    2.153849248626551e+00      0.000000000000000e+00
    2.160849248626551e+00      0.000000000000000e+00
    2.167849248626551e+00      0.000000000000000e+00
    2.174849248626551e+00      0.000000000000000e+00
    2.181849248626551e+00      0.000000000000000e+00
    2.188849248626551e+00      0.000000000000000e+00
    2.195849248626551e+00      0.000000000000000e+00
    2.202849248626551e+00      0.000000000000000e+00
    2.209849248626551e+00      0.000000000000000e+00
    2.216849248626551e+00      0.000000000000000e+00
    2.223849248626551e+00      0.000000000000000e+00
    2.230849248626551e+00      0.000000000000000e+00
    2.237849248626551e+00      0.000000000000000e+00
    2.244849248626551e+00      0.000000000000000e+00
    2.251849248626551e+00      0.000000000000000e+00
    2.258849248626551e+00      0.000000000000000e+00
    2.265849248626551e+00      0.000000000000000e+00
    2.272849248626551e+00      0.000000000000000e+00
    2.279849248626551e+00      0.000000000000000e+00
    2.286849248626551e+00      0.000000000000000e+00
    2.293849248626551e+00      0.000000000000000e+00
    2.300849248626551e+00      0.000000000000000e+00
    2.307849248626551e+00      0.000000000000000e+00
    2.314849248626551e+00      0.000000000000000e+00
    2.321849248626551e+00      0.000000000000000e+00
    2.328849248626551e+00      0.000000000000000e+00
    2.335849248626551e+00      0.000000000000000e+00
    2.342849248626551e+00      0.000000000000000e+00
    2.349849248626551e+00      0.000000000000000e+00
    2.356849248626551e+00      0.000000000000000e+00
    2.363849248626551e+00      0.000000000000000e+00
    2.370849248626551e+00      0.000000000000000e+00
    2.377849248626551e+00      0.000000000000000e+00
    2.384849248626551e+00      0.000000000000000e+00
    2.391849248626551e+00      0.000000000000000e+00
    2.398849248626551e+00      0.000000000000000e+00
    2.405849248626551e+00      0.000000000000000e+00
    2.412849248626551e+00      0.000000000000000e+00
    2.419849248626551e+00      0.000000000000000e+00
    2.426849248626551e+00      0.000000000000000e+00
    2.433849248626551e+00      0.000000000000000e+00
    2.440849248626551e+00      0.000000000000000e+00
    2.447849248626551e+00      0.000000000000000e+00
    2.454849248626551e+00      0.000000000000000e+00
    2.461849248626551e+00      0.000000000000000e+00
    2.468849248626551e+00      0.000000000000000e+00
    2.475849248626551e+00      0.000000000000000e+00
    2.482849248626551e+00      0.000000000000000e+00
    2.489849248626551e+00      0.000000000000000e+00
    2.496849248626551e+00      0.000000000000000e+00
    2.503849248626551e+00      0.000000000000000e+00
    2.510849248626551e+00      0.000000000000000e+00
    2.517849248626551e+00      0.000000000000000e+00
    2.524849248626551e+00      0.000000000000000e+00
    2.531849248626551e+00      0.000000000000000e+00
    2.538849248626551e+00      0.000000000000000e+00
    2.545849248626551e+00      0.000000000000000e+00
    2.552849248626551e+00      0.000000000000000e+00
    2.559849248626551e+00      0.000000000000000e+00
    2.566849248626551e+00      0.000000000000000e+00
    2.573849248626551e+00      0.000000000000000e+00
    2.580849248626551e+00      0.000000000000000e+00
    2.587849248626551e+00      0.000000000000000e+00
    2.594849248626551e+00      0.000000000000000e+00
    2.601849248626551e+00      0.000000000000000e+00
    2.608849248626551e+00      0.000000000000000e+00
    2.615849248626551e+00      4.842615012106764e+00
    2.622849248626551e+00      0.000000000000000e+00
    2.629849248626551e+00      0.000000000000000e+00
    2.636849248626551e+00      0.000000000000000e+00
    2.643849248626551e+00      0.000000000000000e+00
    2.650849248626551e+00      0.000000000000000e+00
    2.657849248626551e+00      0.000000000000000e+00
    2.664849248626551e+00      0.000000000000000e+00
    2.671849248626551e+00      0.000000000000000e+00
    2.678849248626551e+00      0.000000000000000e+00
    2.685849248626551e+00      0.000000000000000e+00
    2.692849248626551e+00      0.000000000000000e+00
    2.699849248626551e+00      0.000000000000000e+00
    2.706849248626551e+00      0.000000000000000e+00
    2.713849248626551e+00      0.000000000000000e+00
    2.720849248626551e+00      0.000000000000000e+00
    2.727849248626551e+00      0.000000000000000e+00
    2.734849248626551e+00      0.000000000000000e+00
    2.741849248626551e+00      0.000000000000000e+00
    2.748849248626551e+00      0.000000000000000e+00
    2.755849248626551e+00      0.000000000000000e+00
    2.762849248626551e+00      0.000000000000000e+00
    2.769849248626551e+00      0.000000000000000e+00
    2.776849248626551e+00      0.000000000000000e+00
    2.783849248626551e+00      0.000000000000000e+00
    2.790849248626551e+00      0.000000000000000e+00
    2.797849248626551e+00      0.000000000000000e+00
    2.804849248626551e+00      0.000000000000000e+00
    2.811849248626551e+00      0.000000000000000e+00
    2.818849248626551e+00      0.000000000000000e+00
    2.825849248626551e+00      0.000000000000000e+00
    2.832849248626551e+00      0.000000000000000e+00
    2.839849248626551e+00      0.000000000000000e+00
    2.846849248626551e+00      0.000000000000000e+00
    2.853849248626551e+00      0.000000000000000e+00
    2.860849248626551e+00      0.000000000000000e+00
    2.867849248626551e+00      0.000000000000000e+00
    2.874849248626551e+00      0.000000000000000e+00
    2.881849248626551e+00      0.000000000000000e+00
    2.888849248626551e+00      0.000000000000000e+00
    2.895849248626551e+00      0.000000000000000e+00
    2.902849248626551e+00      0.000000000000000e+00
    2.909849248626551e+00      0.000000000000000e+00
    2.916849248626551e+00      0.000000000000000e+00
    2.923849248626551e+00      0.000000000000000e+00
    2.930849248626551e+00      0.000000000000000e+00
    2.937849248626551e+00      0.000000000000000e+00
    2.944849248626551e+00      0.000000000000000e+00
    2.951849248626551e+00      0.000000000000000e+00
    2.958849248626551e+00      0.000000000000000e+00
    2.965849248626551e+00      0.000000000000000e+00
    2.972849248626551e+00      0.000000000000000e+00
    2.979849248626551e+00      0.000000000000000e+00
    2.986849248626551e+00      0.000000000000000e+00
    2.993849248626551e+00      0.000000000000000e+00
    3.000849248626551e+00      0.000000000000000e+00
    3.007849248626551e+00      0.000000000000000e+00
    3.014849248626551e+00      0.000000000000000e+00
    3.021849248626551e+00      0.000000000000000e+00
    3.028849248626551e+00      0.000000000000000e+00
    3.035849248626551e+00      0.000000000000000e+00
    3.042849248626551e+00      0.000000000000000e+00
    3.049849248626551e+00      0.000000000000000e+00
    3.056849248626551e+00      0.000000000000000e+00
    3.063849248626551e+00      0.000000000000000e+00
    3.070849248626551e+00      0.000000000000000e+00
    3.077849248626551e+00      0.000000000000000e+00
    3.084849248626551e+00      0.000000000000000e+00
    3.091849248626551e+00      0.000000000000000e+00
    3.098849248626551e+00      0.000000000000000e+00
    3.105849248626551e+00      0.000000000000000e+00
    3.112849248626551e+00      0.000000000000000e+00
    3.119849248626551e+00      0.000000000000000e+00
    3.126849248626551e+00      0.000000000000000e+00
    3.133849248626551e+00      0.000000000000000e+00
    3.140849248626551e+00      0.000000000000000e+00
    3.147849248626551e+00      0.000000000000000e+00
    3.154849248626551e+00      0.000000000000000e+00
    3.161849248626551e+00      0.000000000000000e+00
    3.168849248626551e+00      0.000000000000000e+00
    3.175849248626551e+00      0.000000000000000e+00
    3.182849248626551e+00      0.000000000000000e+00
    3.189849248626551e+00      0.000000000000000e+00
    3.196849248626551e+00      0.000000000000000e+00
    3.203849248626551e+00      0.000000000000000e+00
    3.210849248626551e+00      0.000000000000000e+00
    3.217849248626551e+00      0.000000000000000e+00
    3.224849248626551e+00      0.000000000000000e+00
    3.231849248626551e+00      0.000000000000000e+00
    3.238849248626551e+00      0.000000000000000e+00
    3.245849248626551e+00      0.000000000000000e+00
    3.252849248626551e+00      0.000000000000000e+00
    3.259849248626551e+00      0.000000000000000e+00
    3.266849248626551e+00      0.000000000000000e+00
    3.273849248626551e+00      0.000000000000000e+00
    3.280849248626551e+00      0.000000000000000e+00
    3.287849248626551e+00      0.000000000000000e+00
    3.294849248626551e+00      0.000000000000000e+00
    3.301849248626551e+00      0.000000000000000e+00
    3.308849248626551e+00      0.000000000000000e+00
    3.315849248626551e+00      0.000000000000000e+00
    3.322849248626551e+00      0.000000000000000e+00
    3.329849248626551e+00      0.000000000000000e+00
    3.336849248626551e+00      0.000000000000000e+00
    3.343849248626551e+00      0.000000000000000e+00
    3.350849248626551e+00      0.000000000000000e+00
    3.357849248626551e+00      0.000000000000000e+00
    3.364849248626551e+00      0.000000000000000e+00
    3.371849248626551e+00      0.000000000000000e+00
    3.378849248626551e+00      0.000000000000000e+00
    3.385849248626551e+00      0.000000000000000e+00
    3.392849248626551e+00      0.000000000000000e+00
    3.399849248626551e+00      0.000000000000000e+00
    3.406849248626551e+00      0.000000000000000e+00
    3.413849248626551e+00      0.000000000000000e+00
    3.420849248626551e+00      0.000000000000000e+00
    3.427849248626551e+00      2.421307506053228e+00
    3.434849248626551e+00      0.000000000000000e+00
    3.441849248626551e+00      0.000000000000000e+00
    3.448849248626551e+00      0.000000000000000e+00
    3.455849248626551e+00      0.000000000000000e+00
    3.462849248626551e+00      0.000000000000000e+00
    3.469849248626551e+00      0.000000000000000e+00
    3.476849248626551e+00      0.000000000000000e+00
    3.483849248626551e+00      0.000000000000000e+00
    3.490849248626551e+00      0.000000000000000e+00
    3.497849248626551e+00      0.000000000000000e+00
    3.504849248626551e+00      0.000000000000000e+00
    3.511849248626551e+00      0.000000000000000e+00
    3.518849248626551e+00      0.000000000000000e+00
    3.525849248626551e+00      0.000000000000000e+00
    3.532849248626551e+00      0.000000000000000e+00
    3.539849248626551e+00      0.000000000000000e+00
    3.546849248626551e+00      0.000000000000000e+00
    3.553849248626551e+00      0.000000000000000e+00
    3.560849248626551e+00      0.000000000000000e+00
    3.567849248626551e+00      0.000000000000000e+00
    3.574849248626551e+00      0.000000000000000e+00
    3.581849248626551e+00      0.000000000000000e+00
    3.588849248626551e+00      0.000000000000000e+00
    3.595849248626551e+00      0.000000000000000e+00
    3.602849248626551e+00      0.000000000000000e+00
    3.609849248626551e+00      0.000000000000000e+00
    3.616849248626551e+00      0.000000000000000e+00
    3.623849248626551e+00      0.000000000000000e+00
    3.630849248626551e+00      0.000000000000000e+00
    3.637849248626551e+00      0.000000000000000e+00
    3.644849248626551e+00      0.000000000000000e+00
    3.651849248626551e+00      0.000000000000000e+00
    3.658849248626551e+00      0.000000000000000e+00
    3.665849248626551e+00      0.000000000000000e+00
    3.672849248626551e+00      0.000000000000000e+00
    3.679849248626551e+00      0.000000000000000e+00
    3.686849248626551e+00      0.000000000000000e+00
    3.693849248626551e+00      0.000000000000000e+00
    3.700849248626551e+00      0.000000000000000e+00
    3.707849248626551e+00      0.000000000000000e+00
    3.714849248626551e+00      0.000000000000000e+00
    3.721849248626551e+00      0.000000000000000e+00
    3.728849248626551e+00      0.000000000000000e+00
    3.735849248626551e+00      0.000000000000000e+00
    3.742849248626551e+00      0.000000000000000e+00
    3.749849248626551e+00      0.000000000000000e+00
    3.756849248626551e+00      0.000000000000000e+00
    3.763849248626551e+00      0.000000000000000e+00
    3.770849248626551e+00      0.000000000000000e+00
    3.777849248626551e+00      0.000000000000000e+00
    3.784849248626551e+00      0.000000000000000e+00
    3.791849248626551e+00      0.000000000000000e+00
    3.798849248626551e+00      0.000000000000000e+00
    3.805849248626551e+00      0.000000000000000e+00
    3.812849248626551e+00      0.000000000000000e+00
    3.819849248626551e+00      0.000000000000000e+00
    3.826849248626551e+00      0.000000000000000e+00
    3.833849248626551e+00      0.000000000000000e+00
    3.840849248626551e+00      0.000000000000000e+00
    3.847849248626551e+00      0.000000000000000e+00
    3.854849248626551e+00      0.000000000000000e+00
    3.861849248626551e+00      0.000000000000000e+00
    3.868849248626551e+00      0.000000000000000e+00
    3.875849248626551e+00      0.000000000000000e+00
    3.882849248626551e+00      0.000000000000000e+00
    3.889849248626551e+00      0.000000000000000e+00
    3.896849248626551e+00      0.000000000000000e+00
    3.903849248626551e+00      0.000000000000000e+00
    3.910849248626551e+00      0.000000000000000e+00
    3.917849248626551e+00      0.000000000000000e+00
    3.924849248626551e+00      0.000000000000000e+00
    3.931849248626551e+00      0.000000000000000e+00
    3.938849248626551e+00      0.000000000000000e+00
    3.945849248626551e+00      0.000000000000000e+00
    3.952849248626551e+00      0.000000000000000e+00
    3.959849248626551e+00      0.000000000000000e+00
    3.966849248626551e+00      0.000000000000000e+00
    3.973849248626551e+00      0.000000000000000e+00
    3.980849248626551e+00      0.000000000000000e+00
    3.987849248626551e+00      0.000000000000000e+00
    3.994849248626551e+00      0.000000000000000e+00
    4.001849248626550e+00      0.000000000000000e+00
    4.008849248626551e+00      0.000000000000000e+00
    4.015849248626552e+00      0.000000000000000e+00
    4.022849248626551e+00      0.000000000000000e+00
    4.029849248626551e+00      0.000000000000000e+00
    4.036849248626551e+00      0.000000000000000e+00
    4.043849248626551e+00      0.000000000000000e+00
    4.050849248626552e+00      0.000000000000000e+00
    4.057849248626551e+00      0.000000000000000e+00
    4.064849248626551e+00      0.000000000000000e+00
    4.071849248626551e+00      0.000000000000000e+00
    4.078849248626551e+00      0.000000000000000e+00
    4.085849248626551e+00      0.000000000000000e+00
    4.092849248626552e+00      0.000000000000000e+00
    4.099849248626551e+00      0.000000000000000e+00
    4.106849248626551e+00      0.000000000000000e+00
    4.113849248626551e+00      0.000000000000000e+00
    4.120849248626551e+00      0.000000000000000e+00
    4.127849248626552e+00      0.000000000000000e+00
    4.134849248626551e+00      0.000000000000000e+00
    4.141849248626551e+00      0.000000000000000e+00
    4.148849248626551e+00      0.000000000000000e+00
    4.155849248626551e+00      0.000000000000000e+00
    4.162849248626551e+00      0.000000000000000e+00
    4.169849248626551e+00      0.000000000000000e+00
    4.176849248626551e+00      0.000000000000000e+00
    4.183849248626551e+00      0.000000000000000e+00
    4.190849248626551e+00      0.000000000000000e+00
    4.197849248626551e+00      0.000000000000000e+00
    4.204849248626552e+00      0.000000000000000e+00
    4.211849248626551e+00      0.000000000000000e+00
    4.218849248626551e+00      0.000000000000000e+00
    4.225849248626551e+00      0.000000000000000e+00
    4.232849248626551e+00      0.000000000000000e+00
    4.239849248626552e+00      4.842615012106764e+00
    4.246849248626551e+00      0.000000000000000e+00
    4.253849248626551e+00      0.000000000000000e+00
    4.260849248626551e+00      0.000000000000000e+00
    4.267849248626550e+00      0.000000000000000e+00
    4.274849248626551e+00      0.000000000000000e+00
    4.281849248626552e+00      0.000000000000000e+00
    4.288849248626551e+00      0.000000000000000e+00
    4.295849248626551e+00      0.000000000000000e+00
    4.302849248626551e+00      0.000000000000000e+00
    4.309849248626551e+00      0.000000000000000e+00
    4.316849248626552e+00      0.000000000000000e+00
    4.323849248626551e+00      0.000000000000000e+00
    4.330849248626551e+00      0.000000000000000e+00
    4.337849248626551e+00      0.000000000000000e+00
    4.344849248626551e+00      0.000000000000000e+00
    4.351849248626551e+00      0.000000000000000e+00
    4.358849248626552e+00      0.000000000000000e+00
    4.365849248626551e+00      0.000000000000000e+00
    4.372849248626551e+00      0.000000000000000e+00
    4.379849248626551e+00      0.000000000000000e+00
    4.386849248626551e+00      0.000000000000000e+00
    4.393849248626552e+00      0.000000000000000e+00
    4.400849248626551e+00      0.000000000000000e+00
    4.407849248626551e+00      0.000000000000000e+00
    4.414849248626551e+00      0.000000000000000e+00
    4.421849248626551e+00      0.000000000000000e+00
    4.428849248626551e+00      0.000000000000000e+00
    4.435849248626551e+00      0.000000000000000e+00
    4.442849248626551e+00      0.000000000000000e+00
    4.449849248626551e+00      0.000000000000000e+00
    4.456849248626551e+00      0.000000000000000e+00
    4.463849248626551e+00      0.000000000000000e+00
    4.470849248626552e+00      0.000000000000000e+00
    4.477849248626551e+00      0.000000000000000e+00
    4.484849248626551e+00      0.000000000000000e+00
    4.491849248626551e+00      0.000000000000000e+00
    4.498849248626551e+00      0.000000000000000e+00
    4.505849248626551e+00      0.000000000000000e+00
    4.512849248626551e+00      0.000000000000000e+00
    4.519849248626551e+00      0.000000000000000e+00
    4.526849248626551e+00      0.000000000000000e+00
    4.533849248626550e+00      0.000000000000000e+00
    4.540849248626551e+00      0.000000000000000e+00
    4.547849248626552e+00      0.000000000000000e+00
    4.554849248626551e+00      0.000000000000000e+00
    4.561849248626551e+00      0.000000000000000e+00
    4.568849248626551e+00      0.000000000000000e+00
    4.575849248626551e+00      0.000000000000000e+00
    4.582849248626552e+00      0.000000000000000e+00
    4.589849248626551e+00      0.000000000000000e+00
    4.596849248626551e+00      0.000000000000000e+00
    4.603849248626551e+00      0.000000000000000e+00
    4.610849248626551e+00      0.000000000000000e+00
    4.617849248626551e+00      0.000000000000000e+00
    4.624849248626552e+00      0.000000000000000e+00
    4.631849248626551e+00      0.000000000000000e+00
    4.638849248626551e+00      0.000000000000000e+00
    4.645849248626551e+00      0.000000000000000e+00
    4.652849248626551e+00      0.000000000000000e+00
    4.659849248626552e+00      0.000000000000000e+00
    4.666849248626551e+00      0.000000000000000e+00
    4.673849248626551e+00      0.000000000000000e+00
    4.680849248626551e+00      0.000000000000000e+00
    4.687849248626551e+00      0.000000000000000e+00
    4.694849248626551e+00      0.000000000000000e+00
    4.701849248626552e+00      0.000000000000000e+00
    4.708849248626551e+00      0.000000000000000e+00
    4.715849248626551e+00      0.000000000000000e+00
    4.722849248626551e+00      0.000000000000000e+00
    4.729849248626551e+00      0.000000000000000e+00
    4.736849248626552e+00      0.000000000000000e+00
    4.743849248626551e+00      0.000000000000000e+00
    4.750849248626551e+00      0.000000000000000e+00
    4.757849248626551e+00      0.000000000000000e+00
    4.764849248626551e+00      0.000000000000000e+00
    4.771849248626551e+00      0.000000000000000e+00
    4.778849248626551e+00      0.000000000000000e+00
    4.785849248626551e+00      0.000000000000000e+00
    4.792849248626551e+00      0.000000000000000e+00
    4.799849248626550e+00      0.000000000000000e+00
    4.806849248626551e+00      0.000000000000000e+00
    4.813849248626552e+00      0.000000000000000e+00
    4.820849248626551e+00      0.000000000000000e+00
    4.827849248626551e+00      0.000000000000000e+00
    4.834849248626551e+00      0.000000000000000e+00
    4.841849248626551e+00      0.000000000000000e+00
    4.848849248626552e+00      0.000000000000000e+00
    4.855849248626551e+00      0.000000000000000e+00
    4.862849248626551e+00      0.000000000000000e+00
    4.869849248626551e+00      0.000000000000000e+00
    4.876849248626551e+00      0.000000000000000e+00
    4.883849248626551e+00      0.000000000000000e+00
    4.890849248626552e+00      0.000000000000000e+00
    4.897849248626551e+00      0.000000000000000e+00
    4.904849248626551e+00      0.000000000000000e+00
    4.911849248626551e+00      0.000000000000000e+00
    4.918849248626551e+00      0.000000000000000e+00
    4.925849248626552e+00      0.000000000000000e+00
    4.932849248626551e+00      0.000000000000000e+00
    4.939849248626551e+00      0.000000000000000e+00
    4.946849248626551e+00      0.000000000000000e+00
    4.953849248626551e+00      0.000000000000000e+00
    4.960849248626551e+00      0.000000000000000e+00
    4.967849248626552e+00      0.000000000000000e+00
    4.974849248626551e+00      0.000000000000000e+00
    4.981849248626551e+00      0.000000000000000e+00
    4.988849248626551e+00      0.000000000000000e+00
    4.995849248626551e+00      0.000000000000000e+00
    5.002849248626552e+00      0.000000000000000e+00
    5.009849248626551e+00      0.000000000000000e+00
    5.016849248626551e+00      0.000000000000000e+00
    5.023849248626551e+00      0.000000000000000e+00
    5.030849248626551e+00      0.000000000000000e+00
    5.037849248626551e+00      0.000000000000000e+00
    5.044849248626551e+00      0.000000000000000e+00
    5.051849248626551e+00      2.421307506053382e+00
    5.058849248626551e+00      0.000000000000000e+00
    5.065849248626551e+00      0.000000000000000e+00
    5.072849248626551e+00      0.000000000000000e+00
    5.079849248626552e+00      0.000000000000000e+00
    5.086849248626551e+00      0.000000000000000e+00
    5.093849248626551e+00      0.000000000000000e+00
    5.100849248626551e+00      0.000000000000000e+00
    5.107849248626551e+00      0.000000000000000e+00
    5.114849248626552e+00      0.000000000000000e+00
    5.121849248626551e+00      0.000000000000000e+00
    5.128849248626551e+00      0.000000000000000e+00
    5.135849248626551e+00      0.000000000000000e+00
    5.142849248626550e+00      0.000000000000000e+00
    5.149849248626551e+00      0.000000000000000e+00
    5.156849248626552e+00      0.000000000000000e+00
    5.163849248626551e+00      0.000000000000000e+00
    5.170849248626551e+00      0.000000000000000e+00
    5.177849248626551e+00      0.000000000000000e+00
    5.184849248626551e+00      0.000000000000000e+00
    5.191849248626552e+00      0.000000000000000e+00
    5.198849248626551e+00      0.000000000000000e+00
    5.205849248626551e+00      0.000000000000000e+00
    5.212849248626551e+00      0.000000000000000e+00
    5.219849248626551e+00      0.000000000000000e+00
    5.226849248626551e+00      0.000000000000000e+00
    5.233849248626552e+00      0.000000000000000e+00
    5.240849248626551e+00      0.000000000000000e+00
    5.247849248626551e+00      0.000000000000000e+00
    5.254849248626551e+00      0.000000000000000e+00
    5.261849248626551e+00      0.000000000000000e+00
    5.268849248626552e+00      0.000000000000000e+00
    5.275849248626551e+00      0.000000000000000e+00
    5.282849248626551e+00      0.000000000000000e+00
    5.289849248626551e+00      0.000000000000000e+00
    5.296849248626551e+00      0.000000000000000e+00
    5.303849248626551e+00      0.000000000000000e+00
    5.310849248626551e+00      0.000000000000000e+00
    5.317849248626551e+00      0.000000000000000e+00
    5.324849248626551e+00      0.000000000000000e+00
    5.331849248626551e+00      0.000000000000000e+00
    5.338849248626551e+00      0.000000000000000e+00
    5.345849248626552e+00      0.000000000000000e+00
    5.352849248626551e+00      0.000000000000000e+00
    5.359849248626551e+00      0.000000000000000e+00
    5.366849248626551e+00      0.000000000000000e+00
    5.373849248626551e+00      0.000000000000000e+00
    5.380849248626552e+00      0.000000000000000e+00
    5.387849248626551e+00      0.000000000000000e+00
    5.394849248626551e+00      0.000000000000000e+00
    5.401849248626551e+00      0.000000000000000e+00
    5.408849248626550e+00      0.000000000000000e+00
    5.415849248626551e+00      0.000000000000000e+00
    5.422849248626552e+00      0.000000000000000e+00
    5.429849248626551e+00      0.000000000000000e+00
    5.436849248626551e+00      0.000000000000000e+00
    5.443849248626551e+00      0.000000000000000e+00
    5.450849248626551e+00      0.000000000000000e+00
    5.457849248626552e+00      0.000000000000000e+00
    5.464849248626551e+00      0.000000000000000e+00
    5.471849248626551e+00      0.000000000000000e+00
    5.478849248626551e+00      0.000000000000000e+00
    5.485849248626551e+00      0.000000000000000e+00
    5.492849248626551e+00      0.000000000000000e+00
    5.499849248626552e+00      0.000000000000000e+00
    5.506849248626551e+00      0.000000000000000e+00
    5.513849248626551e+00      0.000000000000000e+00
    5.520849248626551e+00      0.000000000000000e+00
    5.527849248626551e+00      0.000000000000000e+00
    5.534849248626552e+00      0.000000000000000e+00
    5.541849248626551e+00      0.000000000000000e+00
    5.548849248626551e+00      0.000000000000000e+00
    5.555849248626551e+00      0.000000000000000e+00
    5.562849248626551e+00      0.000000000000000e+00
    5.569849248626551e+00      0.000000000000000e+00
    5.576849248626552e+00      0.000000000000000e+00
    5.583849248626551e+00      0.000000000000000e+00
    5.590849248626551e+00      0.000000000000000e+00
    5.597849248626551e+00      0.000000000000000e+00
    5.604849248626551e+00      0.000000000000000e+00
    5.611849248626552e+00      0.000000000000000e+00
    5.618849248626551e+00      0.000000000000000e+00
    5.625849248626551e+00      0.000000000000000e+00
    5.632849248626551e+00      0.000000000000000e+00
    5.639849248626551e+00      0.000000000000000e+00
    5.646849248626552e+00      0.000000000000000e+00
    5.653849248626551e+00      0.000000000000000e+00
    5.660849248626551e+00      0.000000000000000e+00
    5.667849248626551e+00      0.000000000000000e+00
    5.674849248626550e+00      0.000000000000000e+00
    5.681849248626551e+00      0.000000000000000e+00
    5.688849248626552e+00      0.000000000000000e+00
    5.695849248626551e+00      0.000000000000000e+00
    5.702849248626551e+00      0.000000000000000e+00
    5.709849248626551e+00      0.000000000000000e+00
    5.716849248626551e+00      0.000000000000000e+00
    5.723849248626552e+00      0.000000000000000e+00
    5.730849248626551e+00      0.000000000000000e+00
    5.737849248626551e+00      0.000000000000000e+00
    5.744849248626551e+00      0.000000000000000e+00
    5.751849248626551e+00      0.000000000000000e+00
    5.758849248626551e+00      0.000000000000000e+00
    5.765849248626552e+00      0.000000000000000e+00
    5.772849248626551e+00      0.000000000000000e+00
    5.779849248626551e+00      0.000000000000000e+00
    5.786849248626551e+00      0.000000000000000e+00
    5.793849248626551e+00      0.000000000000000e+00
    5.800849248626552e+00      0.000000000000000e+00
    5.807849248626551e+00      0.000000000000000e+00
    5.814849248626551e+00      0.000000000000000e+00
    5.821849248626551e+00      0.000000000000000e+00
    5.828849248626550e+00      0.000000000000000e+00
    5.835849248626552e+00      0.000000000000000e+00
    5.842849248626552e+00      0.000000000000000e+00
    5.849849248626551e+00      0.000000000000000e+00
    5.856849248626551e+00      0.000000000000000e+00
    5.863849248626551e+00      4.842615012105535e+00
    5.870849248626552e+00      0.000000000000000e+00
    5.877849248626552e+00      0.000000000000000e+00
    5.884849248626551e+00      0.000000000000000e+00
    5.891849248626551e+00      0.000000000000000e+00
    5.898849248626551e+00      0.000000000000000e+00
    5.905849248626550e+00      0.000000000000000e+00
    5.912849248626552e+00      0.000000000000000e+00
    5.919849248626551e+00      0.000000000000000e+00
    5.926849248626551e+00      0.000000000000000e+00
    5.933849248626551e+00      0.000000000000000e+00
    5.940849248626551e+00      0.000000000000000e+00
    5.947849248626552e+00      0.000000000000000e+00
    5.954849248626552e+00      0.000000000000000e+00
    5.961849248626551e+00      0.000000000000000e+00
    5.968849248626551e+00      0.000000000000000e+00
    5.975849248626551e+00      0.000000000000000e+00
    5.982849248626550e+00      0.000000000000000e+00
    5.989849248626552e+00      0.000000000000000e+00
    5.996849248626551e+00      0.000000000000000e+00
    6.003849248626551e+00      0.000000000000000e+00
    6.010849248626551e+00      0.000000000000000e+00
    6.017849248626550e+00      0.000000000000000e+00
    6.024849248626552e+00      0.000000000000000e+00
    6.031849248626552e+00      0.000000000000000e+00
    6.038849248626551e+00      0.000000000000000e+00
    6.045849248626551e+00      0.000000000000000e+00
    6.052849248626551e+00      0.000000000000000e+00
    6.059849248626550e+00      0.000000000000000e+00
    6.066849248626552e+00      0.000000000000000e+00
    6.073849248626551e+00      0.000000000000000e+00
    6.080849248626551e+00      0.000000000000000e+00
    6.087849248626551e+00      0.000000000000000e+00
    6.094849248626550e+00      0.000000000000000e+00
    6.101849248626552e+00      0.000000000000000e+00
    6.108849248626552e+00      0.000000000000000e+00
    6.115849248626551e+00      0.000000000000000e+00
    6.122849248626551e+00      0.000000000000000e+00
    6.129849248626551e+00      0.000000000000000e+00
    6.136849248626552e+00      0.000000000000000e+00
    6.143849248626552e+00      0.000000000000000e+00
    6.150849248626551e+00      0.000000000000000e+00
    6.157849248626551e+00      0.000000000000000e+00
    6.164849248626551e+00      0.000000000000000e+00
    6.171849248626550e+00      0.000000000000000e+00
    6.178849248626552e+00      0.000000000000000e+00
    6.185849248626551e+00      0.000000000000000e+00
    6.192849248626551e+00      0.000000000000000e+00
    6.199849248626551e+00      0.000000000000000e+00
    6.206849248626551e+00      0.000000000000000e+00
    6.213849248626552e+00      0.000000000000000e+00
    6.220849248626552e+00      0.000000000000000e+00
    6.227849248626551e+00      0.000000000000000e+00
    6.234849248626551e+00      0.000000000000000e+00
    6.241849248626551e+00      0.000000000000000e+00
    6.248849248626550e+00      0.000000000000000e+00
    6.255849248626552e+00      0.000000000000000e+00
    6.262849248626551e+00      0.000000000000000e+00
    6.269849248626551e+00      0.000000000000000e+00
    6.276849248626551e+00      0.000000000000000e+00
    6.283849248626550e+00      0.000000000000000e+00
    6.290849248626552e+00      0.000000000000000e+00
    6.297849248626552e+00      0.000000000000000e+00
    6.304849248626551e+00      0.000000000000000e+00
    6.311849248626551e+00      0.000000000000000e+00
    6.318849248626551e+00      0.000000000000000e+00
    6.325849248626550e+00      0.000000000000000e+00
    6.332849248626552e+00      0.000000000000000e+00
    6.339849248626551e+00      0.000000000000000e+00
    6.346849248626551e+00      0.000000000000000e+00
    6.353849248626551e+00      0.000000000000000e+00
    6.360849248626550e+00      0.000000000000000e+00
    6.367849248626552e+00      0.000000000000000e+00
    6.374849248626552e+00      0.000000000000000e+00
    6.381849248626551e+00      0.000000000000000e+00
    6.388849248626551e+00      0.000000000000000e+00
    6.395849248626551e+00      0.000000000000000e+00
    6.402849248626552e+00      0.000000000000000e+00
    6.409849248626552e+00      0.000000000000000e+00
    6.416849248626551e+00      0.000000000000000e+00
    6.423849248626551e+00      0.000000000000000e+00
    6.430849248626551e+00      0.000000000000000e+00
    6.437849248626550e+00      0.000000000000000e+00
    6.444849248626552e+00      0.000000000000000e+00
    6.451849248626552e+00      0.000000000000000e+00
    6.458849248626551e+00      0.000000000000000e+00
    6.465849248626551e+00      0.000000000000000e+00
    6.472849248626551e+00      0.000000000000000e+00
    6.479849248626552e+00      0.000000000000000e+00
    6.486849248626552e+00      0.000000000000000e+00
    6.493849248626551e+00      0.000000000000000e+00
    6.500849248626551e+00      0.000000000000000e+00
    6.507849248626551e+00      0.000000000000000e+00
    6.514849248626550e+00      0.000000000000000e+00
    6.521849248626552e+00      0.000000000000000e+00
    6.528849248626551e+00      0.000000000000000e+00
    6.535849248626551e+00      0.000000000000000e+00
    6.542849248626551e+00      0.000000000000000e+00
    6.549849248626550e+00      0.000000000000000e+00
    6.556849248626552e+00      0.000000000000000e+00
    6.563849248626552e+00      0.000000000000000e+00
    6.570849248626551e+00      0.000000000000000e+00
    6.577849248626551e+00      0.000000000000000e+00
    6.584849248626551e+00      0.000000000000000e+00
    6.591849248626550e+00      0.000000000000000e+00
    6.598849248626552e+00      0.000000000000000e+00
    6.605849248626551e+00      0.000000000000000e+00
    6.612849248626551e+00      0.000000000000000e+00
    6.619849248626551e+00      0.000000000000000e+00
    6.626849248626550e+00      0.000000000000000e+00
    6.633849248626552e+00      0.000000000000000e+00
    6.640849248626552e+00      0.000000000000000e+00
    6.647849248626551e+00      0.000000000000000e+00
    6.654849248626551e+00      0.000000000000000e+00
    6.661849248626551e+00      0.000000000000000e+00
    6.668849248626552e+00      0.000000000000000e+00
    6.675849248626552e+00      2.421307506053382e+00
    6.682849248626551e+00      0.000000000000000e+00
    6.689849248626551e+00      0.000000000000000e+00
    6.696849248626551e+00      0.000000000000000e+00
    6.703849248626550e+00      0.000000000000000e+00
    6.710849248626552e+00      0.000000000000000e+00
    6.717849248626552e+00      0.000000000000000e+00
    6.724849248626551e+00      0.000000000000000e+00
    6.731849248626551e+00      0.000000000000000e+00
    6.738849248626551e+00      0.000000000000000e+00
    6.745849248626552e+00      0.000000000000000e+00
    6.752849248626552e+00      0.000000000000000e+00
    6.759849248626551e+00      0.000000000000000e+00
    6.766849248626551e+00      0.000000000000000e+00
    6.773849248626551e+00      0.000000000000000e+00
    6.780849248626550e+00      0.000000000000000e+00
    6.787849248626552e+00      0.000000000000000e+00
    6.794849248626551e+00      0.000000000000000e+00
    6.801849248626551e+00      0.000000000000000e+00
    6.808849248626551e+00      0.000000000000000e+00
    6.815849248626551e+00      0.000000000000000e+00
    6.822849248626552e+00      0.000000000000000e+00
    6.829849248626552e+00      0.000000000000000e+00
    6.836849248626551e+00      0.000000000000000e+00
    6.843849248626551e+00      0.000000000000000e+00
    6.850849248626551e+00      0.000000000000000e+00
    6.857849248626550e+00      0.000000000000000e+00
    6.864849248626552e+00      0.000000000000000e+00
    6.871849248626551e+00      0.000000000000000e+00
    6.878849248626551e+00      0.000000000000000e+00
    6.885849248626551e+00      0.000000000000000e+00
    6.892849248626550e+00      0.000000000000000e+00
    6.899849248626552e+00      0.000000000000000e+00
    6.906849248626552e+00      0.000000000000000e+00
    6.913849248626551e+00      0.000000000000000e+00
    6.920849248626551e+00      0.000000000000000e+00
    6.927849248626551e+00      0.000000000000000e+00
    6.934849248626550e+00      0.000000000000000e+00
    6.941849248626552e+00      0.000000000000000e+00
    6.948849248626551e+00      0.000000000000000e+00
    6.955849248626551e+00      0.000000000000000e+00
    6.962849248626551e+00      0.000000000000000e+00
    6.969849248626550e+00      0.000000000000000e+00
    6.976849248626552e+00      0.000000000000000e+00
    6.983849248626552e+00      0.000000000000000e+00
    6.990849248626551e+00      0.000000000000000e+00
    6.997849248626551e+00      0.000000000000000e+00
    7.004849248626551e+00      0.000000000000000e+00
    7.011849248626552e+00      0.000000000000000e+00
    7.018849248626552e+00      0.000000000000000e+00
    7.025849248626551e+00      0.000000000000000e+00
    7.032849248626551e+00      0.000000000000000e+00
    7.039849248626551e+00      0.000000000000000e+00
    7.046849248626550e+00      0.000000000000000e+00
    7.053849248626552e+00      0.000000000000000e+00
    7.060849248626551e+00      0.000000000000000e+00
    7.067849248626551e+00      0.000000000000000e+00
    7.074849248626551e+00      0.000000000000000e+00
    7.081849248626551e+00      0.000000000000000e+00
    7.088849248626552e+00      0.000000000000000e+00
    7.095849248626552e+00      0.000000000000000e+00
    7.102849248626551e+00      0.000000000000000e+00
    7.109849248626551e+00      0.000000000000000e+00
    7.116849248626551e+00      0.000000000000000e+00
    7.123849248626550e+00      0.000000000000000e+00
    7.130849248626552e+00      0.000000000000000e+00
    7.137849248626551e+00      0.000000000000000e+00
    7.144849248626551e+00      0.000000000000000e+00
    7.151849248626551e+00      0.000000000000000e+00
    7.158849248626550e+00      0.000000000000000e+00
    7.165849248626552e+00      0.000000000000000e+00
    7.172849248626552e+00      0.000000000000000e+00
    7.179849248626551e+00      0.000000000000000e+00
    7.186849248626551e+00      0.000000000000000e+00
    7.193849248626551e+00      0.000000000000000e+00
    7.200849248626550e+00      0.000000000000000e+00
    7.207849248626552e+00      0.000000000000000e+00
    7.214849248626551e+00      0.000000000000000e+00
    7.221849248626551e+00      0.000000000000000e+00
    7.228849248626551e+00      0.000000000000000e+00
    7.235849248626550e+00      0.000000000000000e+00
    7.242849248626552e+00      0.000000000000000e+00
    7.249849248626552e+00      0.000000000000000e+00
    7.256849248626551e+00      0.000000000000000e+00
    7.263849248626551e+00      0.000000000000000e+00
    7.270849248626551e+00      0.000000000000000e+00
    7.277849248626552e+00      0.000000000000000e+00
    7.284849248626552e+00      0.000000000000000e+00
    7.291849248626551e+00      0.000000000000000e+00
    7.298849248626551e+00      0.000000000000000e+00
    7.305849248626551e+00      0.000000000000000e+00
    7.312849248626550e+00      0.000000000000000e+00
    7.319849248626552e+00      0.000000000000000e+00
    7.326849248626552e+00      0.000000000000000e+00
    7.333849248626551e+00      0.000000000000000e+00
    7.340849248626551e+00      0.000000000000000e+00
    7.347849248626551e+00      0.000000000000000e+00
    7.354849248626552e+00      0.000000000000000e+00
    7.361849248626552e+00      0.000000000000000e+00
    7.368849248626551e+00      0.000000000000000e+00
    7.375849248626551e+00      0.000000000000000e+00
    7.382849248626551e+00      0.000000000000000e+00
    7.389849248626550e+00      0.000000000000000e+00
    7.396849248626552e+00      0.000000000000000e+00
    7.403849248626551e+00      0.000000000000000e+00
    7.410849248626551e+00      0.000000000000000e+00
    7.417849248626551e+00      0.000000000000000e+00
    7.424849248626550e+00      0.000000000000000e+00
    7.431849248626552e+00      0.000000000000000e+00
    7.438849248626552e+00      0.000000000000000e+00
    7.445849248626551e+00      0.000000000000000e+00
    7.452849248626551e+00      0.000000000000000e+00
    7.459849248626551e+00      0.000000000000000e+00
    7.466849248626550e+00      0.000000000000000e+00
    7.473849248626552e+00      0.000000000000000e+00
    7.480849248626551e+00      0.000000000000000e+00
    7.487849248626551e+00      0.000000000000000e+00
    7.494849248626551e+00      0.000000000000000e+00
    7.501849248626550e+00      0.000000000000000e+00
    7.508849248626552e+00      2.421307506053382e+00
    7.515849248626552e+00      0.000000000000000e+00
    7.522849248626551e+00      0.000000000000000e+00
    7.529849248626551e+00      4.842615012106764e+00
    7.536849248626551e+00      0.000000000000000e+00
    7.543849248626552e+00      0.000000000000000e+00
    7.550849248626552e+00      2.421307506053382e+00
    7.557849248626551e+00      0.000000000000000e+00
    7.564849248626551e+00      0.000000000000000e+00
    7.571849248626551e+00      0.000000000000000e+00
    7.578849248626550e+00      4.842615012105535e+00
    7.585849248626552e+00      0.000000000000000e+00
    7.592849248626552e+00      0.000000000000000e+00
    7.599849248626551e+00      2.421307506053382e+00
    7.606849248626551e+00      0.000000000000000e+00
    7.613849248626551e+00      0.000000000000000e+00
    7.620849248626552e+00      0.000000000000000e+00
    7.627849248626552e+00      4.842615012106764e+00
    7.634849248626551e+00      0.000000000000000e+00
    7.641849248626551e+00      0.000000000000000e+00
    7.648849248626551e+00      2.421307506053382e+00
    7.655849248626550e+00      0.000000000000000e+00
    7.662849248626552e+00      0.000000000000000e+00
    7.669849248626551e+00      7.263922518160145e+00
    7.676849248626551e+00      0.000000000000000e+00
    7.683849248626551e+00      0.000000000000000e+00
    7.690849248626551e+00      0.000000000000000e+00
    7.697849248626552e+00      2.421307506053382e+00
    7.704849248626552e+00      0.000000000000000e+00
    7.711849248626551e+00      0.000000000000000e+00
    7.718849248626551e+00      4.842615012106764e+00
    7.725849248626551e+00      0.000000000000000e+00
    7.732849248626550e+00      0.000000000000000e+00
    7.739849248626552e+00      0.000000000000000e+00
    7.746849248626551e+00      2.421307506053382e+00
    7.753849248626551e+00      0.000000000000000e+00
    7.760849248626551e+00      0.000000000000000e+00
    7.767849248626550e+00      7.263922518158302e+00
    7.774849248626552e+00      0.000000000000000e+00
    7.781849248626552e+00      0.000000000000000e+00
    7.788849248626551e+00      2.421307506053382e+00
    7.795849248626551e+00      0.000000000000000e+00
    7.802849248626551e+00      0.000000000000000e+00
    7.809849248626552e+00      0.000000000000000e+00
    7.816849248626552e+00      4.842615012106764e+00
    7.823849248626551e+00      2.421307506053382e+00
    7.830849248626551e+00      0.000000000000000e+00
    7.837849248626551e+00      4.842615012106764e+00
    7.844849248626550e+00      0.000000000000000e+00
    7.851849248626552e+00      2.421307506053382e+00
    7.858849248626552e+00      2.421307506053382e+00
    7.865849248626551e+00      0.000000000000000e+00
    7.872849248626551e+00      0.000000000000000e+00
    7.879849248626551e+00      0.000000000000000e+00
    7.886849248626552e+00      2.421307506053382e+00
    7.893849248626552e+00      0.000000000000000e+00
    7.900849248626551e+00      0.000000000000000e+00
    7.907849248626551e+00      4.842615012106764e+00
    7.914849248626551e+00      0.000000000000000e+00
    7.921849248626550e+00      0.000000000000000e+00
    7.928849248626552e+00      0.000000000000000e+00
    7.935849248626551e+00      2.421307506053382e+00
    7.942849248626551e+00      0.000000000000000e+00
    7.949849248626551e+00      0.000000000000000e+00
    7.956849248626551e+00      7.263922518158302e+00
    7.963849248626552e+00      0.000000000000000e+00
    7.970849248626552e+00      0.000000000000000e+00
    7.977849248626551e+00      0.000000000000000e+00
    7.984849248626551e+00      0.000000000000000e+00
    7.991849248626551e+00      0.000000000000000e+00
    7.998849248626550e+00      0.000000000000000e+00
    8.005849248626552e+00      2.421307506053382e+00
    8.012849248626551e+00      0.000000000000000e+00
    8.019849248626551e+00      0.000000000000000e+00
    8.026849248626551e+00      0.000000000000000e+00
    8.033849248626550e+00      0.000000000000000e+00
    8.040849248626552e+00      0.000000000000000e+00
    8.047849248626552e+00      9.685230024213528e+00
    8.054849248626551e+00      0.000000000000000e+00
    8.061849248626551e+00      0.000000000000000e+00
    8.068849248626551e+00      0.000000000000000e+00
    8.075849248626552e+00      0.000000000000000e+00
    8.082849248626552e+00      0.000000000000000e+00
    8.089849248626551e+00      0.000000000000000e+00
    8.096849248626551e+00      2.421307506053382e+00
    8.103849248626551e+00      0.000000000000000e+00
    8.110849248626550e+00      0.000000000000000e+00
    8.117849248626552e+00      0.000000000000000e+00
    8.124849248626552e+00      0.000000000000000e+00
    8.131849248626551e+00      0.000000000000000e+00
    8.138849248626551e+00      0.000000000000000e+00
    8.145849248626551e+00      4.842615012105535e+00
    8.152849248626552e+00      0.000000000000000e+00
    8.159849248626552e+00      0.000000000000000e+00
    8.166849248626551e+00      0.000000000000000e+00
    8.173849248626551e+00      0.000000000000000e+00
    8.180849248626551e+00      0.000000000000000e+00
    8.187849248626550e+00      0.000000000000000e+00
    8.194849248626552e+00      2.421307506053382e+00
    8.201849248626552e+00      0.000000000000000e+00
    8.208849248626551e+00      0.000000000000000e+00
    8.215849248626551e+00      0.000000000000000e+00
    8.222849248626551e+00      0.000000000000000e+00
    8.229849248626552e+00      0.000000000000000e+00
    8.236849248626552e+00      0.000000000000000e+00
    8.243849248626551e+00      0.000000000000000e+00
    8.250849248626551e+00      0.000000000000000e+00
    8.257849248626551e+00      0.000000000000000e+00
    8.264849248626550e+00      0.000000000000000e+00
    8.271849248626552e+00      0.000000000000000e+00
    8.278849248626551e+00      0.000000000000000e+00
    8.285849248626551e+00      0.000000000000000e+00
    8.292849248626551e+00      0.000000000000000e+00
    8.299849248626550e+00      0.000000000000000e+00
    8.306849248626552e+00      0.000000000000000e+00
    8.313849248626552e+00      0.000000000000000e+00
    8.320849248626551e+00      0.000000000000000e+00
    8.327849248626551e+00      0.000000000000000e+00
    8.334849248626551e+00      0.000000000000000e+00
    8.341849248626550e+00      0.000000000000000e+00
    8.348849248626552e+00      0.000000000000000e+00
    8.355849248626551e+00      0.000000000000000e+00
    8.362849248626551e+00      0.000000000000000e+00
    8.369849248626551e+00      0.000000000000000e+00
    8.376849248626550e+00      0.000000000000000e+00
    8.383849248626552e+00      0.000000000000000e+00
    8.390849248626552e+00      0.000000000000000e+00
    8.397849248626551e+00      0.000000000000000e+00
    8.404849248626551e+00      0.000000000000000e+00
    8.411849248626551e+00      0.000000000000000e+00
    8.418849248626552e+00      0.000000000000000e+00
    8.425849248626552e+00      2.421307506053382e+00
    8.432849248626551e+00      0.000000000000000e+00
    8.439849248626551e+00      0.000000000000000e+00
    8.446849248626551e+00      0.000000000000000e+00
    8.453849248626550e+00      0.000000000000000e+00
    8.460849248626552e+00      0.000000000000000e+00
    8.467849248626552e+00      0.000000000000000e+00
    8.474849248626551e+00      0.000000000000000e+00
    8.481849248626551e+00      0.000000000000000e+00
    8.488849248626551e+00      0.000000000000000e+00
    8.495849248626552e+00      0.000000000000000e+00
    8.502849248626552e+00      0.000000000000000e+00
    8.509849248626551e+00      0.000000000000000e+00
    8.516849248626551e+00      0.000000000000000e+00
    8.523849248626551e+00      0.000000000000000e+00
    8.530849248626550e+00      0.000000000000000e+00
    8.537849248626552e+00      0.000000000000000e+00
    8.544849248626551e+00      0.000000000000000e+00
    8.551849248626551e+00      0.000000000000000e+00
    8.558849248626551e+00      0.000000000000000e+00
    8.565849248626551e+00      0.000000000000000e+00
    8.572849248626552e+00      0.000000000000000e+00
    8.579849248626552e+00      0.000000000000000e+00
    8.586849248626551e+00      0.000000000000000e+00
    8.593849248626551e+00      0.000000000000000e+00
    8.600849248626551e+00      0.000000000000000e+00
    8.607849248626550e+00      0.000000000000000e+00
    8.614849248626552e+00      7.263922518160145e+00
    8.621849248626551e+00      0.000000000000000e+00
    8.628849248626551e+00      0.000000000000000e+00
    8.635849248626551e+00      0.000000000000000e+00
    8.642849248626550e+00      0.000000000000000e+00
    8.649849248626552e+00      0.000000000000000e+00
    8.656849248626552e+00      0.000000000000000e+00
    8.663849248626551e+00      0.000000000000000e+00
    8.670849248626551e+00      0.000000000000000e+00
    8.677849248626551e+00      0.000000000000000e+00
    8.684849248626552e+00      0.000000000000000e+00
    8.691849248626552e+00      0.000000000000000e+00
    8.698849248626551e+00      0.000000000000000e+00
    8.705849248626551e+00      0.000000000000000e+00
    8.712849248626551e+00      0.000000000000000e+00
    8.719849248626550e+00      0.000000000000000e+00
    8.726849248626552e+00      0.000000000000000e+00
    8.733849248626552e+00      0.000000000000000e+00
    8.740849248626551e+00      0.000000000000000e+00
    8.747849248626551e+00      0.000000000000000e+00
    8.754849248626551e+00      0.000000000000000e+00
    8.761849248626552e+00      0.000000000000000e+00
    8.768849248626552e+00      0.000000000000000e+00
    8.775849248626551e+00      0.000000000000000e+00
    8.782849248626551e+00      0.000000000000000e+00
    8.789849248626551e+00      0.000000000000000e+00
    8.796849248626550e+00      0.000000000000000e+00
    8.803849248626552e+00      2.421307506053382e+00
