                     bin:                     prob.:
    1.379574268846629e+01      5.151220116868224e+00
    1.379903300651868e+01      0.000000000000000e+00
    1.380232332457107e+01      0.000000000000000e+00
    1.380561364262346e+01      0.000000000000000e+00
    1.380890396067586e+01      0.000000000000000e+00
    1.381219427872825e+01      0.000000000000000e+00
    1.381548459678064e+01      0.000000000000000e+00
    1.381877491483303e+01      0.000000000000000e+00
    1.382206523288542e+01      0.000000000000000e+00
    1.382535555093781e+01      0.000000000000000e+00
    1.382864586899020e+01      0.000000000000000e+00
    1.383193618704259e+01      0.000000000000000e+00
    1.383522650509498e+01      0.000000000000000e+00
    1.383851682314737e+01      0.000000000000000e+00
    1.384180714119976e+01      0.000000000000000e+00
    1.384509745925216e+01      0.000000000000000e+00
    1.384838777730454e+01      0.000000000000000e+00
    1.385167809535694e+01      0.000000000000000e+00
    1.385496841340933e+01      0.000000000000000e+00
    1.385825873146172e+01      0.000000000000000e+00
    1.386154904951411e+01      0.000000000000000e+00
    1.386483936756650e+01      0.000000000000000e+00
    1.386812968561889e+01      0.000000000000000e+00
    1.387142000367128e+01      0.000000000000000e+00
    1.387471032172367e+01      0.000000000000000e+00
    1.387800063977606e+01      0.000000000000000e+00
    1.388129095782845e+01      0.000000000000000e+00
    1.388458127588084e+01      0.000000000000000e+00
    1.388787159393324e+01      0.000000000000000e+00
    1.389116191198563e+01      1.030244023374201e+01
    1.389445223003802e+01      0.000000000000000e+00
    1.389774254809041e+01      0.000000000000000e+00
    1.390103286614280e+01      0.000000000000000e+00
    1.390432318419519e+01      0.000000000000000e+00
    1.390761350224758e+01      0.000000000000000e+00
    1.391090382029997e+01      0.000000000000000e+00
    1.391419413835236e+01      0.000000000000000e+00
    1.391748445640475e+01      0.000000000000000e+00
    1.392077477445714e+01      0.000000000000000e+00
    1.392406509250953e+01      0.000000000000000e+00
    1.392735541056193e+01      0.000000000000000e+00
    1.393064572861432e+01      0.000000000000000e+00
    1.393393604666671e+01      0.000000000000000e+00
    1.393722636471910e+01      0.000000000000000e+00
    1.394051668277149e+01      0.000000000000000e+00
    1.394380700082388e+01      0.000000000000000e+00
    1.394709731887627e+01      0.000000000000000e+00
    1.395038763692866e+01      0.000000000000000e+00
    1.395367795498105e+01      0.000000000000000e+00
    1.395696827303344e+01      0.000000000000000e+00
    1.396025859108583e+01      0.000000000000000e+00
    1.396354890913822e+01      0.000000000000000e+00
    1.396683922719061e+01      0.000000000000000e+00
    1.397012954524301e+01      0.000000000000000e+00
    1.397341986329540e+01      0.000000000000000e+00
    1.397671018134779e+01      0.000000000000000e+00
    1.398000049940018e+01      0.000000000000000e+00
    1.398329081745257e+01      0.000000000000000e+00
    1.398658113550496e+01      5.151220116868224e+00
    1.398987145355735e+01      0.000000000000000e+00
    1.399316177160974e+01      0.000000000000000e+00
    1.399645208966213e+01      0.000000000000000e+00
    1.399974240771452e+01      0.000000000000000e+00
    1.400303272576691e+01      0.000000000000000e+00
    1.400632304381931e+01      0.000000000000000e+00
    1.400961336187170e+01      0.000000000000000e+00
    1.401290367992409e+01      0.000000000000000e+00
    1.401619399797648e+01      0.000000000000000e+00
    1.401948431602887e+01      0.000000000000000e+00
    1.402277463408126e+01      0.000000000000000e+00
    1.402606495213365e+01      0.000000000000000e+00
    1.402935527018604e+01      0.000000000000000e+00
    1.403264558823843e+01      0.000000000000000e+00
    1.403593590629082e+01      0.000000000000000e+00
    1.403922622434321e+01      0.000000000000000e+00
    1.404251654239560e+01      0.000000000000000e+00
    1.404580686044799e+01      0.000000000000000e+00
    1.404909717850039e+01      0.000000000000000e+00
    1.405238749655278e+01      0.000000000000000e+00
    1.405567781460517e+01      0.000000000000000e+00
    1.405896813265756e+01      0.000000000000000e+00
    1.406225845070995e+01      0.000000000000000e+00
    1.406554876876234e+01      0.000000000000000e+00
    1.406883908681473e+01      0.000000000000000e+00
    1.407212940486712e+01      0.000000000000000e+00
    1.407541972291951e+01      0.000000000000000e+00
    1.407871004097190e+01      0.000000000000000e+00
    1.408200035902429e+01      0.000000000000000e+00
    1.408529067707669e+01      1.545366035060467e+01
    1.408858099512908e+01      0.000000000000000e+00
    1.409187131318147e+01      0.000000000000000e+00
    1.409516163123386e+01      0.000000000000000e+00
    1.409845194928625e+01      0.000000000000000e+00
    1.410174226733864e+01      0.000000000000000e+00
    1.410503258539103e+01      0.000000000000000e+00
    1.410832290344342e+01      0.000000000000000e+00
    1.411161322149581e+01      0.000000000000000e+00
    1.411490353954820e+01      0.000000000000000e+00
    1.411819385760059e+01      0.000000000000000e+00
    1.412148417565298e+01      0.000000000000000e+00
    1.412477449370537e+01      0.000000000000000e+00
    1.412806481175777e+01      0.000000000000000e+00
    1.413135512981016e+01      0.000000000000000e+00
    1.413464544786255e+01      0.000000000000000e+00
    1.413793576591494e+01      0.000000000000000e+00
    1.414122608396733e+01      0.000000000000000e+00
    1.414451640201972e+01      0.000000000000000e+00
    1.414780672007211e+01      0.000000000000000e+00
    1.415109703812450e+01      0.000000000000000e+00
    1.415438735617689e+01      0.000000000000000e+00
    1.415767767422928e+01      0.000000000000000e+00
    1.416096799228167e+01      0.000000000000000e+00
    1.416425831033406e+01      0.000000000000000e+00
    1.416754862838646e+01      0.000000000000000e+00
    1.417083894643885e+01      0.000000000000000e+00
    1.417412926449124e+01      0.000000000000000e+00
    1.417741958254363e+01      0.000000000000000e+00
    1.418070990059602e+01      5.151220116871005e+00
    1.418400021864841e+01      0.000000000000000e+00
    1.418729053670080e+01      0.000000000000000e+00
    1.419058085475319e+01      0.000000000000000e+00
    1.419387117280558e+01      0.000000000000000e+00
    1.419716149085797e+01      0.000000000000000e+00
    1.420045180891036e+01      0.000000000000000e+00
    1.420374212696276e+01      0.000000000000000e+00
    1.420703244501514e+01      0.000000000000000e+00
    1.421032276306754e+01      0.000000000000000e+00
    1.421361308111993e+01      0.000000000000000e+00
    1.421690339917232e+01      0.000000000000000e+00
    1.422019371722471e+01      0.000000000000000e+00
    1.422348403527710e+01      0.000000000000000e+00
    1.422677435332949e+01      0.000000000000000e+00
    1.423006467138188e+01      0.000000000000000e+00
    1.423335498943427e+01      0.000000000000000e+00
    1.423664530748666e+01      0.000000000000000e+00
    1.423993562553905e+01      0.000000000000000e+00
    1.424322594359144e+01      0.000000000000000e+00
    1.424651626164384e+01      0.000000000000000e+00
    1.424980657969623e+01      0.000000000000000e+00
    1.425309689774862e+01      0.000000000000000e+00
    1.425638721580101e+01      0.000000000000000e+00
    1.425967753385340e+01      0.000000000000000e+00
    1.426296785190579e+01      0.000000000000000e+00
    1.426625816995818e+01      0.000000000000000e+00
    1.426954848801057e+01      0.000000000000000e+00
    1.427283880606296e+01      0.000000000000000e+00
    1.427612912411535e+01      0.000000000000000e+00
    1.427941944216774e+01      1.030244023373645e+01
    1.428270976022013e+01      0.000000000000000e+00
    1.428600007827253e+01      0.000000000000000e+00
    1.428929039632492e+01      0.000000000000000e+00
    1.429258071437731e+01      0.000000000000000e+00
    1.429587103242970e+01      0.000000000000000e+00
    1.429916135048209e+01      0.000000000000000e+00
    1.430245166853448e+01      0.000000000000000e+00
    1.430574198658687e+01      0.000000000000000e+00
    1.430903230463926e+01      0.000000000000000e+00
    1.431232262269165e+01      0.000000000000000e+00
    1.431561294074404e+01      0.000000000000000e+00
    1.431890325879643e+01      0.000000000000000e+00
    1.432219357684882e+01      0.000000000000000e+00
    1.432548389490121e+01      5.151220116868224e+00
    1.432877421295361e+01      0.000000000000000e+00
    1.433206453100600e+01      0.000000000000000e+00
    1.433535484905839e+01      0.000000000000000e+00
    1.433864516711078e+01      0.000000000000000e+00
    1.434193548516317e+01      0.000000000000000e+00
    1.434522580321556e+01      0.000000000000000e+00
    1.434851612126795e+01      0.000000000000000e+00
    1.435180643932034e+01      0.000000000000000e+00
    1.435509675737273e+01      0.000000000000000e+00
    1.435838707542512e+01      0.000000000000000e+00
    1.436167739347751e+01      0.000000000000000e+00
    1.436496771152991e+01      0.000000000000000e+00
    1.436825802958229e+01      0.000000000000000e+00
    1.437154834763469e+01      0.000000000000000e+00
    1.437483866568708e+01      1.030244023373645e+01
    1.437812898373947e+01      0.000000000000000e+00
    1.438141930179186e+01      0.000000000000000e+00
    1.438470961984425e+01      0.000000000000000e+00
    1.438799993789664e+01      0.000000000000000e+00
    1.439129025594903e+01      0.000000000000000e+00
    1.439458057400142e+01      0.000000000000000e+00
    1.439787089205381e+01      0.000000000000000e+00
    1.440116121010620e+01      0.000000000000000e+00
    1.440445152815859e+01      0.000000000000000e+00
    1.440774184621099e+01      0.000000000000000e+00
    1.441103216426338e+01      0.000000000000000e+00
    1.441432248231577e+01      0.000000000000000e+00
    1.441761280036816e+01      0.000000000000000e+00
    1.442090311842055e+01      0.000000000000000e+00
    1.442419343647294e+01      5.151220116871005e+00
    1.442748375452533e+01      0.000000000000000e+00
    1.443077407257772e+01      0.000000000000000e+00
    1.443406439063011e+01      0.000000000000000e+00
    1.443735470868250e+01      0.000000000000000e+00
    1.444064502673489e+01      0.000000000000000e+00
    1.444393534478728e+01      0.000000000000000e+00
    1.444722566283968e+01      0.000000000000000e+00
    1.445051598089207e+01      0.000000000000000e+00
    1.445380629894446e+01      0.000000000000000e+00
    1.445709661699685e+01      0.000000000000000e+00
    1.446038693504924e+01      0.000000000000000e+00
    1.446367725310163e+01      0.000000000000000e+00
    1.446696757115402e+01      0.000000000000000e+00
    1.447025788920641e+01      0.000000000000000e+00
    1.447354820725880e+01      0.000000000000000e+00
    1.447683852531119e+01      0.000000000000000e+00
    1.448012884336358e+01      0.000000000000000e+00
    1.448341916141597e+01      0.000000000000000e+00
    1.448670947946836e+01      0.000000000000000e+00
    1.448999979752076e+01      0.000000000000000e+00
    1.449329011557315e+01      0.000000000000000e+00
    1.449658043362554e+01      5.151220116868224e+00
    1.449987075167793e+01      0.000000000000000e+00
    1.450316106973032e+01      0.000000000000000e+00
    1.450645138778271e+01      0.000000000000000e+00
    1.450974170583510e+01      0.000000000000000e+00
    1.451303202388749e+01      0.000000000000000e+00
    1.451632234193988e+01      0.000000000000000e+00
    1.451961265999227e+01      1.030244023373645e+01
    1.452290297804466e+01      0.000000000000000e+00
    1.452619329609706e+01      0.000000000000000e+00
    1.452948361414945e+01      0.000000000000000e+00
    1.453277393220184e+01      0.000000000000000e+00
    1.453606425025423e+01      0.000000000000000e+00
    1.453935456830662e+01      0.000000000000000e+00
    1.454264488635901e+01      5.151220116868224e+00
    1.454593520441140e+01      0.000000000000000e+00
    1.454922552246379e+01      0.000000000000000e+00
    1.455251584051618e+01      0.000000000000000e+00
    1.455580615856857e+01      0.000000000000000e+00
    1.455909647662096e+01      0.000000000000000e+00
    1.456238679467335e+01      0.000000000000000e+00
    1.456567711272574e+01      0.000000000000000e+00
    1.456896743077814e+01      1.030244023373645e+01
    1.457225774883053e+01      0.000000000000000e+00
    1.457554806688292e+01      0.000000000000000e+00
    1.457883838493531e+01      0.000000000000000e+00
    1.458212870298770e+01      0.000000000000000e+00
    1.458541902104009e+01      0.000000000000000e+00
    1.458870933909248e+01      0.000000000000000e+00
    1.459199965714487e+01      5.151220116868224e+00
    1.459528997519726e+01      0.000000000000000e+00
    1.459858029324965e+01      0.000000000000000e+00
    1.460187061130204e+01      0.000000000000000e+00
    1.460516092935443e+01      0.000000000000000e+00
    1.460845124740683e+01      0.000000000000000e+00
    1.461174156545922e+01      0.000000000000000e+00
    1.461503188351161e+01      1.030244023373645e+01
    1.461832220156400e+01      0.000000000000000e+00
    1.462161251961639e+01      0.000000000000000e+00
    1.462490283766878e+01      0.000000000000000e+00
    1.462819315572117e+01      0.000000000000000e+00
    1.463148347377356e+01      0.000000000000000e+00
    1.463477379182595e+01      0.000000000000000e+00
    1.463806410987834e+01      0.000000000000000e+00
    1.464135442793073e+01      5.151220116868224e+00
    1.464464474598313e+01      0.000000000000000e+00
    1.464793506403552e+01      0.000000000000000e+00
    1.465122538208791e+01      0.000000000000000e+00
    1.465451570014030e+01      0.000000000000000e+00
    1.465780601819269e+01      0.000000000000000e+00
    1.466109633624508e+01      0.000000000000000e+00
    1.466438665429747e+01      1.545366035061301e+01
    1.466767697234986e+01      0.000000000000000e+00
    1.467096729040225e+01      0.000000000000000e+00
    1.467425760845464e+01      0.000000000000000e+00
    1.467754792650703e+01      0.000000000000000e+00
    1.468083824455942e+01      0.000000000000000e+00
    1.468412856261181e+01      0.000000000000000e+00
    1.468741888066421e+01      0.000000000000000e+00
    1.469070919871660e+01      5.151220116871005e+00
    1.469399951676899e+01      0.000000000000000e+00
    1.469728983482138e+01      0.000000000000000e+00
    1.470058015287377e+01      0.000000000000000e+00
    1.470387047092616e+01      0.000000000000000e+00
    1.470716078897855e+01      0.000000000000000e+00
    1.471045110703094e+01      0.000000000000000e+00
    1.471374142508333e+01      1.030244023373645e+01
    1.471703174313572e+01      0.000000000000000e+00
    1.472032206118811e+01      0.000000000000000e+00
    1.472361237924050e+01      0.000000000000000e+00
    1.472690269729289e+01      0.000000000000000e+00
    1.473019301534529e+01      0.000000000000000e+00
    1.473348333339768e+01      0.000000000000000e+00
    1.473677365145007e+01      5.151220116871005e+00
    1.474006396950246e+01      0.000000000000000e+00
    1.474335428755485e+01      0.000000000000000e+00
    1.474664460560724e+01      0.000000000000000e+00
    1.474993492365963e+01      0.000000000000000e+00
    1.475322524171202e+01      0.000000000000000e+00
    1.475651555976441e+01      0.000000000000000e+00
    1.475980587781680e+01      0.000000000000000e+00
    1.476309619586919e+01      2.060488046747290e+01
    1.476638651392159e+01      0.000000000000000e+00
    1.476967683197398e+01      0.000000000000000e+00
    1.477296715002637e+01      0.000000000000000e+00
    1.477625746807876e+01      0.000000000000000e+00
    1.477954778613115e+01      0.000000000000000e+00
    1.478283810418354e+01      0.000000000000000e+00
    1.478612842223593e+01      5.151220116868224e+00
    1.478941874028832e+01      0.000000000000000e+00
    1.479270905834071e+01      0.000000000000000e+00
    1.479599937639310e+01      0.000000000000000e+00
    1.479928969444549e+01      0.000000000000000e+00
    1.480258001249788e+01      0.000000000000000e+00
    1.480587033055027e+01      0.000000000000000e+00
    1.480916064860267e+01      1.030244023373645e+01
    1.481245096665506e+01      0.000000000000000e+00
    1.481574128470745e+01      0.000000000000000e+00
    1.481903160275984e+01      0.000000000000000e+00
    1.482232192081223e+01      5.151220116868224e+00
    1.482561223886462e+01      0.000000000000000e+00
    1.482890255691701e+01      0.000000000000000e+00
    1.483219287496940e+01      0.000000000000000e+00
    1.483548319302179e+01      1.030244023373645e+01
    1.483877351107418e+01      0.000000000000000e+00
    1.484206382912657e+01      0.000000000000000e+00
    1.484535414717896e+01      5.151220116868224e+00
    1.484864446523136e+01      0.000000000000000e+00
    1.485193478328375e+01      0.000000000000000e+00
    1.485522510133614e+01      0.000000000000000e+00
    1.485851541938853e+01      5.151220116868224e+00
    1.486180573744092e+01      0.000000000000000e+00
    1.486509605549331e+01      0.000000000000000e+00
    1.486838637354570e+01      0.000000000000000e+00
    1.487167669159809e+01      0.000000000000000e+00
    1.487496700965048e+01      0.000000000000000e+00
    1.487825732770287e+01      0.000000000000000e+00
    1.488154764575526e+01      5.151220116868224e+00
    1.488483796380766e+01      0.000000000000000e+00
    1.488812828186004e+01      0.000000000000000e+00
    1.489141859991244e+01      0.000000000000000e+00
    1.489470891796483e+01      0.000000000000000e+00
    1.489799923601722e+01      0.000000000000000e+00
    1.490128955406961e+01      0.000000000000000e+00
    1.490457987212200e+01      0.000000000000000e+00
    1.490787019017439e+01      1.030244023374201e+01
    1.491116050822678e+01      0.000000000000000e+00
    1.491445082627917e+01      0.000000000000000e+00
    1.491774114433156e+01      0.000000000000000e+00
    1.492103146238395e+01      0.000000000000000e+00
    1.492432178043634e+01      0.000000000000000e+00
    1.492761209848874e+01      0.000000000000000e+00
    1.493090241654113e+01      5.151220116871005e+00
    1.493419273459352e+01      0.000000000000000e+00
    1.493748305264591e+01      0.000000000000000e+00
    1.494077337069830e+01      0.000000000000000e+00
    1.494406368875069e+01      0.000000000000000e+00
    1.494735400680308e+01      0.000000000000000e+00
    1.495064432485547e+01      0.000000000000000e+00
    1.495393464290786e+01      1.545366035061301e+01
    1.495722496096025e+01      0.000000000000000e+00
    1.496051527901264e+01      0.000000000000000e+00
    1.496380559706503e+01      0.000000000000000e+00
    1.496709591511743e+01      0.000000000000000e+00
    1.497038623316982e+01      0.000000000000000e+00
    1.497367655122221e+01      0.000000000000000e+00
    1.497696686927460e+01      0.000000000000000e+00
    1.498025718732699e+01      0.000000000000000e+00
    1.498354750537938e+01      0.000000000000000e+00
    1.498683782343177e+01      0.000000000000000e+00
    1.499012814148416e+01      0.000000000000000e+00
    1.499341845953655e+01      0.000000000000000e+00
    1.499670877758894e+01      0.000000000000000e+00
    1.499999909564133e+01      0.000000000000000e+00
    1.500328941369372e+01      5.151220116868224e+00
    1.500657973174611e+01      0.000000000000000e+00
    1.500987004979851e+01      0.000000000000000e+00
    1.501316036785090e+01      0.000000000000000e+00
    1.501645068590329e+01      0.000000000000000e+00
    1.501974100395568e+01      0.000000000000000e+00
    1.502303132200807e+01      0.000000000000000e+00
    1.502632164006046e+01      0.000000000000000e+00
    1.502961195811285e+01      0.000000000000000e+00
    1.503290227616524e+01      0.000000000000000e+00
    1.503619259421763e+01      0.000000000000000e+00
    1.503948291227002e+01      0.000000000000000e+00
    1.504277323032241e+01      0.000000000000000e+00
    1.504606354837481e+01      0.000000000000000e+00
    1.504935386642720e+01      0.000000000000000e+00
    1.505264418447959e+01      1.545366035060467e+01
    1.505593450253198e+01      0.000000000000000e+00
    1.505922482058437e+01      0.000000000000000e+00
    1.506251513863676e+01      0.000000000000000e+00
    1.506580545668915e+01      0.000000000000000e+00
    1.506909577474154e+01      0.000000000000000e+00
    1.507238609279393e+01      0.000000000000000e+00
    1.507567641084632e+01      0.000000000000000e+00
    1.507896672889871e+01      0.000000000000000e+00
    1.508225704695110e+01      0.000000000000000e+00
    1.508554736500349e+01      0.000000000000000e+00
    1.508883768305589e+01      0.000000000000000e+00
    1.509212800110828e+01      0.000000000000000e+00
    1.509541831916067e+01      0.000000000000000e+00
    1.509870863721306e+01      0.000000000000000e+00
    1.510199895526545e+01      0.000000000000000e+00
    1.510528927331784e+01      0.000000000000000e+00
    1.510857959137023e+01      0.000000000000000e+00
    1.511186990942262e+01      0.000000000000000e+00
    1.511516022747501e+01      0.000000000000000e+00
    1.511845054552740e+01      0.000000000000000e+00
    1.512174086357979e+01      0.000000000000000e+00
    1.512503118163218e+01      0.000000000000000e+00
    1.512832149968458e+01      0.000000000000000e+00
    1.513161181773697e+01      0.000000000000000e+00
    1.513490213578936e+01      0.000000000000000e+00
    1.513819245384175e+01      0.000000000000000e+00
    1.514148277189414e+01      0.000000000000000e+00
    1.514477308994653e+01      0.000000000000000e+00
    1.514806340799892e+01      5.151220116868224e+00
    1.515135372605131e+01      0.000000000000000e+00
    1.515464404410370e+01      0.000000000000000e+00
    1.515793436215609e+01      0.000000000000000e+00
    1.516122468020848e+01      0.000000000000000e+00
    1.516451499826087e+01      0.000000000000000e+00
    1.516780531631326e+01      0.000000000000000e+00
    1.517109563436566e+01      0.000000000000000e+00
    1.517438595241805e+01      0.000000000000000e+00
    1.517767627047044e+01      0.000000000000000e+00
    1.518096658852283e+01      0.000000000000000e+00
    1.518425690657522e+01      0.000000000000000e+00
    1.518754722462761e+01      0.000000000000000e+00
    1.519083754268000e+01      0.000000000000000e+00
    1.519412786073239e+01      0.000000000000000e+00
    1.519741817878478e+01      0.000000000000000e+00
    1.520070849683717e+01      0.000000000000000e+00
    1.520399881488956e+01      0.000000000000000e+00
    1.520728913294196e+01      0.000000000000000e+00
    1.521057945099435e+01      0.000000000000000e+00
    1.521386976904674e+01      0.000000000000000e+00
    1.521716008709913e+01      0.000000000000000e+00
    1.522045040515152e+01      0.000000000000000e+00
    1.522374072320391e+01      0.000000000000000e+00
    1.522703104125630e+01      0.000000000000000e+00
    1.523032135930869e+01      0.000000000000000e+00
    1.523361167736108e+01      0.000000000000000e+00
    1.523690199541347e+01      0.000000000000000e+00
    1.524019231346586e+01      0.000000000000000e+00
    1.524348263151825e+01      0.000000000000000e+00
    1.524677294957064e+01      0.000000000000000e+00
    1.525006326762304e+01      0.000000000000000e+00
    1.525335358567543e+01      0.000000000000000e+00
    1.525664390372782e+01      0.000000000000000e+00
    1.525993422178021e+01      0.000000000000000e+00
    1.526322453983260e+01      0.000000000000000e+00
    1.526651485788499e+01      0.000000000000000e+00
    1.526980517593738e+01      0.000000000000000e+00
    1.527309549398977e+01      0.000000000000000e+00
    1.527638581204216e+01      0.000000000000000e+00
    1.527967613009455e+01      0.000000000000000e+00
    1.528296644814694e+01      0.000000000000000e+00
    1.528625676619933e+01      0.000000000000000e+00
    1.528954708425173e+01      0.000000000000000e+00
    1.529283740230412e+01      0.000000000000000e+00
    1.529612772035651e+01      0.000000000000000e+00
    1.529941803840890e+01      0.000000000000000e+00
    1.530270835646129e+01      0.000000000000000e+00
    1.530599867451368e+01      0.000000000000000e+00
    1.530928899256607e+01      0.000000000000000e+00
    1.531257931061846e+01      0.000000000000000e+00
    1.531586962867085e+01      0.000000000000000e+00
    1.531915994672324e+01      0.000000000000000e+00
    1.532245026477563e+01      0.000000000000000e+00
    1.532574058282803e+01      0.000000000000000e+00
    1.532903090088042e+01      0.000000000000000e+00
    1.533232121893281e+01      0.000000000000000e+00
    1.533561153698520e+01      0.000000000000000e+00
    1.533890185503759e+01      0.000000000000000e+00
    1.534219217308998e+01      0.000000000000000e+00
    1.534548249114237e+01      0.000000000000000e+00
    1.534877280919476e+01      0.000000000000000e+00
    1.535206312724715e+01      0.000000000000000e+00
    1.535535344529954e+01      0.000000000000000e+00
    1.535864376335193e+01      0.000000000000000e+00
    1.536193408140432e+01      0.000000000000000e+00
    1.536522439945671e+01      0.000000000000000e+00
    1.536851471750911e+01      0.000000000000000e+00
    1.537180503556150e+01      0.000000000000000e+00
    1.537509535361389e+01      0.000000000000000e+00
    1.537838567166628e+01      0.000000000000000e+00
    1.538167598971867e+01      0.000000000000000e+00
    1.538496630777106e+01      0.000000000000000e+00
    1.538825662582345e+01      0.000000000000000e+00
    1.539154694387584e+01      0.000000000000000e+00
    1.539483726192823e+01      0.000000000000000e+00
    1.539812757998062e+01      0.000000000000000e+00
    1.540141789803301e+01      0.000000000000000e+00
    1.540470821608540e+01      0.000000000000000e+00
    1.540799853413779e+01      0.000000000000000e+00
    1.541128885219019e+01      0.000000000000000e+00
    1.541457917024258e+01      0.000000000000000e+00
    1.541786948829497e+01      0.000000000000000e+00
    1.542115980634736e+01      0.000000000000000e+00
    1.542445012439975e+01      0.000000000000000e+00
    1.542774044245214e+01      0.000000000000000e+00
    1.543103076050453e+01      0.000000000000000e+00
    1.543432107855692e+01      0.000000000000000e+00
    1.543761139660931e+01      0.000000000000000e+00
    1.544090171466170e+01      0.000000000000000e+00
    1.544419203271409e+01      0.000000000000000e+00
    1.544748235076649e+01      0.000000000000000e+00
    1.545077266881888e+01      0.000000000000000e+00
    1.545406298687127e+01      0.000000000000000e+00
    1.545735330492366e+01      0.000000000000000e+00
    1.546064362297605e+01      0.000000000000000e+00
    1.546393394102844e+01      0.000000000000000e+00
    1.546722425908083e+01      0.000000000000000e+00
    1.547051457713322e+01      0.000000000000000e+00
    1.547380489518561e+01      0.000000000000000e+00
    1.547709521323800e+01      0.000000000000000e+00
    1.548038553129039e+01      0.000000000000000e+00
    1.548367584934278e+01      0.000000000000000e+00
    1.548696616739517e+01      0.000000000000000e+00
    1.549025648544757e+01      0.000000000000000e+00
    1.549354680349996e+01      0.000000000000000e+00
    1.549683712155235e+01      0.000000000000000e+00
    1.550012743960474e+01      0.000000000000000e+00
    1.550341775765713e+01      0.000000000000000e+00
    1.550670807570952e+01      0.000000000000000e+00
    1.550999839376191e+01      0.000000000000000e+00
    1.551328871181430e+01      0.000000000000000e+00
    1.551657902986669e+01      0.000000000000000e+00
    1.551986934791908e+01      0.000000000000000e+00
    1.552315966597147e+01      0.000000000000000e+00
    1.552644998402386e+01      0.000000000000000e+00
    1.552974030207626e+01      0.000000000000000e+00
    1.553303062012865e+01      0.000000000000000e+00
    1.553632093818104e+01      0.000000000000000e+00
    1.553961125623343e+01      0.000000000000000e+00
    1.554290157428582e+01      0.000000000000000e+00
    1.554619189233821e+01      0.000000000000000e+00
    1.554948221039060e+01      0.000000000000000e+00
    1.555277252844299e+01      0.000000000000000e+00
    1.555606284649538e+01      0.000000000000000e+00
    1.555935316454777e+01      0.000000000000000e+00
    1.556264348260016e+01      0.000000000000000e+00
    1.556593380065256e+01      0.000000000000000e+00
    1.556922411870494e+01      0.000000000000000e+00
    1.557251443675734e+01      0.000000000000000e+00
    1.557580475480973e+01      0.000000000000000e+00
    1.557909507286212e+01      0.000000000000000e+00
    1.558238539091451e+01      0.000000000000000e+00
    1.558567570896690e+01      0.000000000000000e+00
    1.558896602701929e+01      0.000000000000000e+00
    1.559225634507168e+01      0.000000000000000e+00
    1.559554666312407e+01      0.000000000000000e+00
    1.559883698117646e+01      0.000000000000000e+00
    1.560212729922885e+01      0.000000000000000e+00
    1.560541761728124e+01      0.000000000000000e+00
    1.560870793533364e+01      0.000000000000000e+00
    1.561199825338603e+01      0.000000000000000e+00
    1.561528857143842e+01      0.000000000000000e+00
    1.561857888949081e+01      0.000000000000000e+00
    1.562186920754320e+01      0.000000000000000e+00
    1.562515952559559e+01      0.000000000000000e+00
    1.562844984364798e+01      0.000000000000000e+00
    1.563174016170037e+01      0.000000000000000e+00
    1.563503047975276e+01      0.000000000000000e+00
    1.563832079780515e+01      0.000000000000000e+00
    1.564161111585754e+01      0.000000000000000e+00
    1.564490143390993e+01      0.000000000000000e+00
    1.564819175196233e+01      0.000000000000000e+00
    1.565148207001472e+01      0.000000000000000e+00
    1.565477238806711e+01      0.000000000000000e+00
    1.565806270611950e+01      0.000000000000000e+00
    1.566135302417189e+01      0.000000000000000e+00
    1.566464334222428e+01      0.000000000000000e+00
    1.566793366027667e+01      0.000000000000000e+00
    1.567122397832906e+01      0.000000000000000e+00
    1.567451429638145e+01      0.000000000000000e+00
    1.567780461443384e+01      0.000000000000000e+00
    1.568109493248623e+01      0.000000000000000e+00
    1.568438525053863e+01      0.000000000000000e+00
    1.568767556859101e+01      0.000000000000000e+00
    1.569096588664341e+01      0.000000000000000e+00
    1.569425620469580e+01      0.000000000000000e+00
    1.569754652274819e+01      0.000000000000000e+00
    1.570083684080058e+01      0.000000000000000e+00
    1.570412715885297e+01      0.000000000000000e+00
    1.570741747690536e+01      0.000000000000000e+00
    1.571070779495775e+01      0.000000000000000e+00
    1.571399811301014e+01      0.000000000000000e+00
    1.571728843106253e+01      0.000000000000000e+00
    1.572057874911492e+01      0.000000000000000e+00
    1.572386906716731e+01      0.000000000000000e+00
    1.572715938521971e+01      0.000000000000000e+00
    1.573044970327210e+01      0.000000000000000e+00
    1.573374002132449e+01      0.000000000000000e+00
    1.573703033937688e+01      0.000000000000000e+00
    1.574032065742927e+01      0.000000000000000e+00
    1.574361097548166e+01      0.000000000000000e+00
    1.574690129353405e+01      0.000000000000000e+00
    1.575019161158644e+01      0.000000000000000e+00
    1.575348192963883e+01      0.000000000000000e+00
    1.575677224769122e+01      0.000000000000000e+00
    1.576006256574361e+01      0.000000000000000e+00
    1.576335288379600e+01      0.000000000000000e+00
    1.576664320184839e+01      0.000000000000000e+00
    1.576993351990079e+01      0.000000000000000e+00
    1.577322383795318e+01      0.000000000000000e+00
    1.577651415600557e+01      0.000000000000000e+00
    1.577980447405796e+01      0.000000000000000e+00
    1.578309479211035e+01      0.000000000000000e+00
    1.578638511016274e+01      0.000000000000000e+00
    1.578967542821513e+01      0.000000000000000e+00
    1.579296574626752e+01      0.000000000000000e+00
    1.579625606431991e+01      0.000000000000000e+00
    1.579954638237230e+01      0.000000000000000e+00
    1.580283670042469e+01      0.000000000000000e+00
    1.580612701847708e+01      0.000000000000000e+00
    1.580941733652948e+01      0.000000000000000e+00
    1.581270765458187e+01      0.000000000000000e+00
    1.581599797263426e+01      0.000000000000000e+00
    1.581928829068665e+01      0.000000000000000e+00
    1.582257860873904e+01      0.000000000000000e+00
    1.582586892679143e+01      0.000000000000000e+00
    1.582915924484382e+01      0.000000000000000e+00
    1.583244956289621e+01      0.000000000000000e+00
    1.583573988094860e+01      0.000000000000000e+00
    1.583903019900099e+01      0.000000000000000e+00
    1.584232051705338e+01      0.000000000000000e+00
    1.584561083510577e+01      0.000000000000000e+00
    1.584890115315816e+01      0.000000000000000e+00
    1.585219147121056e+01      0.000000000000000e+00
    1.585548178926295e+01      0.000000000000000e+00
    1.585877210731534e+01      5.151220116868224e+00
    1.586206242536773e+01      0.000000000000000e+00
    1.586535274342012e+01      0.000000000000000e+00
    1.586864306147251e+01      0.000000000000000e+00
    1.587193337952490e+01      0.000000000000000e+00
    1.587522369757729e+01      0.000000000000000e+00
    1.587851401562968e+01      0.000000000000000e+00
    1.588180433368207e+01      0.000000000000000e+00
    1.588509465173446e+01      0.000000000000000e+00
    1.588838496978686e+01      0.000000000000000e+00
    1.589167528783925e+01      0.000000000000000e+00
    1.589496560589164e+01      0.000000000000000e+00
    1.589825592394403e+01      0.000000000000000e+00
    1.590154624199642e+01      0.000000000000000e+00
    1.590483656004881e+01      0.000000000000000e+00
    1.590812687810120e+01      0.000000000000000e+00
    1.591141719615359e+01      0.000000000000000e+00
    1.591470751420598e+01      0.000000000000000e+00
    1.591799783225837e+01      0.000000000000000e+00
    1.592128815031076e+01      0.000000000000000e+00
    1.592457846836315e+01      0.000000000000000e+00
    1.592786878641554e+01      0.000000000000000e+00
    1.593115910446794e+01      0.000000000000000e+00
    1.593444942252033e+01      0.000000000000000e+00
    1.593773974057272e+01      0.000000000000000e+00
    1.594103005862511e+01      0.000000000000000e+00
    1.594432037667750e+01      0.000000000000000e+00
    1.594761069472989e+01      0.000000000000000e+00
    1.595090101278228e+01      0.000000000000000e+00
    1.595419133083467e+01      0.000000000000000e+00
    1.595748164888706e+01      0.000000000000000e+00
    1.596077196693945e+01      0.000000000000000e+00
    1.596406228499184e+01      0.000000000000000e+00
    1.596735260304423e+01      0.000000000000000e+00
    1.597064292109663e+01      0.000000000000000e+00
    1.597393323914902e+01      0.000000000000000e+00
    1.597722355720141e+01      0.000000000000000e+00
    1.598051387525380e+01      0.000000000000000e+00
    1.598380419330619e+01      0.000000000000000e+00
    1.598709451135858e+01      0.000000000000000e+00
    1.599038482941097e+01      0.000000000000000e+00
    1.599367514746336e+01      0.000000000000000e+00
    1.599696546551575e+01      0.000000000000000e+00
    1.600025578356814e+01      0.000000000000000e+00
    1.600354610162053e+01      0.000000000000000e+00
    1.600683641967293e+01      0.000000000000000e+00
    1.601012673772532e+01      0.000000000000000e+00
    1.601341705577771e+01      0.000000000000000e+00
    1.601670737383010e+01      0.000000000000000e+00
    1.601999769188249e+01      0.000000000000000e+00
    1.602328800993488e+01      0.000000000000000e+00
    1.602657832798727e+01      0.000000000000000e+00
    1.602986864603966e+01      0.000000000000000e+00
    1.603315896409205e+01      0.000000000000000e+00
    1.603644928214444e+01      0.000000000000000e+00
    1.603973960019683e+01      0.000000000000000e+00
    1.604302991824922e+01      0.000000000000000e+00
    1.604632023630161e+01      0.000000000000000e+00
    1.604961055435400e+01      0.000000000000000e+00
    1.605290087240640e+01      0.000000000000000e+00
    1.605619119045879e+01      0.000000000000000e+00
    1.605948150851118e+01      0.000000000000000e+00
    1.606277182656357e+01      0.000000000000000e+00
    1.606606214461596e+01      0.000000000000000e+00
    1.606935246266835e+01      0.000000000000000e+00
    1.607264278072074e+01      0.000000000000000e+00
    1.607593309877313e+01      0.000000000000000e+00
    1.607922341682552e+01      0.000000000000000e+00
    1.608251373487791e+01      0.000000000000000e+00
    1.608580405293030e+01      0.000000000000000e+00
    1.608909437098270e+01      0.000000000000000e+00
    1.609238468903509e+01      0.000000000000000e+00
    1.609567500708748e+01      0.000000000000000e+00
    1.609896532513987e+01      0.000000000000000e+00
    1.610225564319226e+01      0.000000000000000e+00
    1.610554596124465e+01      0.000000000000000e+00
    1.610883627929704e+01      0.000000000000000e+00
    1.611212659734943e+01      0.000000000000000e+00
    1.611541691540182e+01      0.000000000000000e+00
    1.611870723345421e+01      0.000000000000000e+00
    1.612199755150660e+01      0.000000000000000e+00
    1.612528786955900e+01      0.000000000000000e+00
    1.612857818761139e+01      0.000000000000000e+00
    1.613186850566377e+01      0.000000000000000e+00
    1.613515882371617e+01      0.000000000000000e+00
    1.613844914176856e+01      0.000000000000000e+00
    1.614173945982095e+01      0.000000000000000e+00
    1.614502977787334e+01      0.000000000000000e+00
    1.614832009592573e+01      0.000000000000000e+00
    1.615161041397812e+01      0.000000000000000e+00
    1.615490073203051e+01      0.000000000000000e+00
    1.615819105008290e+01      0.000000000000000e+00
    1.616148136813529e+01      0.000000000000000e+00
    1.616477168618768e+01      0.000000000000000e+00
    1.616806200424007e+01      0.000000000000000e+00
    1.617135232229247e+01      0.000000000000000e+00
    1.617464264034486e+01      0.000000000000000e+00
    1.617793295839725e+01      0.000000000000000e+00
    1.618122327644964e+01      0.000000000000000e+00
    1.618451359450203e+01      0.000000000000000e+00
    1.618780391255442e+01      0.000000000000000e+00
    1.619109423060681e+01      0.000000000000000e+00
    1.619438454865920e+01      0.000000000000000e+00
    1.619767486671159e+01      0.000000000000000e+00
    1.620096518476398e+01      0.000000000000000e+00
    1.620425550281637e+01      0.000000000000000e+00
    1.620754582086877e+01      0.000000000000000e+00
    1.621083613892116e+01      0.000000000000000e+00
    1.621412645697355e+01      0.000000000000000e+00
    1.621741677502594e+01      0.000000000000000e+00
    1.622070709307833e+01      0.000000000000000e+00
    1.622399741113072e+01      0.000000000000000e+00
    1.622728772918311e+01      0.000000000000000e+00
    1.623057804723550e+01      0.000000000000000e+00
    1.623386836528789e+01      0.000000000000000e+00
    1.623715868334028e+01      0.000000000000000e+00
    1.624044900139267e+01      0.000000000000000e+00
    1.624373931944506e+01      0.000000000000000e+00
    1.624702963749746e+01      0.000000000000000e+00
    1.625031995554984e+01      0.000000000000000e+00
    1.625361027360224e+01      0.000000000000000e+00
    1.625690059165463e+01      0.000000000000000e+00
    1.626019090970702e+01      0.000000000000000e+00
    1.626348122775941e+01      0.000000000000000e+00
    1.626677154581180e+01      0.000000000000000e+00
    1.627006186386419e+01      0.000000000000000e+00
    1.627335218191658e+01      0.000000000000000e+00
    1.627664249996897e+01      0.000000000000000e+00
    1.627993281802136e+01      0.000000000000000e+00
    1.628322313607375e+01      0.000000000000000e+00
    1.628651345412614e+01      0.000000000000000e+00
    1.628980377217854e+01      0.000000000000000e+00
    1.629309409023093e+01      0.000000000000000e+00
    1.629638440828332e+01      0.000000000000000e+00
    1.629967472633571e+01      0.000000000000000e+00
    1.630296504438810e+01      0.000000000000000e+00
    1.630625536244049e+01      0.000000000000000e+00
    1.630954568049288e+01      0.000000000000000e+00
    1.631283599854527e+01      0.000000000000000e+00
    1.631612631659766e+01      0.000000000000000e+00
    1.631941663465005e+01      0.000000000000000e+00
    1.632270695270244e+01      0.000000000000000e+00
    1.632599727075483e+01      0.000000000000000e+00
    1.632928758880723e+01      0.000000000000000e+00
    1.633257790685962e+01      0.000000000000000e+00
    1.633586822491201e+01      0.000000000000000e+00
    1.633915854296440e+01      0.000000000000000e+00
    1.634244886101679e+01      0.000000000000000e+00
    1.634573917906918e+01      0.000000000000000e+00
    1.634902949712157e+01      0.000000000000000e+00
    1.635231981517396e+01      0.000000000000000e+00
    1.635561013322635e+01      0.000000000000000e+00
    1.635890045127874e+01      0.000000000000000e+00
    1.636219076933113e+01      0.000000000000000e+00
    1.636548108738353e+01      0.000000000000000e+00
    1.636877140543591e+01      0.000000000000000e+00
    1.637206172348831e+01      0.000000000000000e+00
    1.637535204154070e+01      0.000000000000000e+00
    1.637864235959309e+01      0.000000000000000e+00
    1.638193267764548e+01      0.000000000000000e+00
    1.638522299569787e+01      0.000000000000000e+00
    1.638851331375026e+01      0.000000000000000e+00
    1.639180363180265e+01      0.000000000000000e+00
    1.639509394985504e+01      0.000000000000000e+00
    1.639838426790743e+01      0.000000000000000e+00
    1.640167458595982e+01      0.000000000000000e+00
    1.640496490401221e+01      0.000000000000000e+00
    1.640825522206460e+01      0.000000000000000e+00
    1.641154554011700e+01      0.000000000000000e+00
    1.641483585816939e+01      0.000000000000000e+00
    1.641812617622178e+01      0.000000000000000e+00
    1.642141649427417e+01      0.000000000000000e+00
    1.642470681232656e+01      0.000000000000000e+00
    1.642799713037895e+01      0.000000000000000e+00
    1.643128744843134e+01      0.000000000000000e+00
    1.643457776648373e+01      0.000000000000000e+00
    1.643786808453612e+01      0.000000000000000e+00
    1.644115840258851e+01      0.000000000000000e+00
    1.644444872064090e+01      0.000000000000000e+00
    1.644773903869330e+01      0.000000000000000e+00
    1.645102935674569e+01      0.000000000000000e+00
    1.645431967479808e+01      0.000000000000000e+00
    1.645760999285047e+01      0.000000000000000e+00
    1.646090031090286e+01      0.000000000000000e+00
    1.646419062895525e+01      0.000000000000000e+00
    1.646748094700764e+01      0.000000000000000e+00
    1.647077126506003e+01      1.030244023373089e+01
    1.647406158311242e+01      0.000000000000000e+00
    1.647735190116481e+01      0.000000000000000e+00
    1.648064221921720e+01      0.000000000000000e+00
    1.648393253726960e+01      0.000000000000000e+00
    1.648722285532198e+01      0.000000000000000e+00
    1.649051317337437e+01      0.000000000000000e+00
    1.649380349142677e+01      0.000000000000000e+00
    1.649709380947916e+01      0.000000000000000e+00
    1.650038412753155e+01      0.000000000000000e+00
    1.650367444558394e+01      0.000000000000000e+00
    1.650696476363633e+01      0.000000000000000e+00
    1.651025508168872e+01      0.000000000000000e+00
    1.651354539974111e+01      0.000000000000000e+00
    1.651683571779350e+01      0.000000000000000e+00
    1.652012603584589e+01      0.000000000000000e+00
    1.652341635389828e+01      0.000000000000000e+00
    1.652670667195067e+01      0.000000000000000e+00
    1.652999699000307e+01      0.000000000000000e+00
    1.653328730805546e+01      0.000000000000000e+00
    1.653657762610785e+01      0.000000000000000e+00
    1.653986794416024e+01      0.000000000000000e+00
    1.654315826221263e+01      0.000000000000000e+00
    1.654644858026502e+01      0.000000000000000e+00
    1.654973889831741e+01      0.000000000000000e+00
    1.655302921636980e+01      0.000000000000000e+00
    1.655631953442219e+01      0.000000000000000e+00
    1.655960985247458e+01      0.000000000000000e+00
    1.656290017052697e+01      0.000000000000000e+00
    1.656619048857937e+01      0.000000000000000e+00
    1.656948080663176e+01      0.000000000000000e+00
    1.657277112468415e+01      0.000000000000000e+00
    1.657606144273654e+01      0.000000000000000e+00
    1.657935176078893e+01      0.000000000000000e+00
    1.658264207884132e+01      0.000000000000000e+00
    1.658593239689371e+01      0.000000000000000e+00
    1.658922271494610e+01      0.000000000000000e+00
    1.659251303299849e+01      0.000000000000000e+00
    1.659580335105088e+01      0.000000000000000e+00
    1.659909366910327e+01      0.000000000000000e+00
    1.660238398715566e+01      0.000000000000000e+00
    1.660567430520805e+01      0.000000000000000e+00
    1.660896462326044e+01      0.000000000000000e+00
    1.661225494131283e+01      0.000000000000000e+00
    1.661554525936523e+01      0.000000000000000e+00
    1.661883557741762e+01      0.000000000000000e+00
    1.662212589547001e+01      0.000000000000000e+00
    1.662541621352240e+01      0.000000000000000e+00
    1.662870653157479e+01      0.000000000000000e+00
    1.663199684962718e+01      0.000000000000000e+00
    1.663528716767957e+01      0.000000000000000e+00
    1.663857748573196e+01      0.000000000000000e+00
    1.664186780378435e+01      0.000000000000000e+00
    1.664515812183674e+01      0.000000000000000e+00
    1.664844843988914e+01      0.000000000000000e+00
    1.665173875794153e+01      0.000000000000000e+00
    1.665502907599392e+01      0.000000000000000e+00
    1.665831939404631e+01      0.000000000000000e+00
    1.666160971209870e+01      0.000000000000000e+00
    1.666490003015109e+01      0.000000000000000e+00
    1.666819034820348e+01      0.000000000000000e+00
    1.667148066625587e+01      0.000000000000000e+00
    1.667477098430826e+01      0.000000000000000e+00
    1.667806130236065e+01      0.000000000000000e+00
    1.668135162041304e+01      0.000000000000000e+00
    1.668464193846543e+01      0.000000000000000e+00
    1.668793225651783e+01      0.000000000000000e+00
    1.669122257457022e+01      0.000000000000000e+00
    1.669451289262260e+01      0.000000000000000e+00
    1.669780321067500e+01      0.000000000000000e+00
    1.670109352872739e+01      0.000000000000000e+00
    1.670438384677978e+01      0.000000000000000e+00
    1.670767416483217e+01      0.000000000000000e+00
    1.671096448288456e+01      0.000000000000000e+00
    1.671425480093695e+01      0.000000000000000e+00
    1.671754511898934e+01      0.000000000000000e+00
    1.672083543704173e+01      0.000000000000000e+00
    1.672412575509412e+01      0.000000000000000e+00
    1.672741607314651e+01      0.000000000000000e+00
    1.673070639119890e+01      0.000000000000000e+00
    1.673399670925130e+01      0.000000000000000e+00
    1.673728702730369e+01      0.000000000000000e+00
    1.674057734535608e+01      0.000000000000000e+00
    1.674386766340847e+01      0.000000000000000e+00
    1.674715798146086e+01      0.000000000000000e+00
    1.675044829951325e+01      0.000000000000000e+00
    1.675373861756564e+01      0.000000000000000e+00
    1.675702893561803e+01      0.000000000000000e+00
    1.676031925367042e+01      0.000000000000000e+00
    1.676360957172281e+01      0.000000000000000e+00
    1.676689988977520e+01      0.000000000000000e+00
    1.677019020782760e+01      0.000000000000000e+00
    1.677348052587999e+01      0.000000000000000e+00
    1.677677084393238e+01      0.000000000000000e+00
    1.678006116198477e+01      0.000000000000000e+00
    1.678335148003716e+01      0.000000000000000e+00
    1.678664179808955e+01      0.000000000000000e+00
    1.678993211614194e+01      0.000000000000000e+00
    1.679322243419433e+01      0.000000000000000e+00
    1.679651275224672e+01      0.000000000000000e+00
    1.679980307029911e+01      0.000000000000000e+00
    1.680309338835150e+01      0.000000000000000e+00
    1.680638370640390e+01      0.000000000000000e+00
    1.680967402445629e+01      0.000000000000000e+00
    1.681296434250867e+01      0.000000000000000e+00
    1.681625466056107e+01      0.000000000000000e+00
    1.681954497861346e+01      0.000000000000000e+00
    1.682283529666585e+01      0.000000000000000e+00
    1.682612561471824e+01      0.000000000000000e+00
    1.682941593277063e+01      0.000000000000000e+00
    1.683270625082302e+01      0.000000000000000e+00
    1.683599656887541e+01      0.000000000000000e+00
    1.683928688692780e+01      0.000000000000000e+00
    1.684257720498019e+01      0.000000000000000e+00
    1.684586752303258e+01      0.000000000000000e+00
    1.684915784108497e+01      0.000000000000000e+00
    1.685244815913737e+01      0.000000000000000e+00
    1.685573847718976e+01      0.000000000000000e+00
    1.685902879524215e+01      0.000000000000000e+00
    1.686231911329454e+01      0.000000000000000e+00
    1.686560943134693e+01      0.000000000000000e+00
    1.686889974939932e+01      0.000000000000000e+00
    1.687219006745171e+01      0.000000000000000e+00
    1.687548038550410e+01      0.000000000000000e+00
    1.687877070355649e+01      0.000000000000000e+00
    1.688206102160888e+01      0.000000000000000e+00
    1.688535133966127e+01      0.000000000000000e+00
    1.688864165771367e+01      0.000000000000000e+00
    1.689193197576606e+01      0.000000000000000e+00
    1.689522229381845e+01      0.000000000000000e+00
    1.689851261187084e+01      0.000000000000000e+00
    1.690180292992323e+01      0.000000000000000e+00
    1.690509324797562e+01      0.000000000000000e+00
    1.690838356602801e+01      0.000000000000000e+00
    1.691167388408040e+01      0.000000000000000e+00
    1.691496420213279e+01      0.000000000000000e+00
    1.691825452018518e+01      0.000000000000000e+00
    1.692154483823757e+01      0.000000000000000e+00
    1.692483515628997e+01      0.000000000000000e+00
    1.692812547434236e+01      0.000000000000000e+00
    1.693141579239474e+01      0.000000000000000e+00
    1.693470611044714e+01      0.000000000000000e+00
    1.693799642849953e+01      0.000000000000000e+00
    1.694128674655192e+01      0.000000000000000e+00
    1.694457706460431e+01      0.000000000000000e+00
    1.694786738265670e+01      0.000000000000000e+00
    1.695115770070909e+01      0.000000000000000e+00
    1.695444801876148e+01      0.000000000000000e+00
    1.695773833681387e+01      0.000000000000000e+00
    1.696102865486626e+01      0.000000000000000e+00
    1.696431897291865e+01      0.000000000000000e+00
    1.696760929097104e+01      0.000000000000000e+00
    1.697089960902343e+01      0.000000000000000e+00
    1.697418992707583e+01      0.000000000000000e+00
    1.697748024512822e+01      0.000000000000000e+00
    1.698077056318061e+01      0.000000000000000e+00
    1.698406088123300e+01      0.000000000000000e+00
    1.698735119928539e+01      0.000000000000000e+00
    1.699064151733778e+01      0.000000000000000e+00
    1.699393183539017e+01      0.000000000000000e+00
    1.699722215344256e+01      0.000000000000000e+00
    1.700051247149495e+01      0.000000000000000e+00
    1.700380278954734e+01      0.000000000000000e+00
    1.700709310759974e+01      0.000000000000000e+00
    1.701038342565213e+01      0.000000000000000e+00
    1.701367374370452e+01      0.000000000000000e+00
    1.701696406175691e+01      0.000000000000000e+00
    1.702025437980930e+01      0.000000000000000e+00
    1.702354469786169e+01      0.000000000000000e+00
    1.702683501591408e+01      0.000000000000000e+00
    1.703012533396647e+01      0.000000000000000e+00
    1.703341565201886e+01      0.000000000000000e+00
    1.703670597007125e+01      0.000000000000000e+00
    1.703999628812364e+01      0.000000000000000e+00
    1.704328660617603e+01      0.000000000000000e+00
    1.704657692422843e+01      0.000000000000000e+00
    1.704986724228081e+01      0.000000000000000e+00
    1.705315756033320e+01      0.000000000000000e+00
    1.705644787838560e+01      0.000000000000000e+00
    1.705973819643799e+01      0.000000000000000e+00
    1.706302851449038e+01      0.000000000000000e+00
    1.706631883254277e+01      0.000000000000000e+00
    1.706960915059516e+01      0.000000000000000e+00
    1.707289946864755e+01      0.000000000000000e+00
    1.707618978669994e+01      0.000000000000000e+00
    1.707948010475233e+01      0.000000000000000e+00
    1.708277042280472e+01      5.151220116871005e+00
