                     bin:                     prob.:
    4.093503006379361e+01      7.203053928237399e-02
    4.117033515398499e+01      0.000000000000000e+00
    4.140564024417638e+01      0.000000000000000e+00
    4.164094533436776e+01      1.440610785647523e-01
    4.187625042455913e+01      0.000000000000000e+00
    4.211155551475051e+01      0.000000000000000e+00
    4.234686060494190e+01      0.000000000000000e+00
    4.258216569513328e+01      7.203053928237399e-02
    4.281747078532466e+01      0.000000000000000e+00
    4.305277587551604e+01      0.000000000000000e+00
    4.328808096570742e+01      0.000000000000000e+00
    4.352338605589880e+01      2.160916178471285e-01
    4.375869114609018e+01      0.000000000000000e+00
    4.399399623628156e+01      0.000000000000000e+00
    4.422930132647294e+01      0.000000000000000e+00
    4.446460641666432e+01      7.203053928237399e-02
    4.469991150685571e+01      0.000000000000000e+00
    4.493521659704709e+01      0.000000000000000e+00
    4.517052168723847e+01      0.000000000000000e+00
    4.540582677742985e+01      1.440610785647523e-01
    4.564113186762123e+01      0.000000000000000e+00
    4.587643695781261e+01      0.000000000000000e+00
    4.611174204800399e+01      0.000000000000000e+00
    4.634704713819537e+01      7.203053928237399e-02
    4.658235222838675e+01      0.000000000000000e+00
    4.681765731857814e+01      0.000000000000000e+00
    4.705296240876952e+01      0.000000000000000e+00
    4.728826749896089e+01      0.000000000000000e+00
    4.752357258915227e+01      7.203053928237399e-02
    4.775887767934366e+01      1.440610785647480e-01
    4.799418276953504e+01      7.203053928237399e-02
    4.822948785972642e+01      1.440610785647480e-01
    4.846479294991780e+01      7.203053928237399e-02
    4.870009804010918e+01      1.440610785647523e-01
    4.893540313030056e+01      7.203053928237399e-02
    4.917070822049194e+01      2.881221571294960e-01
    4.940601331068332e+01      7.203053928237399e-02
    4.964131840087470e+01      1.440610785647480e-01
    4.987662349106608e+01      7.203053928237399e-02
    5.011192858125747e+01      2.160916178471220e-01
    5.034723367144885e+01      7.203053928237615e-02
    5.058253876164022e+01      1.440610785647436e-01
    5.081784385183161e+01      2.160916178471285e-01
    5.105314894202299e+01      1.440610785647480e-01
    5.128845403221437e+01      7.203053928237399e-02
    5.152375912240575e+01      1.440610785647480e-01
    5.175906421259713e+01      7.203053928237399e-02
    5.199436930278851e+01      2.160916178471285e-01
    5.222967439297989e+01      0.000000000000000e+00
    5.246497948317128e+01      7.203053928237615e-02
    5.270028457336265e+01      0.000000000000000e+00
    5.293558966355403e+01      2.160916178471220e-01
    5.317089475374542e+01      0.000000000000000e+00
    5.340619984393680e+01      7.203053928237399e-02
    5.364150493412818e+01      0.000000000000000e+00
    5.387681002431956e+01      1.440610785647480e-01
    5.411211511451094e+01      0.000000000000000e+00
    5.434742020470232e+01      7.203053928237399e-02
    5.458272529489370e+01      0.000000000000000e+00
    5.481803038508508e+01      0.000000000000000e+00
    5.505333547527646e+01      0.000000000000000e+00
    5.528864056546784e+01      0.000000000000000e+00
    5.552394565565923e+01      0.000000000000000e+00
    5.575925074585061e+01      0.000000000000000e+00
    5.599455583604198e+01      0.000000000000000e+00
    5.622986092623336e+01      0.000000000000000e+00
    5.646516601642475e+01      0.000000000000000e+00
    5.670047110661613e+01      0.000000000000000e+00
    5.693577619680751e+01      0.000000000000000e+00
    5.717108128699889e+01      0.000000000000000e+00
    5.740638637719027e+01      0.000000000000000e+00
    5.764169146738165e+01      0.000000000000000e+00
    5.787699655757304e+01      0.000000000000000e+00
    5.811230164776441e+01      0.000000000000000e+00
    5.834760673795579e+01      0.000000000000000e+00
    5.858291182814718e+01      0.000000000000000e+00
    5.881821691833856e+01      0.000000000000000e+00
    5.905352200852994e+01      0.000000000000000e+00
    5.928882709872131e+01      0.000000000000000e+00
    5.952413218891270e+01      0.000000000000000e+00
    5.975943727910408e+01      0.000000000000000e+00
    5.999474236929546e+01      0.000000000000000e+00
    6.023004745948684e+01      0.000000000000000e+00
    6.046535254967822e+01      0.000000000000000e+00
    6.070065763986960e+01      0.000000000000000e+00
    6.093596273006098e+01      0.000000000000000e+00
    6.117126782025237e+01      0.000000000000000e+00
    6.140657291044374e+01      0.000000000000000e+00
    6.164187800063513e+01      0.000000000000000e+00
    6.187718309082651e+01      0.000000000000000e+00
    6.211248818101789e+01      0.000000000000000e+00
    6.234779327120927e+01      0.000000000000000e+00
    6.258309836140065e+01      0.000000000000000e+00
    6.281840345159203e+01      0.000000000000000e+00
    6.305370854178341e+01      0.000000000000000e+00
    6.328901363197480e+01      0.000000000000000e+00
    6.352431872216617e+01      0.000000000000000e+00
    6.375962381235755e+01      0.000000000000000e+00
    6.399492890254893e+01      0.000000000000000e+00
    6.423023399274032e+01      0.000000000000000e+00
    6.446553908293170e+01      0.000000000000000e+00
    6.470084417312307e+01      0.000000000000000e+00
    6.493614926331446e+01      0.000000000000000e+00
    6.517145435350584e+01      0.000000000000000e+00
    6.540675944369721e+01      0.000000000000000e+00
    6.564206453388860e+01      0.000000000000000e+00
    6.587736962407999e+01      0.000000000000000e+00
    6.611267471427136e+01      0.000000000000000e+00
    6.634797980446274e+01      0.000000000000000e+00
    6.658328489465413e+01      0.000000000000000e+00
    6.681858998484550e+01      0.000000000000000e+00
    6.705389507503689e+01      0.000000000000000e+00
    6.728920016522827e+01      0.000000000000000e+00
    6.752450525541965e+01      0.000000000000000e+00
    6.775981034561103e+01      0.000000000000000e+00
    6.799511543580240e+01      0.000000000000000e+00
    6.823042052599379e+01      0.000000000000000e+00
    6.846572561618517e+01      0.000000000000000e+00
    6.870103070637656e+01      0.000000000000000e+00
    6.893633579656793e+01      0.000000000000000e+00
    6.917164088675932e+01      0.000000000000000e+00
    6.940694597695069e+01      0.000000000000000e+00
    6.964225106714207e+01      0.000000000000000e+00
    6.987755615733346e+01      0.000000000000000e+00
    7.011286124752483e+01      0.000000000000000e+00
    7.034816633771622e+01      0.000000000000000e+00
    7.058347142790760e+01      0.000000000000000e+00
    7.081877651809899e+01      0.000000000000000e+00
    7.105408160829036e+01      0.000000000000000e+00
    7.128938669848174e+01      0.000000000000000e+00
    7.152469178867312e+01      0.000000000000000e+00
    7.175999687886450e+01      0.000000000000000e+00
    7.199530196905589e+01      0.000000000000000e+00
    7.223060705924726e+01      0.000000000000000e+00
    7.246591214943865e+01      0.000000000000000e+00
    7.270121723963003e+01      0.000000000000000e+00
    7.293652232982140e+01      0.000000000000000e+00
    7.317182742001279e+01      0.000000000000000e+00
    7.340713251020418e+01      0.000000000000000e+00
    7.364243760039555e+01      0.000000000000000e+00
    7.387774269058693e+01      0.000000000000000e+00
    7.411304778077832e+01      0.000000000000000e+00
    7.434835287096969e+01      0.000000000000000e+00
    7.458365796116107e+01      0.000000000000000e+00
    7.481896305135245e+01      0.000000000000000e+00
    7.505426814154384e+01      0.000000000000000e+00
    7.528957323173522e+01      0.000000000000000e+00
    7.552487832192659e+01      0.000000000000000e+00
    7.576018341211798e+01      0.000000000000000e+00
    7.599548850230936e+01      0.000000000000000e+00
    7.623079359250073e+01      0.000000000000000e+00
    7.646609868269212e+01      0.000000000000000e+00
    7.670140377288351e+01      0.000000000000000e+00
    7.693670886307488e+01      0.000000000000000e+00
    7.717201395326626e+01      0.000000000000000e+00
    7.740731904345765e+01      0.000000000000000e+00
    7.764262413364902e+01      0.000000000000000e+00
    7.787792922384040e+01      0.000000000000000e+00
    7.811323431403179e+01      0.000000000000000e+00
    7.834853940422317e+01      0.000000000000000e+00
    7.858384449441455e+01      0.000000000000000e+00
    7.881914958460592e+01      0.000000000000000e+00
    7.905445467479731e+01      0.000000000000000e+00
    7.928975976498869e+01      0.000000000000000e+00
    7.952506485518006e+01      0.000000000000000e+00
    7.976036994537145e+01      0.000000000000000e+00
    7.999567503556284e+01      0.000000000000000e+00
    8.023098012575421e+01      0.000000000000000e+00
    8.046628521594559e+01      0.000000000000000e+00
    8.070159030613698e+01      0.000000000000000e+00
    8.093689539632835e+01      0.000000000000000e+00
    8.117220048651973e+01      0.000000000000000e+00
    8.140750557671112e+01      0.000000000000000e+00
    8.164281066690251e+01      0.000000000000000e+00
    8.187811575709388e+01      0.000000000000000e+00
    8.211342084728525e+01      0.000000000000000e+00
    8.234872593747664e+01      0.000000000000000e+00
    8.258403102766802e+01      0.000000000000000e+00
    8.281933611785939e+01      0.000000000000000e+00
    8.305464120805078e+01      0.000000000000000e+00
    8.328994629824217e+01      0.000000000000000e+00
    8.352525138843355e+01      0.000000000000000e+00
    8.376055647862492e+01      0.000000000000000e+00
    8.399586156881631e+01      0.000000000000000e+00
    8.423116665900770e+01      0.000000000000000e+00
    8.446647174919906e+01      0.000000000000000e+00
    8.470177683939045e+01      0.000000000000000e+00
    8.493708192958184e+01      0.000000000000000e+00
    8.517238701977321e+01      0.000000000000000e+00
    8.540769210996459e+01      0.000000000000000e+00
    8.564299720015597e+01      0.000000000000000e+00
    8.587830229034736e+01      0.000000000000000e+00
    8.611360738053872e+01      0.000000000000000e+00
    8.634891247073011e+01      0.000000000000000e+00
    8.658421756092150e+01      0.000000000000000e+00
    8.681952265111288e+01      0.000000000000000e+00
    8.705482774130425e+01      0.000000000000000e+00
    8.729013283149564e+01      0.000000000000000e+00
    8.752543792168703e+01      0.000000000000000e+00
    8.776074301187840e+01      0.000000000000000e+00
    8.799604810206978e+01      0.000000000000000e+00
    8.823135319226117e+01      0.000000000000000e+00
    8.846665828245254e+01      0.000000000000000e+00
    8.870196337264392e+01      0.000000000000000e+00
    8.893726846283531e+01      0.000000000000000e+00
    8.917257355302669e+01      0.000000000000000e+00
    8.940787864321807e+01      0.000000000000000e+00
    8.964318373340944e+01      0.000000000000000e+00
    8.987848882360083e+01      0.000000000000000e+00
    9.011379391379221e+01      0.000000000000000e+00
    9.034909900398358e+01      0.000000000000000e+00
    9.058440409417497e+01      0.000000000000000e+00
    9.081970918436636e+01      0.000000000000000e+00
    9.105501427455773e+01      0.000000000000000e+00
    9.129031936474911e+01      0.000000000000000e+00
    9.152562445494050e+01      0.000000000000000e+00
    9.176092954513187e+01      0.000000000000000e+00
    9.199623463532325e+01      0.000000000000000e+00
    9.223153972551464e+01      0.000000000000000e+00
    9.246684481570603e+01      0.000000000000000e+00
    9.270214990589740e+01      0.000000000000000e+00
    9.293745499608877e+01      0.000000000000000e+00
    9.317276008628016e+01      0.000000000000000e+00
    9.340806517647154e+01      0.000000000000000e+00
    9.364337026666291e+01      0.000000000000000e+00
    9.387867535685430e+01      0.000000000000000e+00
    9.411398044704569e+01      0.000000000000000e+00
    9.434928553723707e+01      0.000000000000000e+00
    9.458459062742844e+01      0.000000000000000e+00
    9.481989571761983e+01      0.000000000000000e+00
    9.505520080781120e+01      0.000000000000000e+00
    9.529050589800258e+01      0.000000000000000e+00
    9.552581098819397e+01      0.000000000000000e+00
    9.576111607838536e+01      0.000000000000000e+00
    9.599642116857673e+01      0.000000000000000e+00
    9.623172625876811e+01      0.000000000000000e+00
    9.646703134895949e+01      0.000000000000000e+00
    9.670233643915088e+01      0.000000000000000e+00
    9.693764152934224e+01      0.000000000000000e+00
    9.717294661953363e+01      0.000000000000000e+00
    9.740825170972502e+01      0.000000000000000e+00
    9.764355679991640e+01      0.000000000000000e+00
    9.787886189010777e+01      0.000000000000000e+00
    9.811416698029916e+01      0.000000000000000e+00
    9.834947207049055e+01      0.000000000000000e+00
    9.858477716068191e+01      0.000000000000000e+00
    9.882008225087330e+01      0.000000000000000e+00
    9.905538734106469e+01      0.000000000000000e+00
    9.929069243125606e+01      0.000000000000000e+00
    9.952599752144744e+01      0.000000000000000e+00
    9.976130261163883e+01      0.000000000000000e+00
    9.999660770183021e+01      0.000000000000000e+00
    1.002319127920216e+02      0.000000000000000e+00
    1.004672178822130e+02      0.000000000000000e+00
    1.007025229724044e+02      0.000000000000000e+00
    1.009378280625957e+02      0.000000000000000e+00
    1.011731331527871e+02      0.000000000000000e+00
    1.014084382429785e+02      0.000000000000000e+00
    1.016437433331699e+02      0.000000000000000e+00
    1.018790484233613e+02      0.000000000000000e+00
    1.021143535135526e+02      0.000000000000000e+00
    1.023496586037440e+02      0.000000000000000e+00
    1.025849636939354e+02      0.000000000000000e+00
    1.028202687841268e+02      0.000000000000000e+00
    1.030555738743182e+02      0.000000000000000e+00
    1.032908789645095e+02      0.000000000000000e+00
    1.035261840547009e+02      0.000000000000000e+00
    1.037614891448923e+02      0.000000000000000e+00
    1.039967942350837e+02      0.000000000000000e+00
    1.042320993252751e+02      0.000000000000000e+00
    1.044674044154664e+02      0.000000000000000e+00
    1.047027095056578e+02      0.000000000000000e+00
    1.049380145958492e+02      0.000000000000000e+00
    1.051733196860406e+02      0.000000000000000e+00
    1.054086247762320e+02      0.000000000000000e+00
    1.056439298664233e+02      0.000000000000000e+00
    1.058792349566147e+02      0.000000000000000e+00
    1.061145400468061e+02      0.000000000000000e+00
    1.063498451369975e+02      0.000000000000000e+00
    1.065851502271889e+02      0.000000000000000e+00
    1.068204553173802e+02      0.000000000000000e+00
    1.070557604075716e+02      0.000000000000000e+00
    1.072910654977630e+02      0.000000000000000e+00
    1.075263705879544e+02      0.000000000000000e+00
    1.077616756781458e+02      0.000000000000000e+00
    1.079969807683372e+02      0.000000000000000e+00
    1.082322858585285e+02      0.000000000000000e+00
    1.084675909487199e+02      0.000000000000000e+00
    1.087028960389113e+02      0.000000000000000e+00
    1.089382011291027e+02      0.000000000000000e+00
    1.091735062192941e+02      0.000000000000000e+00
    1.094088113094854e+02      0.000000000000000e+00
    1.096441163996768e+02      0.000000000000000e+00
    1.098794214898682e+02      0.000000000000000e+00
    1.101147265800596e+02      0.000000000000000e+00
    1.103500316702510e+02      0.000000000000000e+00
    1.105853367604423e+02      0.000000000000000e+00
    1.108206418506337e+02      0.000000000000000e+00
    1.110559469408251e+02      0.000000000000000e+00
    1.112912520310165e+02      0.000000000000000e+00
    1.115265571212079e+02      0.000000000000000e+00
    1.117618622113993e+02      0.000000000000000e+00
    1.119971673015906e+02      0.000000000000000e+00
    1.122324723917820e+02      0.000000000000000e+00
    1.124677774819734e+02      0.000000000000000e+00
    1.127030825721648e+02      0.000000000000000e+00
    1.129383876623561e+02      0.000000000000000e+00
    1.131736927525475e+02      0.000000000000000e+00
    1.134089978427389e+02      0.000000000000000e+00
    1.136443029329303e+02      0.000000000000000e+00
    1.138796080231217e+02      0.000000000000000e+00
    1.141149131133131e+02      0.000000000000000e+00
    1.143502182035044e+02      0.000000000000000e+00
    1.145855232936958e+02      0.000000000000000e+00
    1.148208283838872e+02      0.000000000000000e+00
    1.150561334740786e+02      0.000000000000000e+00
    1.152914385642700e+02      0.000000000000000e+00
    1.155267436544613e+02      0.000000000000000e+00
    1.157620487446527e+02      0.000000000000000e+00
    1.159973538348441e+02      0.000000000000000e+00
    1.162326589250355e+02      0.000000000000000e+00
    1.164679640152269e+02      0.000000000000000e+00
    1.167032691054183e+02      0.000000000000000e+00
    1.169385741956096e+02      0.000000000000000e+00
    1.171738792858010e+02      0.000000000000000e+00
    1.174091843759924e+02      0.000000000000000e+00
    1.176444894661838e+02      0.000000000000000e+00
    1.178797945563751e+02      0.000000000000000e+00
    1.181150996465665e+02      0.000000000000000e+00
    1.183504047367579e+02      0.000000000000000e+00
    1.185857098269493e+02      0.000000000000000e+00
    1.188210149171407e+02      0.000000000000000e+00
    1.190563200073321e+02      0.000000000000000e+00
    1.192916250975234e+02      0.000000000000000e+00
    1.195269301877148e+02      0.000000000000000e+00
    1.197622352779062e+02      0.000000000000000e+00
    1.199975403680976e+02      0.000000000000000e+00
    1.202328454582889e+02      0.000000000000000e+00
    1.204681505484803e+02      0.000000000000000e+00
    1.207034556386717e+02      0.000000000000000e+00
    1.209387607288631e+02      0.000000000000000e+00
    1.211740658190545e+02      0.000000000000000e+00
    1.214093709092459e+02      0.000000000000000e+00
    1.216446759994373e+02      0.000000000000000e+00
    1.218799810896286e+02      0.000000000000000e+00
    1.221152861798200e+02      0.000000000000000e+00
    1.223505912700114e+02      0.000000000000000e+00
    1.225858963602028e+02      0.000000000000000e+00
    1.228212014503941e+02      0.000000000000000e+00
    1.230565065405855e+02      0.000000000000000e+00
    1.232918116307769e+02      0.000000000000000e+00
    1.235271167209683e+02      0.000000000000000e+00
    1.237624218111597e+02      0.000000000000000e+00
    1.239977269013511e+02      0.000000000000000e+00
    1.242330319915424e+02      0.000000000000000e+00
    1.244683370817338e+02      0.000000000000000e+00
    1.247036421719252e+02      0.000000000000000e+00
    1.249389472621166e+02      0.000000000000000e+00
    1.251742523523079e+02      0.000000000000000e+00
    1.254095574424993e+02      0.000000000000000e+00
    1.256448625326907e+02      0.000000000000000e+00
    1.258801676228821e+02      0.000000000000000e+00
    1.261154727130735e+02      0.000000000000000e+00
    1.263507778032649e+02      0.000000000000000e+00
    1.265860828934563e+02      0.000000000000000e+00
    1.268213879836476e+02      0.000000000000000e+00
    1.270566930738390e+02      0.000000000000000e+00
    1.272919981640304e+02      0.000000000000000e+00
    1.275273032542218e+02      0.000000000000000e+00
    1.277626083444131e+02      0.000000000000000e+00
    1.279979134346045e+02      0.000000000000000e+00
    1.282332185247959e+02      0.000000000000000e+00
    1.284685236149873e+02      0.000000000000000e+00
    1.287038287051787e+02      7.203053928237181e-02
    1.289391337953701e+02      0.000000000000000e+00
    1.291744388855614e+02      0.000000000000000e+00
    1.294097439757528e+02      0.000000000000000e+00
    1.296450490659442e+02      0.000000000000000e+00
    1.298803541561356e+02      0.000000000000000e+00
    1.301156592463269e+02      0.000000000000000e+00
    1.303509643365183e+02      0.000000000000000e+00
    1.305862694267097e+02      0.000000000000000e+00
    1.308215745169011e+02      0.000000000000000e+00
    1.310568796070925e+02      0.000000000000000e+00
    1.312921846972839e+02      0.000000000000000e+00
    1.315274897874752e+02      0.000000000000000e+00
    1.317627948776666e+02      0.000000000000000e+00
    1.319980999678580e+02      0.000000000000000e+00
    1.322334050580494e+02      0.000000000000000e+00
    1.324687101482408e+02      0.000000000000000e+00
    1.327040152384321e+02      0.000000000000000e+00
    1.329393203286235e+02      0.000000000000000e+00
    1.331746254188149e+02      0.000000000000000e+00
    1.334099305090063e+02      0.000000000000000e+00
    1.336452355991977e+02      0.000000000000000e+00
    1.338805406893891e+02      0.000000000000000e+00
    1.341158457795804e+02      0.000000000000000e+00
    1.343511508697718e+02      0.000000000000000e+00
    1.345864559599632e+02      0.000000000000000e+00
    1.348217610501546e+02      0.000000000000000e+00
    1.350570661403459e+02      0.000000000000000e+00
    1.352923712305373e+02      0.000000000000000e+00
    1.355276763207287e+02      0.000000000000000e+00
    1.357629814109201e+02      0.000000000000000e+00
    1.359982865011115e+02      0.000000000000000e+00
    1.362335915913029e+02      0.000000000000000e+00
    1.364688966814942e+02      0.000000000000000e+00
    1.367042017716856e+02      0.000000000000000e+00
    1.369395068618770e+02      0.000000000000000e+00
    1.371748119520684e+02      0.000000000000000e+00
    1.374101170422598e+02      0.000000000000000e+00
    1.376454221324511e+02      0.000000000000000e+00
    1.378807272226425e+02      0.000000000000000e+00
    1.381160323128339e+02      0.000000000000000e+00
    1.383513374030253e+02      0.000000000000000e+00
    1.385866424932167e+02      0.000000000000000e+00
    1.388219475834080e+02      0.000000000000000e+00
    1.390572526735994e+02      0.000000000000000e+00
    1.392925577637908e+02      0.000000000000000e+00
    1.395278628539822e+02      0.000000000000000e+00
    1.397631679441736e+02      0.000000000000000e+00
    1.399984730343650e+02      0.000000000000000e+00
    1.402337781245563e+02      0.000000000000000e+00
    1.404690832147477e+02      0.000000000000000e+00
    1.407043883049391e+02      0.000000000000000e+00
    1.409396933951305e+02      0.000000000000000e+00
    1.411749984853219e+02      0.000000000000000e+00
    1.414103035755132e+02      0.000000000000000e+00
    1.416456086657046e+02      0.000000000000000e+00
    1.418809137558960e+02      0.000000000000000e+00
    1.421162188460874e+02      0.000000000000000e+00
    1.423515239362788e+02      0.000000000000000e+00
    1.425868290264701e+02      0.000000000000000e+00
    1.428221341166615e+02      0.000000000000000e+00
    1.430574392068529e+02      0.000000000000000e+00
    1.432927442970443e+02      0.000000000000000e+00
    1.435280493872357e+02      0.000000000000000e+00
    1.437633544774270e+02      0.000000000000000e+00
    1.439986595676184e+02      0.000000000000000e+00
    1.442339646578098e+02      0.000000000000000e+00
    1.444692697480012e+02      0.000000000000000e+00
    1.447045748381926e+02      0.000000000000000e+00
    1.449398799283840e+02      0.000000000000000e+00
    1.451751850185753e+02      0.000000000000000e+00
    1.454104901087667e+02      0.000000000000000e+00
    1.456457951989581e+02      0.000000000000000e+00
    1.458811002891495e+02      0.000000000000000e+00
    1.461164053793408e+02      0.000000000000000e+00
    1.463517104695322e+02      0.000000000000000e+00
    1.465870155597236e+02      0.000000000000000e+00
    1.468223206499150e+02      0.000000000000000e+00
    1.470576257401064e+02      0.000000000000000e+00
    1.472929308302978e+02      0.000000000000000e+00
    1.475282359204891e+02      0.000000000000000e+00
    1.477635410106805e+02      0.000000000000000e+00
    1.479988461008719e+02      0.000000000000000e+00
    1.482341511910633e+02      0.000000000000000e+00
    1.484694562812547e+02      0.000000000000000e+00
    1.487047613714460e+02      0.000000000000000e+00
    1.489400664616374e+02      0.000000000000000e+00
    1.491753715518288e+02      0.000000000000000e+00
    1.494106766420202e+02      0.000000000000000e+00
    1.496459817322116e+02      0.000000000000000e+00
    1.498812868224030e+02      0.000000000000000e+00
    1.501165919125943e+02      0.000000000000000e+00
    1.503518970027857e+02      0.000000000000000e+00
    1.505872020929771e+02      0.000000000000000e+00
    1.508225071831685e+02      0.000000000000000e+00
    1.510578122733598e+02      0.000000000000000e+00
    1.512931173635512e+02      0.000000000000000e+00
    1.515284224537426e+02      0.000000000000000e+00
    1.517637275439340e+02      0.000000000000000e+00
    1.519990326341254e+02      0.000000000000000e+00
    1.522343377243168e+02      0.000000000000000e+00
    1.524696428145081e+02      0.000000000000000e+00
    1.527049479046995e+02      0.000000000000000e+00
    1.529402529948909e+02      0.000000000000000e+00
    1.531755580850823e+02      0.000000000000000e+00
    1.534108631752736e+02      0.000000000000000e+00
    1.536461682654650e+02      0.000000000000000e+00
    1.538814733556564e+02      0.000000000000000e+00
    1.541167784458478e+02      0.000000000000000e+00
    1.543520835360392e+02      0.000000000000000e+00
    1.545873886262306e+02      0.000000000000000e+00
    1.548226937164220e+02      0.000000000000000e+00
    1.550579988066133e+02      0.000000000000000e+00
    1.552933038968047e+02      0.000000000000000e+00
    1.555286089869961e+02      0.000000000000000e+00
    1.557639140771875e+02      0.000000000000000e+00
    1.559992191673788e+02      0.000000000000000e+00
    1.562345242575702e+02      0.000000000000000e+00
    1.564698293477616e+02      0.000000000000000e+00
    1.567051344379530e+02      0.000000000000000e+00
    1.569404395281444e+02      0.000000000000000e+00
    1.571757446183358e+02      0.000000000000000e+00
    1.574110497085271e+02      0.000000000000000e+00
    1.576463547987185e+02      0.000000000000000e+00
    1.578816598889099e+02      0.000000000000000e+00
    1.581169649791013e+02      0.000000000000000e+00
    1.583522700692926e+02      0.000000000000000e+00
    1.585875751594840e+02      0.000000000000000e+00
    1.588228802496754e+02      0.000000000000000e+00
    1.590581853398668e+02      0.000000000000000e+00
    1.592934904300582e+02      0.000000000000000e+00
    1.595287955202496e+02      0.000000000000000e+00
    1.597641006104409e+02      0.000000000000000e+00
    1.599994057006323e+02      0.000000000000000e+00
    1.602347107908237e+02      0.000000000000000e+00
    1.604700158810151e+02      0.000000000000000e+00
    1.607053209712065e+02      0.000000000000000e+00
    1.609406260613978e+02      0.000000000000000e+00
    1.611759311515892e+02      0.000000000000000e+00
    1.614112362417806e+02      0.000000000000000e+00
    1.616465413319720e+02      0.000000000000000e+00
    1.618818464221634e+02      0.000000000000000e+00
    1.621171515123548e+02      0.000000000000000e+00
    1.623524566025461e+02      0.000000000000000e+00
    1.625877616927375e+02      0.000000000000000e+00
    1.628230667829289e+02      0.000000000000000e+00
    1.630583718731203e+02      0.000000000000000e+00
    1.632936769633116e+02      0.000000000000000e+00
    1.635289820535030e+02      0.000000000000000e+00
    1.637642871436944e+02      0.000000000000000e+00
    1.639995922338858e+02      0.000000000000000e+00
    1.642348973240772e+02      0.000000000000000e+00
    1.644702024142686e+02      0.000000000000000e+00
    1.647055075044599e+02      0.000000000000000e+00
    1.649408125946513e+02      0.000000000000000e+00
    1.651761176848427e+02      0.000000000000000e+00
    1.654114227750341e+02      0.000000000000000e+00
    1.656467278652255e+02      0.000000000000000e+00
    1.658820329554168e+02      0.000000000000000e+00
    1.661173380456082e+02      0.000000000000000e+00
    1.663526431357996e+02      0.000000000000000e+00
    1.665879482259910e+02      0.000000000000000e+00
    1.668232533161824e+02      0.000000000000000e+00
    1.670585584063737e+02      0.000000000000000e+00
    1.672938634965651e+02      0.000000000000000e+00
    1.675291685867565e+02      0.000000000000000e+00
    1.677644736769479e+02      0.000000000000000e+00
    1.679997787671393e+02      0.000000000000000e+00
    1.682350838573307e+02      0.000000000000000e+00
    1.684703889475220e+02      0.000000000000000e+00
    1.687056940377134e+02      0.000000000000000e+00
    1.689409991279048e+02      0.000000000000000e+00
    1.691763042180962e+02      0.000000000000000e+00
    1.694116093082876e+02      0.000000000000000e+00
    1.696469143984789e+02      0.000000000000000e+00
    1.698822194886703e+02      0.000000000000000e+00
    1.701175245788617e+02      0.000000000000000e+00
    1.703528296690531e+02      0.000000000000000e+00
    1.705881347592445e+02      0.000000000000000e+00
    1.708234398494359e+02      0.000000000000000e+00
    1.710587449396272e+02      0.000000000000000e+00
    1.712940500298186e+02      0.000000000000000e+00
    1.715293551200100e+02      0.000000000000000e+00
    1.717646602102014e+02      0.000000000000000e+00
    1.719999653003927e+02      0.000000000000000e+00
    1.722352703905841e+02      0.000000000000000e+00
    1.724705754807755e+02      0.000000000000000e+00
    1.727058805709669e+02      0.000000000000000e+00
    1.729411856611583e+02      0.000000000000000e+00
    1.731764907513497e+02      0.000000000000000e+00
    1.734117958415410e+02      0.000000000000000e+00
    1.736471009317324e+02      0.000000000000000e+00
    1.738824060219238e+02      0.000000000000000e+00
    1.741177111121152e+02      0.000000000000000e+00
    1.743530162023065e+02      0.000000000000000e+00
    1.745883212924979e+02      0.000000000000000e+00
    1.748236263826893e+02      0.000000000000000e+00
    1.750589314728807e+02      0.000000000000000e+00
    1.752942365630721e+02      0.000000000000000e+00
    1.755295416532635e+02      0.000000000000000e+00
    1.757648467434549e+02      0.000000000000000e+00
    1.760001518336462e+02      0.000000000000000e+00
    1.762354569238376e+02      0.000000000000000e+00
    1.764707620140290e+02      0.000000000000000e+00
    1.767060671042204e+02      0.000000000000000e+00
    1.769413721944117e+02      0.000000000000000e+00
    1.771766772846031e+02      0.000000000000000e+00
    1.774119823747945e+02      0.000000000000000e+00
    1.776472874649859e+02      0.000000000000000e+00
    1.778825925551773e+02      0.000000000000000e+00
    1.781178976453687e+02      0.000000000000000e+00
    1.783532027355600e+02      0.000000000000000e+00
    1.785885078257514e+02      0.000000000000000e+00
    1.788238129159428e+02      0.000000000000000e+00
    1.790591180061342e+02      0.000000000000000e+00
    1.792944230963255e+02      0.000000000000000e+00
    1.795297281865169e+02      0.000000000000000e+00
    1.797650332767083e+02      0.000000000000000e+00
    1.800003383668997e+02      0.000000000000000e+00
    1.802356434570911e+02      0.000000000000000e+00
    1.804709485472825e+02      0.000000000000000e+00
    1.807062536374738e+02      0.000000000000000e+00
    1.809415587276652e+02      0.000000000000000e+00
    1.811768638178566e+02      0.000000000000000e+00
    1.814121689080480e+02      0.000000000000000e+00
    1.816474739982394e+02      0.000000000000000e+00
    1.818827790884307e+02      0.000000000000000e+00
    1.821180841786221e+02      0.000000000000000e+00
    1.823533892688135e+02      0.000000000000000e+00
    1.825886943590049e+02      0.000000000000000e+00
    1.828239994491963e+02      0.000000000000000e+00
    1.830593045393877e+02      0.000000000000000e+00
    1.832946096295790e+02      0.000000000000000e+00
    1.835299147197704e+02      0.000000000000000e+00
    1.837652198099618e+02      0.000000000000000e+00
    1.840005249001532e+02      0.000000000000000e+00
    1.842358299903446e+02      0.000000000000000e+00
    1.844711350805359e+02      0.000000000000000e+00
    1.847064401707273e+02      0.000000000000000e+00
    1.849417452609187e+02      0.000000000000000e+00
    1.851770503511101e+02      0.000000000000000e+00
    1.854123554413015e+02      0.000000000000000e+00
    1.856476605314928e+02      0.000000000000000e+00
    1.858829656216842e+02      0.000000000000000e+00
    1.861182707118756e+02      0.000000000000000e+00
    1.863535758020670e+02      0.000000000000000e+00
    1.865888808922584e+02      0.000000000000000e+00
    1.868241859824497e+02      0.000000000000000e+00
    1.870594910726411e+02      0.000000000000000e+00
    1.872947961628325e+02      0.000000000000000e+00
    1.875301012530239e+02      0.000000000000000e+00
    1.877654063432153e+02      0.000000000000000e+00
    1.880007114334067e+02      0.000000000000000e+00
    1.882360165235980e+02      0.000000000000000e+00
    1.884713216137894e+02      0.000000000000000e+00
    1.887066267039808e+02      0.000000000000000e+00
    1.889419317941722e+02      0.000000000000000e+00
    1.891772368843636e+02      0.000000000000000e+00
    1.894125419745549e+02      0.000000000000000e+00
    1.896478470647463e+02      0.000000000000000e+00
    1.898831521549377e+02      0.000000000000000e+00
    1.901184572451291e+02      0.000000000000000e+00
    1.903537623353205e+02      0.000000000000000e+00
    1.905890674255118e+02      0.000000000000000e+00
    1.908243725157032e+02      0.000000000000000e+00
    1.910596776058946e+02      0.000000000000000e+00
    1.912949826960860e+02      0.000000000000000e+00
    1.915302877862774e+02      0.000000000000000e+00
    1.917655928764687e+02      0.000000000000000e+00
    1.920008979666601e+02      0.000000000000000e+00
    1.922362030568515e+02      0.000000000000000e+00
    1.924715081470429e+02      0.000000000000000e+00
    1.927068132372343e+02      0.000000000000000e+00
    1.929421183274256e+02      0.000000000000000e+00
    1.931774234176170e+02      0.000000000000000e+00
    1.934127285078084e+02      0.000000000000000e+00
    1.936480335979998e+02      0.000000000000000e+00
    1.938833386881912e+02      0.000000000000000e+00
    1.941186437783826e+02      0.000000000000000e+00
    1.943539488685739e+02      0.000000000000000e+00
    1.945892539587653e+02      0.000000000000000e+00
    1.948245590489567e+02      0.000000000000000e+00
    1.950598641391481e+02      0.000000000000000e+00
    1.952951692293395e+02      0.000000000000000e+00
    1.955304743195308e+02      0.000000000000000e+00
    1.957657794097222e+02      0.000000000000000e+00
    1.960010844999136e+02      0.000000000000000e+00
    1.962363895901050e+02      0.000000000000000e+00
    1.964716946802964e+02      0.000000000000000e+00
    1.967069997704878e+02      0.000000000000000e+00
    1.969423048606791e+02      0.000000000000000e+00
    1.971776099508705e+02      0.000000000000000e+00
    1.974129150410619e+02      0.000000000000000e+00
    1.976482201312533e+02      0.000000000000000e+00
    1.978835252214446e+02      0.000000000000000e+00
    1.981188303116360e+02      0.000000000000000e+00
    1.983541354018274e+02      0.000000000000000e+00
    1.985894404920188e+02      0.000000000000000e+00
    1.988247455822102e+02      0.000000000000000e+00
    1.990600506724016e+02      0.000000000000000e+00
    1.992953557625929e+02      0.000000000000000e+00
    1.995306608527843e+02      0.000000000000000e+00
    1.997659659429757e+02      0.000000000000000e+00
    2.000012710331671e+02      0.000000000000000e+00
    2.002365761233584e+02      0.000000000000000e+00
    2.004718812135498e+02      0.000000000000000e+00
    2.007071863037412e+02      0.000000000000000e+00
    2.009424913939326e+02      0.000000000000000e+00
    2.011777964841240e+02      0.000000000000000e+00
    2.014131015743154e+02      0.000000000000000e+00
    2.016484066645068e+02      0.000000000000000e+00
    2.018837117546981e+02      0.000000000000000e+00
    2.021190168448895e+02      0.000000000000000e+00
    2.023543219350809e+02      1.440610785647610e-01
    2.025896270252723e+02      0.000000000000000e+00
    2.028249321154636e+02      0.000000000000000e+00
    2.030602372056550e+02      0.000000000000000e+00
    2.032955422958464e+02      0.000000000000000e+00
    2.035308473860378e+02      0.000000000000000e+00
    2.037661524762292e+02      0.000000000000000e+00
    2.040014575664206e+02      0.000000000000000e+00
    2.042367626566119e+02      0.000000000000000e+00
    2.044720677468033e+02      0.000000000000000e+00
    2.047073728369947e+02      0.000000000000000e+00
    2.049426779271861e+02      0.000000000000000e+00
    2.051779830173774e+02      0.000000000000000e+00
    2.054132881075688e+02      0.000000000000000e+00
    2.056485931977602e+02      0.000000000000000e+00
    2.058838982879516e+02      0.000000000000000e+00
    2.061192033781430e+02      0.000000000000000e+00
    2.063545084683344e+02      0.000000000000000e+00
    2.065898135585257e+02      0.000000000000000e+00
    2.068251186487171e+02      0.000000000000000e+00
    2.070604237389085e+02      0.000000000000000e+00
    2.072957288290999e+02      0.000000000000000e+00
    2.075310339192912e+02      0.000000000000000e+00
    2.077663390094826e+02      0.000000000000000e+00
    2.080016440996740e+02      0.000000000000000e+00
    2.082369491898654e+02      0.000000000000000e+00
    2.084722542800568e+02      0.000000000000000e+00
    2.087075593702482e+02      0.000000000000000e+00
    2.089428644604396e+02      0.000000000000000e+00
    2.091781695506309e+02      0.000000000000000e+00
    2.094134746408223e+02      0.000000000000000e+00
    2.096487797310137e+02      0.000000000000000e+00
    2.098840848212051e+02      0.000000000000000e+00
    2.101193899113964e+02      0.000000000000000e+00
    2.103546950015878e+02      0.000000000000000e+00
    2.105900000917792e+02      0.000000000000000e+00
    2.108253051819706e+02      0.000000000000000e+00
    2.110606102721620e+02      0.000000000000000e+00
    2.112959153623534e+02      0.000000000000000e+00
    2.115312204525447e+02      0.000000000000000e+00
    2.117665255427361e+02      0.000000000000000e+00
    2.120018306329275e+02      0.000000000000000e+00
    2.122371357231189e+02      0.000000000000000e+00
    2.124724408133103e+02      0.000000000000000e+00
    2.127077459035016e+02      0.000000000000000e+00
    2.129430509936930e+02      0.000000000000000e+00
    2.131783560838844e+02      0.000000000000000e+00
    2.134136611740758e+02      0.000000000000000e+00
    2.136489662642672e+02      0.000000000000000e+00
    2.138842713544585e+02      0.000000000000000e+00
    2.141195764446499e+02      0.000000000000000e+00
    2.143548815348413e+02      0.000000000000000e+00
    2.145901866250327e+02      0.000000000000000e+00
    2.148254917152241e+02      0.000000000000000e+00
    2.150607968054154e+02      0.000000000000000e+00
    2.152961018956068e+02      0.000000000000000e+00
    2.155314069857982e+02      0.000000000000000e+00
    2.157667120759896e+02      0.000000000000000e+00
    2.160020171661810e+02      0.000000000000000e+00
    2.162373222563724e+02      0.000000000000000e+00
    2.164726273465637e+02      0.000000000000000e+00
    2.167079324367551e+02      0.000000000000000e+00
    2.169432375269465e+02      0.000000000000000e+00
    2.171785426171379e+02      0.000000000000000e+00
    2.174138477073293e+02      0.000000000000000e+00
    2.176491527975206e+02      0.000000000000000e+00
    2.178844578877120e+02      0.000000000000000e+00
    2.181197629779034e+02      0.000000000000000e+00
    2.183550680680948e+02      0.000000000000000e+00
    2.185903731582862e+02      0.000000000000000e+00
    2.188256782484775e+02      0.000000000000000e+00
    2.190609833386689e+02      0.000000000000000e+00
    2.192962884288603e+02      0.000000000000000e+00
    2.195315935190517e+02      0.000000000000000e+00
    2.197668986092431e+02      0.000000000000000e+00
    2.200022036994344e+02      0.000000000000000e+00
    2.202375087896258e+02      0.000000000000000e+00
    2.204728138798172e+02      0.000000000000000e+00
    2.207081189700086e+02      0.000000000000000e+00
    2.209434240602000e+02      0.000000000000000e+00
    2.211787291503913e+02      0.000000000000000e+00
    2.214140342405827e+02      0.000000000000000e+00
    2.216493393307741e+02      0.000000000000000e+00
    2.218846444209655e+02      0.000000000000000e+00
    2.221199495111569e+02      0.000000000000000e+00
    2.223552546013483e+02      0.000000000000000e+00
    2.225905596915396e+02      0.000000000000000e+00
    2.228258647817310e+02      0.000000000000000e+00
    2.230611698719224e+02      0.000000000000000e+00
    2.232964749621138e+02      0.000000000000000e+00
    2.235317800523052e+02      0.000000000000000e+00
    2.237670851424965e+02      0.000000000000000e+00
    2.240023902326879e+02      0.000000000000000e+00
    2.242376953228793e+02      0.000000000000000e+00
    2.244730004130707e+02      0.000000000000000e+00
    2.247083055032621e+02      0.000000000000000e+00
    2.249436105934535e+02      0.000000000000000e+00
    2.251789156836448e+02      0.000000000000000e+00
    2.254142207738362e+02      0.000000000000000e+00
    2.256495258640276e+02      0.000000000000000e+00
    2.258848309542190e+02      0.000000000000000e+00
    2.261201360444103e+02      0.000000000000000e+00
    2.263554411346017e+02      0.000000000000000e+00
    2.265907462247931e+02      0.000000000000000e+00
    2.268260513149845e+02      0.000000000000000e+00
    2.270613564051759e+02      0.000000000000000e+00
    2.272966614953673e+02      0.000000000000000e+00
    2.275319665855586e+02      0.000000000000000e+00
    2.277672716757500e+02      0.000000000000000e+00
    2.280025767659414e+02      0.000000000000000e+00
    2.282378818561328e+02      0.000000000000000e+00
    2.284731869463241e+02      0.000000000000000e+00
    2.287084920365155e+02      0.000000000000000e+00
    2.289437971267069e+02      0.000000000000000e+00
    2.291791022168983e+02      0.000000000000000e+00
    2.294144073070897e+02      0.000000000000000e+00
    2.296497123972811e+02      0.000000000000000e+00
    2.298850174874725e+02      0.000000000000000e+00
    2.301203225776638e+02      0.000000000000000e+00
    2.303556276678552e+02      0.000000000000000e+00
    2.305909327580466e+02      0.000000000000000e+00
    2.308262378482380e+02      0.000000000000000e+00
    2.310615429384293e+02      0.000000000000000e+00
    2.312968480286207e+02      0.000000000000000e+00
    2.315321531188121e+02      0.000000000000000e+00
    2.317674582090035e+02      0.000000000000000e+00
    2.320027632991949e+02      0.000000000000000e+00
    2.322380683893863e+02      0.000000000000000e+00
    2.324733734795776e+02      0.000000000000000e+00
    2.327086785697690e+02      0.000000000000000e+00
    2.329439836599604e+02      0.000000000000000e+00
    2.331792887501518e+02      0.000000000000000e+00
    2.334145938403431e+02      0.000000000000000e+00
    2.336498989305345e+02      0.000000000000000e+00
    2.338852040207259e+02      0.000000000000000e+00
    2.341205091109173e+02      0.000000000000000e+00
    2.343558142011087e+02      0.000000000000000e+00
    2.345911192913001e+02      0.000000000000000e+00
    2.348264243814914e+02      0.000000000000000e+00
    2.350617294716828e+02      0.000000000000000e+00
    2.352970345618742e+02      0.000000000000000e+00
    2.355323396520656e+02      0.000000000000000e+00
    2.357676447422570e+02      0.000000000000000e+00
    2.360029498324483e+02      0.000000000000000e+00
    2.362382549226397e+02      0.000000000000000e+00
    2.364735600128311e+02      0.000000000000000e+00
    2.367088651030225e+02      0.000000000000000e+00
    2.369441701932139e+02      0.000000000000000e+00
    2.371794752834053e+02      0.000000000000000e+00
    2.374147803735966e+02      0.000000000000000e+00
    2.376500854637880e+02      0.000000000000000e+00
    2.378853905539794e+02      0.000000000000000e+00
    2.381206956441708e+02      0.000000000000000e+00
    2.383560007343621e+02      0.000000000000000e+00
    2.385913058245535e+02      0.000000000000000e+00
    2.388266109147449e+02      0.000000000000000e+00
    2.390619160049363e+02      0.000000000000000e+00
    2.392972210951277e+02      0.000000000000000e+00
    2.395325261853191e+02      0.000000000000000e+00
    2.397678312755104e+02      0.000000000000000e+00
    2.400031363657018e+02      0.000000000000000e+00
    2.402384414558932e+02      0.000000000000000e+00
    2.404737465460846e+02      0.000000000000000e+00
    2.407090516362760e+02      0.000000000000000e+00
    2.409443567264673e+02      0.000000000000000e+00
    2.411796618166587e+02      0.000000000000000e+00
    2.414149669068501e+02      0.000000000000000e+00
    2.416502719970415e+02      0.000000000000000e+00
    2.418855770872329e+02      0.000000000000000e+00
    2.421208821774242e+02      0.000000000000000e+00
    2.423561872676156e+02      0.000000000000000e+00
    2.425914923578070e+02      0.000000000000000e+00
    2.428267974479984e+02      0.000000000000000e+00
    2.430621025381898e+02      0.000000000000000e+00
    2.432974076283811e+02      0.000000000000000e+00
    2.435327127185725e+02      0.000000000000000e+00
    2.437680178087639e+02      0.000000000000000e+00
    2.440033228989553e+02      0.000000000000000e+00
    2.442386279891467e+02      0.000000000000000e+00
    2.444739330793381e+02      0.000000000000000e+00
    2.447092381695294e+02      0.000000000000000e+00
    2.449445432597208e+02      0.000000000000000e+00
    2.451798483499122e+02      0.000000000000000e+00
    2.454151534401036e+02      0.000000000000000e+00
    2.456504585302950e+02      0.000000000000000e+00
    2.458857636204863e+02      0.000000000000000e+00
    2.461210687106777e+02      0.000000000000000e+00
    2.463563738008691e+02      0.000000000000000e+00
    2.465916788910605e+02      0.000000000000000e+00
    2.468269839812519e+02      0.000000000000000e+00
    2.470622890714432e+02      0.000000000000000e+00
    2.472975941616346e+02      0.000000000000000e+00
    2.475328992518260e+02      0.000000000000000e+00
    2.477682043420174e+02      0.000000000000000e+00
    2.480035094322088e+02      0.000000000000000e+00
    2.482388145224001e+02      0.000000000000000e+00
    2.484741196125915e+02      0.000000000000000e+00
    2.487094247027829e+02      0.000000000000000e+00
    2.489447297929743e+02      0.000000000000000e+00
    2.491800348831657e+02      0.000000000000000e+00
    2.494153399733570e+02      0.000000000000000e+00
    2.496506450635484e+02      0.000000000000000e+00
    2.498859501537398e+02      0.000000000000000e+00
    2.501212552439312e+02      0.000000000000000e+00
    2.503565603341226e+02      0.000000000000000e+00
    2.505918654243140e+02      0.000000000000000e+00
    2.508271705145053e+02      0.000000000000000e+00
    2.510624756046967e+02      0.000000000000000e+00
    2.512977806948881e+02      0.000000000000000e+00
    2.515330857850795e+02      0.000000000000000e+00
    2.517683908752709e+02      0.000000000000000e+00
    2.520036959654622e+02      0.000000000000000e+00
    2.522390010556536e+02      0.000000000000000e+00
    2.524743061458450e+02      0.000000000000000e+00
    2.527096112360364e+02      0.000000000000000e+00
    2.529449163262278e+02      0.000000000000000e+00
    2.531802214164192e+02      0.000000000000000e+00
    2.534155265066105e+02      0.000000000000000e+00
    2.536508315968019e+02      0.000000000000000e+00
    2.538861366869933e+02      0.000000000000000e+00
    2.541214417771847e+02      0.000000000000000e+00
    2.543567468673760e+02      0.000000000000000e+00
    2.545920519575674e+02      0.000000000000000e+00
    2.548273570477588e+02      0.000000000000000e+00
    2.550626621379502e+02      0.000000000000000e+00
    2.552979672281416e+02      0.000000000000000e+00
    2.555332723183330e+02      0.000000000000000e+00
    2.557685774085243e+02      0.000000000000000e+00
    2.560038824987157e+02      0.000000000000000e+00
    2.562391875889071e+02      0.000000000000000e+00
    2.564744926790985e+02      0.000000000000000e+00
    2.567097977692898e+02      0.000000000000000e+00
    2.569451028594812e+02      0.000000000000000e+00
    2.571804079496726e+02      0.000000000000000e+00
    2.574157130398640e+02      0.000000000000000e+00
    2.576510181300554e+02      0.000000000000000e+00
    2.578863232202468e+02      0.000000000000000e+00
    2.581216283104382e+02      0.000000000000000e+00
    2.583569334006295e+02      0.000000000000000e+00
    2.585922384908209e+02      0.000000000000000e+00
    2.588275435810123e+02      0.000000000000000e+00
    2.590628486712037e+02      0.000000000000000e+00
    2.592981537613950e+02      0.000000000000000e+00
    2.595334588515864e+02      0.000000000000000e+00
    2.597687639417778e+02      0.000000000000000e+00
    2.600040690319692e+02      0.000000000000000e+00
    2.602393741221605e+02      0.000000000000000e+00
    2.604746792123519e+02      0.000000000000000e+00
    2.607099843025433e+02      0.000000000000000e+00
    2.609452893927347e+02      0.000000000000000e+00
    2.611805944829261e+02      0.000000000000000e+00
    2.614158995731175e+02      0.000000000000000e+00
    2.616512046633088e+02      0.000000000000000e+00
    2.618865097535002e+02      0.000000000000000e+00
    2.621218148436916e+02      0.000000000000000e+00
    2.623571199338830e+02      0.000000000000000e+00
    2.625924250240744e+02      0.000000000000000e+00
    2.628277301142658e+02      0.000000000000000e+00
    2.630630352044572e+02      0.000000000000000e+00
    2.632983402946485e+02      0.000000000000000e+00
    2.635336453848399e+02      0.000000000000000e+00
    2.637689504750313e+02      0.000000000000000e+00
    2.640042555652226e+02      0.000000000000000e+00
    2.642395606554140e+02      0.000000000000000e+00
    2.644748657456054e+02      0.000000000000000e+00
    2.647101708357968e+02      0.000000000000000e+00
    2.649454759259881e+02      0.000000000000000e+00
    2.651807810161795e+02      0.000000000000000e+00
    2.654160861063709e+02      0.000000000000000e+00
    2.656513911965623e+02      0.000000000000000e+00
    2.658866962867537e+02      0.000000000000000e+00
    2.661220013769451e+02      0.000000000000000e+00
    2.663573064671365e+02      0.000000000000000e+00
    2.665926115573278e+02      0.000000000000000e+00
    2.668279166475192e+02      0.000000000000000e+00
    2.670632217377106e+02      0.000000000000000e+00
    2.672985268279020e+02      0.000000000000000e+00
    2.675338319180934e+02      0.000000000000000e+00
    2.677691370082848e+02      0.000000000000000e+00
    2.680044420984761e+02      0.000000000000000e+00
    2.682397471886675e+02      0.000000000000000e+00
    2.684750522788589e+02      0.000000000000000e+00
    2.687103573690503e+02      0.000000000000000e+00
    2.689456624592416e+02      0.000000000000000e+00
    2.691809675494330e+02      0.000000000000000e+00
    2.694162726396244e+02      0.000000000000000e+00
    2.696515777298158e+02      0.000000000000000e+00
    2.698868828200071e+02      0.000000000000000e+00
    2.701221879101985e+02      0.000000000000000e+00
    2.703574930003899e+02      0.000000000000000e+00
    2.705927980905813e+02      0.000000000000000e+00
    2.708281031807727e+02      0.000000000000000e+00
    2.710634082709641e+02      0.000000000000000e+00
    2.712987133611555e+02      0.000000000000000e+00
    2.715340184513468e+02      0.000000000000000e+00
    2.717693235415382e+02      0.000000000000000e+00
    2.720046286317296e+02      0.000000000000000e+00
    2.722399337219210e+02      0.000000000000000e+00
    2.724752388121124e+02      0.000000000000000e+00
    2.727105439023038e+02      0.000000000000000e+00
    2.729458489924951e+02      0.000000000000000e+00
    2.731811540826865e+02      0.000000000000000e+00
    2.734164591728779e+02      0.000000000000000e+00
    2.736517642630693e+02      0.000000000000000e+00
    2.738870693532606e+02      0.000000000000000e+00
    2.741223744434520e+02      0.000000000000000e+00
    2.743576795336434e+02      0.000000000000000e+00
    2.745929846238348e+02      0.000000000000000e+00
    2.748282897140261e+02      0.000000000000000e+00
    2.750635948042175e+02      0.000000000000000e+00
    2.752988998944089e+02      0.000000000000000e+00
    2.755342049846003e+02      0.000000000000000e+00
    2.757695100747917e+02      0.000000000000000e+00
    2.760048151649831e+02      7.203053928237181e-02
