                     bin:                     prob.:
    4.152950502038854e-01      1.926363001290215e+01
    4.161749026787834e-01      0.000000000000000e+00
    4.170547551536815e-01      0.000000000000000e+00
    4.179346076285795e-01      0.000000000000000e+00
    4.188144601034776e-01      0.000000000000000e+00
    4.196943125783756e-01      0.000000000000000e+00
    4.205741650532737e-01      0.000000000000000e+00
    4.214540175281717e-01      0.000000000000000e+00
    4.223338700030698e-01      0.000000000000000e+00
    4.232137224779678e-01      0.000000000000000e+00
    4.240935749528659e-01      0.000000000000000e+00
    4.249734274277640e-01      0.000000000000000e+00
    4.258532799026620e-01      0.000000000000000e+00
    4.267331323775601e-01      0.000000000000000e+00
    4.276129848524581e-01      0.000000000000000e+00
    4.284928373273562e-01      0.000000000000000e+00
    4.293726898022543e-01      0.000000000000000e+00
    4.302525422771523e-01      0.000000000000000e+00
    4.311323947520504e-01      0.000000000000000e+00
    4.320122472269484e-01      0.000000000000000e+00
    4.328920997018465e-01      0.000000000000000e+00
    4.337719521767446e-01      0.000000000000000e+00
    4.346518046516426e-01      0.000000000000000e+00
    4.355316571265407e-01      0.000000000000000e+00
    4.364115096014387e-01      0.000000000000000e+00
    4.372913620763368e-01      0.000000000000000e+00
    4.381712145512349e-01      0.000000000000000e+00
    4.390510670261329e-01      0.000000000000000e+00
    4.399309195010310e-01      0.000000000000000e+00
    4.408107719759290e-01      0.000000000000000e+00
    4.416906244508271e-01      0.000000000000000e+00
    4.425704769257252e-01      0.000000000000000e+00
    4.434503294006232e-01      0.000000000000000e+00
    4.443301818755213e-01      0.000000000000000e+00
    4.452100343504193e-01      0.000000000000000e+00
    4.460898868253174e-01      0.000000000000000e+00
    4.469697393002154e-01      0.000000000000000e+00
    4.478495917751135e-01      0.000000000000000e+00
    4.487294442500115e-01      0.000000000000000e+00
    4.496092967249096e-01      0.000000000000000e+00
    4.504891491998076e-01      0.000000000000000e+00
    4.513690016747057e-01      0.000000000000000e+00
    4.522488541496038e-01      0.000000000000000e+00
    4.531287066245018e-01      0.000000000000000e+00
    4.540085590993999e-01      0.000000000000000e+00
    4.548884115742979e-01      0.000000000000000e+00
    4.557682640491960e-01      0.000000000000000e+00
    4.566481165240940e-01      0.000000000000000e+00
    4.575279689989921e-01      0.000000000000000e+00
    4.584078214738901e-01      0.000000000000000e+00
    4.592876739487882e-01      0.000000000000000e+00
    4.601675264236863e-01      0.000000000000000e+00
    4.610473788985843e-01      0.000000000000000e+00
    4.619272313734824e-01      0.000000000000000e+00
    4.628070838483804e-01      0.000000000000000e+00
    4.636869363232785e-01      0.000000000000000e+00
    4.645667887981766e-01      0.000000000000000e+00
    4.654466412730746e-01      0.000000000000000e+00
    4.663264937479727e-01      0.000000000000000e+00
    4.672063462228707e-01      0.000000000000000e+00
    4.680861986977688e-01      0.000000000000000e+00
    4.689660511726669e-01      0.000000000000000e+00
    4.698459036475649e-01      0.000000000000000e+00
    4.707257561224630e-01      0.000000000000000e+00
    4.716056085973610e-01      0.000000000000000e+00
    4.724854610722591e-01      0.000000000000000e+00
    4.733653135471572e-01      0.000000000000000e+00
    4.742451660220552e-01      0.000000000000000e+00
    4.751250184969533e-01      0.000000000000000e+00
    4.760048709718513e-01      0.000000000000000e+00
    4.768847234467494e-01      0.000000000000000e+00
    4.777645759216474e-01      0.000000000000000e+00
    4.786444283965455e-01      0.000000000000000e+00
    4.795242808714436e-01      0.000000000000000e+00
    4.804041333463416e-01      0.000000000000000e+00
    4.812839858212397e-01      0.000000000000000e+00
    4.821638382961377e-01      0.000000000000000e+00
    4.830436907710358e-01      0.000000000000000e+00
    4.839235432459338e-01      0.000000000000000e+00
    4.848033957208319e-01      0.000000000000000e+00
    4.856832481957299e-01      0.000000000000000e+00
    4.865631006706280e-01      0.000000000000000e+00
    4.874429531455260e-01      0.000000000000000e+00
    4.883228056204241e-01      0.000000000000000e+00
    4.892026580953222e-01      0.000000000000000e+00
    4.900825105702202e-01      0.000000000000000e+00
    4.909623630451183e-01      0.000000000000000e+00
    4.918422155200163e-01      0.000000000000000e+00
    4.927220679949144e-01      0.000000000000000e+00
    4.936019204698124e-01      0.000000000000000e+00
    4.944817729447105e-01      0.000000000000000e+00
    4.953616254196086e-01      0.000000000000000e+00
    4.962414778945066e-01      0.000000000000000e+00
    4.971213303694047e-01      0.000000000000000e+00
    4.980011828443027e-01      0.000000000000000e+00
    4.988810353192008e-01      0.000000000000000e+00
    4.997608877940989e-01      0.000000000000000e+00
    5.006407402689970e-01      0.000000000000000e+00
    5.015205927438950e-01      0.000000000000000e+00
    5.024004452187930e-01      0.000000000000000e+00
    5.032802976936911e-01      0.000000000000000e+00
    5.041601501685892e-01      0.000000000000000e+00
    5.050400026434873e-01      0.000000000000000e+00
    5.059198551183852e-01      0.000000000000000e+00
    5.067997075932833e-01      0.000000000000000e+00
    5.076795600681814e-01      0.000000000000000e+00
    5.085594125430795e-01      0.000000000000000e+00
    5.094392650179775e-01      0.000000000000000e+00
    5.103191174928756e-01      0.000000000000000e+00
    5.111989699677736e-01      0.000000000000000e+00
    5.120788224426717e-01      0.000000000000000e+00
    5.129586749175697e-01      0.000000000000000e+00
    5.138385273924678e-01      0.000000000000000e+00
    5.147183798673658e-01      0.000000000000000e+00
    5.155982323422639e-01      0.000000000000000e+00
    5.164780848171620e-01      0.000000000000000e+00
    5.173579372920600e-01      0.000000000000000e+00
    5.182377897669581e-01      0.000000000000000e+00
    5.191176422418562e-01      0.000000000000000e+00
    5.199974947167542e-01      0.000000000000000e+00
    5.208773471916522e-01      0.000000000000000e+00
    5.217571996665503e-01      0.000000000000000e+00
    5.226370521414484e-01      0.000000000000000e+00
    5.235169046163464e-01      0.000000000000000e+00
    5.243967570912444e-01      0.000000000000000e+00
    5.252766095661425e-01      0.000000000000000e+00
    5.261564620410406e-01      0.000000000000000e+00
    5.270363145159387e-01      0.000000000000000e+00
    5.279161669908368e-01      0.000000000000000e+00
    5.287960194657347e-01      0.000000000000000e+00
    5.296758719406328e-01      0.000000000000000e+00
    5.305557244155309e-01      3.852726002580430e+01
    5.314355768904290e-01      0.000000000000000e+00
    5.323154293653269e-01      0.000000000000000e+00
    5.331952818402250e-01      0.000000000000000e+00
    5.340751343151231e-01      0.000000000000000e+00
    5.349549867900212e-01      0.000000000000000e+00
    5.358348392649193e-01      0.000000000000000e+00
    5.367146917398173e-01      0.000000000000000e+00
    5.375945442147153e-01      0.000000000000000e+00
    5.384743966896134e-01      0.000000000000000e+00
    5.393542491645115e-01      0.000000000000000e+00
    5.402341016394095e-01      0.000000000000000e+00
    5.411139541143075e-01      0.000000000000000e+00
    5.419938065892056e-01      0.000000000000000e+00
    5.428736590641037e-01      0.000000000000000e+00
    5.437535115390018e-01      0.000000000000000e+00
    5.446333640138998e-01      0.000000000000000e+00
    5.455132164887979e-01      0.000000000000000e+00
    5.463930689636959e-01      0.000000000000000e+00
    5.472729214385940e-01      0.000000000000000e+00
    5.481527739134920e-01      0.000000000000000e+00
    5.490326263883901e-01      0.000000000000000e+00
    5.499124788632881e-01      0.000000000000000e+00
    5.507923313381862e-01      0.000000000000000e+00
    5.516721838130842e-01      0.000000000000000e+00
    5.525520362879823e-01      0.000000000000000e+00
    5.534318887628804e-01      0.000000000000000e+00
    5.543117412377785e-01      0.000000000000000e+00
    5.551915937126765e-01      0.000000000000000e+00
    5.560714461875745e-01      0.000000000000000e+00
    5.569512986624726e-01      0.000000000000000e+00
    5.578311511373707e-01      0.000000000000000e+00
    5.587110036122687e-01      0.000000000000000e+00
    5.595908560871667e-01      0.000000000000000e+00
    5.604707085620648e-01      0.000000000000000e+00
    5.613505610369629e-01      0.000000000000000e+00
    5.622304135118610e-01      0.000000000000000e+00
    5.631102659867591e-01      0.000000000000000e+00
    5.639901184616570e-01      0.000000000000000e+00
    5.648699709365551e-01      0.000000000000000e+00
    5.657498234114532e-01      0.000000000000000e+00
    5.666296758863513e-01      0.000000000000000e+00
    5.675095283612492e-01      0.000000000000000e+00
    5.683893808361473e-01      0.000000000000000e+00
    5.692692333110454e-01      0.000000000000000e+00
    5.701490857859435e-01      0.000000000000000e+00
    5.710289382608416e-01      0.000000000000000e+00
    5.719087907357396e-01      0.000000000000000e+00
    5.727886432106376e-01      0.000000000000000e+00
    5.736684956855357e-01      0.000000000000000e+00
    5.745483481604338e-01      0.000000000000000e+00
    5.754282006353318e-01      0.000000000000000e+00
    5.763080531102298e-01      0.000000000000000e+00
    5.771879055851279e-01      0.000000000000000e+00
    5.780677580600260e-01      0.000000000000000e+00
    5.789476105349241e-01      0.000000000000000e+00
    5.798274630098221e-01      0.000000000000000e+00
    5.807073154847202e-01      0.000000000000000e+00
    5.815871679596182e-01      0.000000000000000e+00
    5.824670204345163e-01      0.000000000000000e+00
    5.833468729094143e-01      0.000000000000000e+00
    5.842267253843124e-01      0.000000000000000e+00
    5.851065778592104e-01      0.000000000000000e+00
    5.859864303341085e-01      0.000000000000000e+00
    5.868662828090065e-01      0.000000000000000e+00
    5.877461352839046e-01      0.000000000000000e+00
    5.886259877588027e-01      0.000000000000000e+00
    5.895058402337008e-01      0.000000000000000e+00
    5.903856927085988e-01      0.000000000000000e+00
    5.912655451834968e-01      0.000000000000000e+00
    5.921453976583949e-01      0.000000000000000e+00
    5.930252501332930e-01      0.000000000000000e+00
    5.939051026081910e-01      0.000000000000000e+00
    5.947849550830890e-01      0.000000000000000e+00
    5.956648075579871e-01      0.000000000000000e+00
    5.965446600328852e-01      0.000000000000000e+00
    5.974245125077833e-01      0.000000000000000e+00
    5.983043649826814e-01      0.000000000000000e+00
    5.991842174575793e-01      0.000000000000000e+00
    6.000640699324774e-01      0.000000000000000e+00
    6.009439224073755e-01      0.000000000000000e+00
    6.018237748822736e-01      0.000000000000000e+00
    6.027036273571715e-01      0.000000000000000e+00
    6.035834798320696e-01      0.000000000000000e+00
    6.044633323069677e-01      0.000000000000000e+00
    6.053431847818658e-01      0.000000000000000e+00
    6.062230372567639e-01      0.000000000000000e+00
    6.071028897316619e-01      0.000000000000000e+00
    6.079827422065599e-01      0.000000000000000e+00
    6.088625946814580e-01      0.000000000000000e+00
    6.097424471563561e-01      0.000000000000000e+00
    6.106222996312541e-01      0.000000000000000e+00
    6.115021521061521e-01      0.000000000000000e+00
    6.123820045810502e-01      0.000000000000000e+00
    6.132618570559483e-01      0.000000000000000e+00
    6.141417095308463e-01      0.000000000000000e+00
    6.150215620057444e-01      0.000000000000000e+00
    6.159014144806425e-01      0.000000000000000e+00
    6.167812669555406e-01      0.000000000000000e+00
    6.176611194304386e-01      0.000000000000000e+00
    6.185409719053366e-01      0.000000000000000e+00
    6.194208243802347e-01      0.000000000000000e+00
    6.203006768551327e-01      0.000000000000000e+00
    6.211805293300308e-01      0.000000000000000e+00
    6.220603818049288e-01      0.000000000000000e+00
    6.229402342798269e-01      0.000000000000000e+00
    6.238200867547250e-01      0.000000000000000e+00
    6.246999392296231e-01      0.000000000000000e+00
    6.255797917045212e-01      0.000000000000000e+00
    6.264596441794191e-01      0.000000000000000e+00
    6.273394966543172e-01      0.000000000000000e+00
    6.282193491292153e-01      0.000000000000000e+00
    6.290992016041133e-01      0.000000000000000e+00
    6.299790540790113e-01      0.000000000000000e+00
    6.308589065539094e-01      0.000000000000000e+00
    6.317387590288075e-01      0.000000000000000e+00
    6.326186115037056e-01      0.000000000000000e+00
    6.334984639786037e-01      0.000000000000000e+00
    6.343783164535017e-01      0.000000000000000e+00
    6.352581689283997e-01      0.000000000000000e+00
    6.361380214032978e-01      0.000000000000000e+00
    6.370178738781959e-01      0.000000000000000e+00
    6.378977263530938e-01      0.000000000000000e+00
    6.387775788279919e-01      0.000000000000000e+00
    6.396574313028900e-01      0.000000000000000e+00
    6.405372837777881e-01      0.000000000000000e+00
    6.414171362526861e-01      0.000000000000000e+00
    6.422969887275842e-01      0.000000000000000e+00
    6.431768412024823e-01      0.000000000000000e+00
    6.440566936773803e-01      0.000000000000000e+00
    6.449365461522784e-01      0.000000000000000e+00
    6.458163986271764e-01      1.926363001290458e+01
    6.466962511020744e-01      0.000000000000000e+00
    6.475761035769725e-01      0.000000000000000e+00
    6.484559560518706e-01      0.000000000000000e+00
    6.493358085267686e-01      0.000000000000000e+00
    6.502156610016667e-01      0.000000000000000e+00
    6.510955134765648e-01      0.000000000000000e+00
    6.519753659514629e-01      0.000000000000000e+00
    6.528552184263609e-01      0.000000000000000e+00
    6.537350709012589e-01      0.000000000000000e+00
    6.546149233761570e-01      0.000000000000000e+00
    6.554947758510550e-01      0.000000000000000e+00
    6.563746283259531e-01      0.000000000000000e+00
    6.572544808008511e-01      0.000000000000000e+00
    6.581343332757492e-01      0.000000000000000e+00
    6.590141857506473e-01      0.000000000000000e+00
    6.598940382255454e-01      0.000000000000000e+00
    6.607738907004435e-01      0.000000000000000e+00
    6.616537431753414e-01      0.000000000000000e+00
    6.625335956502395e-01      0.000000000000000e+00
    6.634134481251376e-01      0.000000000000000e+00
    6.642933006000356e-01      0.000000000000000e+00
    6.651731530749336e-01      0.000000000000000e+00
    6.660530055498317e-01      0.000000000000000e+00
    6.669328580247298e-01      0.000000000000000e+00
    6.678127104996279e-01      0.000000000000000e+00
    6.686925629745260e-01      0.000000000000000e+00
    6.695724154494240e-01      0.000000000000000e+00
    6.704522679243220e-01      0.000000000000000e+00
    6.713321203992201e-01      0.000000000000000e+00
    6.722119728741182e-01      0.000000000000000e+00
    6.730918253490161e-01      0.000000000000000e+00
    6.739716778239142e-01      0.000000000000000e+00
    6.748515302988123e-01      0.000000000000000e+00
    6.757313827737104e-01      0.000000000000000e+00
    6.766112352486084e-01      0.000000000000000e+00
    6.774910877235065e-01      0.000000000000000e+00
    6.783709401984046e-01      0.000000000000000e+00
    6.792507926733026e-01      0.000000000000000e+00
    6.801306451482007e-01      0.000000000000000e+00
    6.810104976230987e-01      0.000000000000000e+00
    6.818903500979967e-01      0.000000000000000e+00
    6.827702025728948e-01      0.000000000000000e+00
    6.836500550477929e-01      0.000000000000000e+00
    6.845299075226909e-01      0.000000000000000e+00
    6.854097599975890e-01      0.000000000000000e+00
    6.862896124724871e-01      0.000000000000000e+00
    6.871694649473852e-01      0.000000000000000e+00
    6.880493174222831e-01      0.000000000000000e+00
    6.889291698971812e-01      0.000000000000000e+00
    6.898090223720793e-01      0.000000000000000e+00
    6.906888748469773e-01      0.000000000000000e+00
    6.915687273218754e-01      0.000000000000000e+00
    6.924485797967734e-01      0.000000000000000e+00
    6.933284322716715e-01      0.000000000000000e+00
    6.942082847465696e-01      0.000000000000000e+00
    6.950881372214677e-01      0.000000000000000e+00
    6.959679896963658e-01      0.000000000000000e+00
    6.968478421712637e-01      0.000000000000000e+00
    6.977276946461618e-01      0.000000000000000e+00
    6.986075471210599e-01      0.000000000000000e+00
    6.994873995959578e-01      0.000000000000000e+00
    7.003672520708559e-01      0.000000000000000e+00
    7.012471045457540e-01      0.000000000000000e+00
    7.021269570206521e-01      0.000000000000000e+00
    7.030068094955502e-01      0.000000000000000e+00
    7.038866619704482e-01      0.000000000000000e+00
    7.047665144453463e-01      0.000000000000000e+00
    7.056463669202444e-01      0.000000000000000e+00
    7.065262193951424e-01      0.000000000000000e+00
    7.074060718700405e-01      0.000000000000000e+00
    7.082859243449384e-01      0.000000000000000e+00
    7.091657768198365e-01      0.000000000000000e+00
    7.100456292947346e-01      0.000000000000000e+00
    7.109254817696327e-01      0.000000000000000e+00
    7.118053342445307e-01      0.000000000000000e+00
    7.126851867194288e-01      0.000000000000000e+00
    7.135650391943269e-01      0.000000000000000e+00
    7.144448916692250e-01      0.000000000000000e+00
    7.153247441441229e-01      0.000000000000000e+00
    7.162045966190210e-01      0.000000000000000e+00
    7.170844490939190e-01      0.000000000000000e+00
    7.179643015688171e-01      0.000000000000000e+00
    7.188441540437152e-01      0.000000000000000e+00
    7.197240065186132e-01      0.000000000000000e+00
    7.206038589935113e-01      0.000000000000000e+00
    7.214837114684094e-01      0.000000000000000e+00
    7.223635639433075e-01      0.000000000000000e+00
    7.232434164182056e-01      0.000000000000000e+00
    7.241232688931035e-01      0.000000000000000e+00
    7.250031213680016e-01      0.000000000000000e+00
    7.258829738428996e-01      0.000000000000000e+00
    7.267628263177976e-01      0.000000000000000e+00
    7.276426787926957e-01      0.000000000000000e+00
    7.285225312675938e-01      0.000000000000000e+00
    7.294023837424919e-01      0.000000000000000e+00
    7.302822362173900e-01      0.000000000000000e+00
    7.311620886922880e-01      0.000000000000000e+00
    7.320419411671861e-01      0.000000000000000e+00
    7.329217936420841e-01      0.000000000000000e+00
    7.338016461169822e-01      0.000000000000000e+00
    7.346814985918801e-01      0.000000000000000e+00
    7.355613510667782e-01      0.000000000000000e+00
    7.364412035416763e-01      0.000000000000000e+00
    7.373210560165744e-01      0.000000000000000e+00
    7.382009084914725e-01      0.000000000000000e+00
    7.390807609663705e-01      0.000000000000000e+00
    7.399606134412686e-01      0.000000000000000e+00
    7.408404659161667e-01      0.000000000000000e+00
    7.417203183910647e-01      0.000000000000000e+00
    7.426001708659627e-01      0.000000000000000e+00
    7.434800233408607e-01      0.000000000000000e+00
    7.443598758157588e-01      0.000000000000000e+00
    7.452397282906569e-01      0.000000000000000e+00
    7.461195807655550e-01      0.000000000000000e+00
    7.469994332404530e-01      0.000000000000000e+00
    7.478792857153511e-01      0.000000000000000e+00
    7.487591381902492e-01      0.000000000000000e+00
    7.496389906651473e-01      0.000000000000000e+00
    7.505188431400452e-01      0.000000000000000e+00
    7.513986956149433e-01      0.000000000000000e+00
    7.522785480898413e-01      0.000000000000000e+00
    7.531584005647394e-01      0.000000000000000e+00
    7.540382530396375e-01      0.000000000000000e+00
    7.549181055145355e-01      0.000000000000000e+00
    7.557979579894336e-01      0.000000000000000e+00
    7.566778104643317e-01      0.000000000000000e+00
    7.575576629392298e-01      0.000000000000000e+00
    7.584375154141278e-01      0.000000000000000e+00
    7.593173678890258e-01      0.000000000000000e+00
    7.601972203639239e-01      0.000000000000000e+00
    7.610770728388219e-01      3.852726002580430e+01
    7.619569253137199e-01      0.000000000000000e+00
    7.628367777886180e-01      0.000000000000000e+00
    7.637166302635161e-01      0.000000000000000e+00
    7.645964827384142e-01      0.000000000000000e+00
    7.654763352133123e-01      0.000000000000000e+00
    7.663561876882103e-01      0.000000000000000e+00
    7.672360401631084e-01      0.000000000000000e+00
    7.681158926380064e-01      0.000000000000000e+00
    7.689957451129045e-01      0.000000000000000e+00
    7.698755975878024e-01      0.000000000000000e+00
    7.707554500627005e-01      0.000000000000000e+00
    7.716353025375986e-01      0.000000000000000e+00
    7.725151550124967e-01      0.000000000000000e+00
    7.733950074873948e-01      0.000000000000000e+00
    7.742748599622928e-01      0.000000000000000e+00
    7.751547124371909e-01      0.000000000000000e+00
    7.760345649120890e-01      0.000000000000000e+00
    7.769144173869870e-01      0.000000000000000e+00
    7.777942698618850e-01      0.000000000000000e+00
    7.786741223367830e-01      0.000000000000000e+00
    7.795539748116811e-01      0.000000000000000e+00
    7.804338272865792e-01      0.000000000000000e+00
    7.813136797614773e-01      0.000000000000000e+00
    7.821935322363753e-01      0.000000000000000e+00
    7.830733847112734e-01      0.000000000000000e+00
    7.839532371861715e-01      0.000000000000000e+00
    7.848330896610696e-01      0.000000000000000e+00
    7.857129421359675e-01      0.000000000000000e+00
    7.865927946108656e-01      0.000000000000000e+00
    7.874726470857636e-01      0.000000000000000e+00
    7.883524995606617e-01      0.000000000000000e+00
    7.892323520355597e-01      0.000000000000000e+00
    7.901122045104578e-01      0.000000000000000e+00
    7.909920569853559e-01      0.000000000000000e+00
    7.918719094602540e-01      0.000000000000000e+00
    7.927517619351521e-01      0.000000000000000e+00
    7.936316144100501e-01      0.000000000000000e+00
    7.945114668849481e-01      0.000000000000000e+00
    7.953913193598462e-01      0.000000000000000e+00
    7.962711718347442e-01      0.000000000000000e+00
    7.971510243096422e-01      0.000000000000000e+00
    7.980308767845403e-01      0.000000000000000e+00
    7.989107292594384e-01      0.000000000000000e+00
    7.997905817343365e-01      0.000000000000000e+00
    8.006704342092346e-01      0.000000000000000e+00
    8.015502866841326e-01      0.000000000000000e+00
    8.024301391590307e-01      0.000000000000000e+00
    8.033099916339287e-01      0.000000000000000e+00
    8.041898441088268e-01      0.000000000000000e+00
    8.050696965837247e-01      0.000000000000000e+00
    8.059495490586228e-01      0.000000000000000e+00
    8.068294015335209e-01      0.000000000000000e+00
    8.077092540084190e-01      0.000000000000000e+00
    8.085891064833171e-01      0.000000000000000e+00
    8.094689589582151e-01      0.000000000000000e+00
    8.103488114331132e-01      0.000000000000000e+00
    8.112286639080113e-01      0.000000000000000e+00
    8.121085163829093e-01      0.000000000000000e+00
    8.129883688578073e-01      0.000000000000000e+00
    8.138682213327054e-01      0.000000000000000e+00
    8.147480738076034e-01      0.000000000000000e+00
    8.156279262825015e-01      0.000000000000000e+00
    8.165077787573995e-01      0.000000000000000e+00
    8.173876312322976e-01      0.000000000000000e+00
    8.182674837071957e-01      0.000000000000000e+00
    8.191473361820938e-01      0.000000000000000e+00
    8.200271886569919e-01      0.000000000000000e+00
    8.209070411318898e-01      0.000000000000000e+00
    8.217868936067879e-01      0.000000000000000e+00
    8.226667460816860e-01      0.000000000000000e+00
    8.235465985565840e-01      0.000000000000000e+00
    8.244264510314820e-01      0.000000000000000e+00
    8.253063035063801e-01      0.000000000000000e+00
    8.261861559812782e-01      0.000000000000000e+00
    8.270660084561763e-01      0.000000000000000e+00
    8.279458609310744e-01      0.000000000000000e+00
    8.288257134059724e-01      0.000000000000000e+00
    8.297055658808704e-01      0.000000000000000e+00
    8.305854183557685e-01      0.000000000000000e+00
    8.314652708306666e-01      0.000000000000000e+00
    8.323451233055645e-01      0.000000000000000e+00
    8.332249757804626e-01      0.000000000000000e+00
    8.341048282553607e-01      0.000000000000000e+00
    8.349846807302588e-01      0.000000000000000e+00
    8.358645332051569e-01      0.000000000000000e+00
    8.367443856800549e-01      0.000000000000000e+00
    8.376242381549530e-01      0.000000000000000e+00
    8.385040906298510e-01      0.000000000000000e+00
    8.393839431047491e-01      0.000000000000000e+00
    8.402637955796471e-01      0.000000000000000e+00
    8.411436480545451e-01      0.000000000000000e+00
    8.420235005294432e-01      0.000000000000000e+00
    8.429033530043413e-01      0.000000000000000e+00
    8.437832054792394e-01      0.000000000000000e+00
    8.446630579541374e-01      0.000000000000000e+00
    8.455429104290355e-01      0.000000000000000e+00
    8.464227629039336e-01      0.000000000000000e+00
    8.473026153788316e-01      0.000000000000000e+00
    8.481824678537296e-01      0.000000000000000e+00
    8.490623203286277e-01      0.000000000000000e+00
    8.499421728035257e-01      0.000000000000000e+00
    8.508220252784238e-01      0.000000000000000e+00
    8.517018777533218e-01      0.000000000000000e+00
    8.525817302282199e-01      0.000000000000000e+00
    8.534615827031180e-01      0.000000000000000e+00
    8.543414351780161e-01      0.000000000000000e+00
    8.552212876529142e-01      0.000000000000000e+00
    8.561011401278121e-01      0.000000000000000e+00
    8.569809926027102e-01      0.000000000000000e+00
    8.578608450776083e-01      0.000000000000000e+00
    8.587406975525063e-01      0.000000000000000e+00
    8.596205500274043e-01      0.000000000000000e+00
    8.605004025023024e-01      0.000000000000000e+00
    8.613802549772005e-01      0.000000000000000e+00
    8.622601074520986e-01      0.000000000000000e+00
    8.631399599269967e-01      0.000000000000000e+00
    8.640198124018947e-01      0.000000000000000e+00
    8.648996648767927e-01      0.000000000000000e+00
    8.657795173516908e-01      0.000000000000000e+00
    8.666593698265889e-01      0.000000000000000e+00
    8.675392223014868e-01      0.000000000000000e+00
    8.684190747763849e-01      0.000000000000000e+00
    8.692989272512830e-01      0.000000000000000e+00
    8.701787797261811e-01      0.000000000000000e+00
    8.710586322010792e-01      0.000000000000000e+00
    8.719384846759772e-01      0.000000000000000e+00
    8.728183371508753e-01      0.000000000000000e+00
    8.736981896257733e-01      0.000000000000000e+00
    8.745780421006714e-01      0.000000000000000e+00
    8.754578945755694e-01      0.000000000000000e+00
    8.763377470504674e-01      1.926363001290215e+01
    8.772175995253655e-01      0.000000000000000e+00
    8.780974520002636e-01      0.000000000000000e+00
    8.789773044751616e-01      0.000000000000000e+00
    8.798571569500597e-01      0.000000000000000e+00
    8.807370094249578e-01      0.000000000000000e+00
    8.816168618998559e-01      0.000000000000000e+00
    8.824967143747539e-01      0.000000000000000e+00
    8.833765668496519e-01      0.000000000000000e+00
    8.842564193245500e-01      0.000000000000000e+00
    8.851362717994480e-01      0.000000000000000e+00
    8.860161242743461e-01      0.000000000000000e+00
    8.868959767492441e-01      0.000000000000000e+00
    8.877758292241422e-01      0.000000000000000e+00
    8.886556816990403e-01      0.000000000000000e+00
    8.895355341739384e-01      0.000000000000000e+00
    8.904153866488365e-01      0.000000000000000e+00
    8.912952391237344e-01      0.000000000000000e+00
    8.921750915986325e-01      0.000000000000000e+00
    8.930549440735306e-01      0.000000000000000e+00
    8.939347965484286e-01      0.000000000000000e+00
    8.948146490233266e-01      0.000000000000000e+00
    8.956945014982247e-01      0.000000000000000e+00
    8.965743539731228e-01      0.000000000000000e+00
    8.974542064480209e-01      0.000000000000000e+00
    8.983340589229190e-01      0.000000000000000e+00
    8.992139113978170e-01      0.000000000000000e+00
    9.000937638727150e-01      0.000000000000000e+00
    9.009736163476131e-01      0.000000000000000e+00
    9.018534688225112e-01      0.000000000000000e+00
    9.027333212974091e-01      0.000000000000000e+00
    9.036131737723072e-01      0.000000000000000e+00
    9.044930262472053e-01      0.000000000000000e+00
    9.053728787221034e-01      0.000000000000000e+00
    9.062527311970014e-01      0.000000000000000e+00
    9.071325836718995e-01      0.000000000000000e+00
    9.080124361467976e-01      0.000000000000000e+00
    9.088922886216956e-01      0.000000000000000e+00
    9.097721410965937e-01      0.000000000000000e+00
    9.106519935714917e-01      0.000000000000000e+00
    9.115318460463897e-01      0.000000000000000e+00
    9.124116985212878e-01      0.000000000000000e+00
    9.132915509961859e-01      0.000000000000000e+00
    9.141714034710839e-01      0.000000000000000e+00
    9.150512559459820e-01      0.000000000000000e+00
    9.159311084208801e-01      0.000000000000000e+00
    9.168109608957781e-01      0.000000000000000e+00
    9.176908133706762e-01      0.000000000000000e+00
    9.185706658455742e-01      0.000000000000000e+00
    9.194505183204723e-01      0.000000000000000e+00
    9.203303707953704e-01      0.000000000000000e+00
    9.212102232702684e-01      0.000000000000000e+00
    9.220900757451664e-01      0.000000000000000e+00
    9.229699282200645e-01      0.000000000000000e+00
    9.238497806949626e-01      0.000000000000000e+00
    9.247296331698607e-01      0.000000000000000e+00
    9.256094856447586e-01      0.000000000000000e+00
    9.264893381196567e-01      0.000000000000000e+00
    9.273691905945548e-01      0.000000000000000e+00
    9.282490430694529e-01      0.000000000000000e+00
    9.291288955443510e-01      0.000000000000000e+00
    9.300087480192489e-01      0.000000000000000e+00
    9.308886004941470e-01      0.000000000000000e+00
    9.317684529690451e-01      0.000000000000000e+00
    9.326483054439432e-01      0.000000000000000e+00
    9.335281579188413e-01      0.000000000000000e+00
    9.344080103937392e-01      0.000000000000000e+00
    9.352878628686373e-01      0.000000000000000e+00
    9.361677153435354e-01      0.000000000000000e+00
    9.370475678184335e-01      0.000000000000000e+00
    9.379274202933315e-01      0.000000000000000e+00
    9.388072727682295e-01      0.000000000000000e+00
    9.396871252431276e-01      0.000000000000000e+00
    9.405669777180257e-01      0.000000000000000e+00
    9.414468301929237e-01      0.000000000000000e+00
    9.423266826678218e-01      0.000000000000000e+00
    9.432065351427198e-01      0.000000000000000e+00
    9.440863876176179e-01      0.000000000000000e+00
    9.449662400925160e-01      0.000000000000000e+00
    9.458460925674140e-01      0.000000000000000e+00
    9.467259450423121e-01      0.000000000000000e+00
    9.476057975172101e-01      0.000000000000000e+00
    9.484856499921082e-01      0.000000000000000e+00
    9.493655024670062e-01      0.000000000000000e+00
    9.502453549419043e-01      0.000000000000000e+00
    9.511252074168024e-01      0.000000000000000e+00
    9.520050598917004e-01      0.000000000000000e+00
    9.528849123665984e-01      0.000000000000000e+00
    9.537647648414965e-01      0.000000000000000e+00
    9.546446173163946e-01      0.000000000000000e+00
    9.555244697912927e-01      0.000000000000000e+00
    9.564043222661907e-01      0.000000000000000e+00
    9.572841747410887e-01      0.000000000000000e+00
    9.581640272159868e-01      0.000000000000000e+00
    9.590438796908849e-01      0.000000000000000e+00
    9.599237321657830e-01      0.000000000000000e+00
    9.608035846406809e-01      0.000000000000000e+00
    9.616834371155790e-01      0.000000000000000e+00
    9.625632895904771e-01      0.000000000000000e+00
    9.634431420653752e-01      0.000000000000000e+00
    9.643229945402733e-01      0.000000000000000e+00
    9.652028470151712e-01      0.000000000000000e+00
    9.660826994900693e-01      0.000000000000000e+00
    9.669625519649674e-01      0.000000000000000e+00
    9.678424044398655e-01      0.000000000000000e+00
    9.687222569147635e-01      0.000000000000000e+00
    9.696021093896615e-01      0.000000000000000e+00
    9.704819618645596e-01      0.000000000000000e+00
    9.713618143394577e-01      0.000000000000000e+00
    9.722416668143558e-01      0.000000000000000e+00
    9.731215192892538e-01      0.000000000000000e+00
    9.740013717641518e-01      0.000000000000000e+00
    9.748812242390499e-01      0.000000000000000e+00
    9.757610767139480e-01      0.000000000000000e+00
    9.766409291888460e-01      0.000000000000000e+00
    9.775207816637441e-01      0.000000000000000e+00
    9.784006341386421e-01      0.000000000000000e+00
    9.792804866135402e-01      0.000000000000000e+00
    9.801603390884382e-01      0.000000000000000e+00
    9.810401915633363e-01      0.000000000000000e+00
    9.819200440382344e-01      0.000000000000000e+00
    9.827998965131325e-01      0.000000000000000e+00
    9.836797489880305e-01      0.000000000000000e+00
    9.845596014629285e-01      0.000000000000000e+00
    9.854394539378266e-01      0.000000000000000e+00
    9.863193064127247e-01      0.000000000000000e+00
    9.871991588876228e-01      0.000000000000000e+00
    9.880790113625207e-01      0.000000000000000e+00
    9.889588638374188e-01      0.000000000000000e+00
    9.898387163123169e-01      0.000000000000000e+00
    9.907185687872150e-01      0.000000000000000e+00
    9.915984212621131e-01      3.852726002580916e+01
    9.924782737370110e-01      0.000000000000000e+00
    9.933581262119091e-01      0.000000000000000e+00
    9.942379786868072e-01      0.000000000000000e+00
    9.951178311617053e-01      0.000000000000000e+00
    9.959976836366033e-01      0.000000000000000e+00
    9.968775361115013e-01      0.000000000000000e+00
    9.977573885863994e-01      0.000000000000000e+00
    9.986372410612975e-01      0.000000000000000e+00
    9.995170935361956e-01      0.000000000000000e+00
    1.000396946011094e+00      0.000000000000000e+00
    1.001276798485992e+00      0.000000000000000e+00
    1.002156650960890e+00      0.000000000000000e+00
    1.003036503435788e+00      0.000000000000000e+00
    1.003916355910686e+00      0.000000000000000e+00
    1.004796208385584e+00      0.000000000000000e+00
    1.005676060860482e+00      0.000000000000000e+00
    1.006555913335380e+00      0.000000000000000e+00
    1.007435765810278e+00      0.000000000000000e+00
    1.008315618285176e+00      0.000000000000000e+00
    1.009195470760074e+00      0.000000000000000e+00
    1.010075323234972e+00      0.000000000000000e+00
    1.010955175709870e+00      0.000000000000000e+00
    1.011835028184768e+00      0.000000000000000e+00
    1.012714880659666e+00      0.000000000000000e+00
    1.013594733134564e+00      0.000000000000000e+00
    1.014474585609463e+00      0.000000000000000e+00
    1.015354438084361e+00      0.000000000000000e+00
    1.016234290559259e+00      0.000000000000000e+00
    1.017114143034157e+00      0.000000000000000e+00
    1.017993995509055e+00      0.000000000000000e+00
    1.018873847983953e+00      0.000000000000000e+00
    1.019753700458851e+00      0.000000000000000e+00
    1.020633552933749e+00      0.000000000000000e+00
    1.021513405408647e+00      0.000000000000000e+00
    1.022393257883545e+00      0.000000000000000e+00
    1.023273110358443e+00      0.000000000000000e+00
    1.024152962833341e+00      0.000000000000000e+00
    1.025032815308239e+00      0.000000000000000e+00
    1.025912667783137e+00      0.000000000000000e+00
    1.026792520258035e+00      0.000000000000000e+00
    1.027672372732933e+00      0.000000000000000e+00
    1.028552225207831e+00      0.000000000000000e+00
    1.029432077682729e+00      0.000000000000000e+00
    1.030311930157628e+00      0.000000000000000e+00
    1.031191782632526e+00      0.000000000000000e+00
    1.032071635107424e+00      0.000000000000000e+00
    1.032951487582322e+00      0.000000000000000e+00
    1.033831340057220e+00      0.000000000000000e+00
    1.034711192532118e+00      0.000000000000000e+00
    1.035591045007016e+00      0.000000000000000e+00
    1.036470897481914e+00      0.000000000000000e+00
    1.037350749956812e+00      0.000000000000000e+00
    1.038230602431710e+00      0.000000000000000e+00
    1.039110454906608e+00      0.000000000000000e+00
    1.039990307381506e+00      0.000000000000000e+00
    1.040870159856404e+00      0.000000000000000e+00
    1.041750012331302e+00      0.000000000000000e+00
    1.042629864806200e+00      0.000000000000000e+00
    1.043509717281098e+00      0.000000000000000e+00
    1.044389569755996e+00      0.000000000000000e+00
    1.045269422230894e+00      0.000000000000000e+00
    1.046149274705793e+00      0.000000000000000e+00
    1.047029127180691e+00      0.000000000000000e+00
    1.047908979655589e+00      0.000000000000000e+00
    1.048788832130487e+00      0.000000000000000e+00
    1.049668684605385e+00      0.000000000000000e+00
    1.050548537080283e+00      0.000000000000000e+00
    1.051428389555181e+00      0.000000000000000e+00
    1.052308242030079e+00      0.000000000000000e+00
    1.053188094504977e+00      0.000000000000000e+00
    1.054067946979875e+00      0.000000000000000e+00
    1.054947799454773e+00      0.000000000000000e+00
    1.055827651929671e+00      0.000000000000000e+00
    1.056707504404569e+00      0.000000000000000e+00
    1.057587356879467e+00      0.000000000000000e+00
    1.058467209354365e+00      0.000000000000000e+00
    1.059347061829263e+00      0.000000000000000e+00
    1.060226914304161e+00      0.000000000000000e+00
    1.061106766779059e+00      0.000000000000000e+00
    1.061986619253958e+00      0.000000000000000e+00
    1.062866471728856e+00      0.000000000000000e+00
    1.063746324203754e+00      0.000000000000000e+00
    1.064626176678652e+00      0.000000000000000e+00
    1.065506029153550e+00      0.000000000000000e+00
    1.066385881628448e+00      0.000000000000000e+00
    1.067265734103346e+00      0.000000000000000e+00
    1.068145586578244e+00      0.000000000000000e+00
    1.069025439053142e+00      0.000000000000000e+00
    1.069905291528040e+00      0.000000000000000e+00
    1.070785144002938e+00      0.000000000000000e+00
    1.071664996477836e+00      0.000000000000000e+00
    1.072544848952734e+00      0.000000000000000e+00
    1.073424701427632e+00      0.000000000000000e+00
    1.074304553902530e+00      0.000000000000000e+00
    1.075184406377429e+00      0.000000000000000e+00
    1.076064258852326e+00      0.000000000000000e+00
    1.076944111327224e+00      0.000000000000000e+00
    1.077823963802123e+00      0.000000000000000e+00
    1.078703816277021e+00      0.000000000000000e+00
    1.079583668751919e+00      0.000000000000000e+00
    1.080463521226817e+00      0.000000000000000e+00
    1.081343373701715e+00      0.000000000000000e+00
    1.082223226176613e+00      0.000000000000000e+00
    1.083103078651511e+00      0.000000000000000e+00
    1.083982931126409e+00      0.000000000000000e+00
    1.084862783601307e+00      0.000000000000000e+00
    1.085742636076205e+00      0.000000000000000e+00
    1.086622488551103e+00      0.000000000000000e+00
    1.087502341026001e+00      0.000000000000000e+00
    1.088382193500899e+00      0.000000000000000e+00
    1.089262045975797e+00      0.000000000000000e+00
    1.090141898450695e+00      0.000000000000000e+00
    1.091021750925594e+00      0.000000000000000e+00
    1.091901603400492e+00      0.000000000000000e+00
    1.092781455875390e+00      0.000000000000000e+00
    1.093661308350288e+00      0.000000000000000e+00
    1.094541160825186e+00      0.000000000000000e+00
    1.095421013300084e+00      0.000000000000000e+00
    1.096300865774982e+00      0.000000000000000e+00
    1.097180718249880e+00      0.000000000000000e+00
    1.098060570724778e+00      0.000000000000000e+00
    1.098940423199676e+00      0.000000000000000e+00
    1.099820275674574e+00      0.000000000000000e+00
    1.100700128149472e+00      0.000000000000000e+00
    1.101579980624370e+00      0.000000000000000e+00
    1.102459833099268e+00      0.000000000000000e+00
    1.103339685574166e+00      0.000000000000000e+00
    1.104219538049064e+00      0.000000000000000e+00
    1.105099390523963e+00      0.000000000000000e+00
    1.105979242998861e+00      0.000000000000000e+00
    1.106859095473758e+00      1.926363001290215e+01
    1.107738947948657e+00      0.000000000000000e+00
    1.108618800423555e+00      0.000000000000000e+00
    1.109498652898453e+00      0.000000000000000e+00
    1.110378505373351e+00      0.000000000000000e+00
    1.111258357848249e+00      0.000000000000000e+00
    1.112138210323147e+00      0.000000000000000e+00
    1.113018062798045e+00      0.000000000000000e+00
    1.113897915272943e+00      0.000000000000000e+00
    1.114777767747841e+00      0.000000000000000e+00
    1.115657620222739e+00      0.000000000000000e+00
    1.116537472697637e+00      0.000000000000000e+00
    1.117417325172535e+00      0.000000000000000e+00
    1.118297177647433e+00      0.000000000000000e+00
    1.119177030122331e+00      0.000000000000000e+00
    1.120056882597229e+00      0.000000000000000e+00
    1.120936735072128e+00      0.000000000000000e+00
    1.121816587547026e+00      0.000000000000000e+00
    1.122696440021924e+00      0.000000000000000e+00
    1.123576292496822e+00      0.000000000000000e+00
    1.124456144971720e+00      0.000000000000000e+00
    1.125335997446618e+00      0.000000000000000e+00
    1.126215849921516e+00      0.000000000000000e+00
    1.127095702396414e+00      0.000000000000000e+00
    1.127975554871312e+00      0.000000000000000e+00
    1.128855407346210e+00      0.000000000000000e+00
    1.129735259821108e+00      0.000000000000000e+00
    1.130615112296006e+00      0.000000000000000e+00
    1.131494964770904e+00      0.000000000000000e+00
    1.132374817245802e+00      0.000000000000000e+00
    1.133254669720700e+00      0.000000000000000e+00
    1.134134522195598e+00      0.000000000000000e+00
    1.135014374670496e+00      0.000000000000000e+00
    1.135894227145394e+00      0.000000000000000e+00
    1.136774079620293e+00      0.000000000000000e+00
    1.137653932095191e+00      0.000000000000000e+00
    1.138533784570089e+00      0.000000000000000e+00
    1.139413637044987e+00      0.000000000000000e+00
    1.140293489519885e+00      0.000000000000000e+00
    1.141173341994783e+00      0.000000000000000e+00
    1.142053194469681e+00      0.000000000000000e+00
    1.142933046944579e+00      0.000000000000000e+00
    1.143812899419477e+00      0.000000000000000e+00
    1.144692751894375e+00      0.000000000000000e+00
    1.145572604369273e+00      0.000000000000000e+00
    1.146452456844171e+00      0.000000000000000e+00
    1.147332309319069e+00      0.000000000000000e+00
    1.148212161793967e+00      0.000000000000000e+00
    1.149092014268865e+00      0.000000000000000e+00
    1.149971866743763e+00      0.000000000000000e+00
    1.150851719218661e+00      0.000000000000000e+00
    1.151731571693559e+00      0.000000000000000e+00
    1.152611424168458e+00      0.000000000000000e+00
    1.153491276643356e+00      0.000000000000000e+00
    1.154371129118254e+00      0.000000000000000e+00
    1.155250981593152e+00      0.000000000000000e+00
    1.156130834068050e+00      0.000000000000000e+00
    1.157010686542948e+00      0.000000000000000e+00
    1.157890539017846e+00      0.000000000000000e+00
    1.158770391492744e+00      0.000000000000000e+00
    1.159650243967642e+00      0.000000000000000e+00
    1.160530096442540e+00      0.000000000000000e+00
    1.161409948917438e+00      0.000000000000000e+00
    1.162289801392336e+00      0.000000000000000e+00
    1.163169653867234e+00      0.000000000000000e+00
    1.164049506342132e+00      0.000000000000000e+00
    1.164929358817030e+00      0.000000000000000e+00
    1.165809211291928e+00      0.000000000000000e+00
    1.166689063766826e+00      0.000000000000000e+00
    1.167568916241724e+00      0.000000000000000e+00
    1.168448768716623e+00      0.000000000000000e+00
    1.169328621191521e+00      0.000000000000000e+00
    1.170208473666419e+00      0.000000000000000e+00
    1.171088326141317e+00      0.000000000000000e+00
    1.171968178616215e+00      0.000000000000000e+00
    1.172848031091113e+00      0.000000000000000e+00
    1.173727883566011e+00      0.000000000000000e+00
    1.174607736040909e+00      0.000000000000000e+00
    1.175487588515807e+00      0.000000000000000e+00
    1.176367440990705e+00      0.000000000000000e+00
    1.177247293465603e+00      0.000000000000000e+00
    1.178127145940501e+00      0.000000000000000e+00
    1.179006998415399e+00      0.000000000000000e+00
    1.179886850890297e+00      0.000000000000000e+00
    1.180766703365195e+00      0.000000000000000e+00
    1.181646555840093e+00      0.000000000000000e+00
    1.182526408314991e+00      0.000000000000000e+00
    1.183406260789889e+00      0.000000000000000e+00
    1.184286113264787e+00      0.000000000000000e+00
    1.185165965739686e+00      0.000000000000000e+00
    1.186045818214584e+00      0.000000000000000e+00
    1.186925670689482e+00      0.000000000000000e+00
    1.187805523164380e+00      0.000000000000000e+00
    1.188685375639278e+00      0.000000000000000e+00
    1.189565228114176e+00      0.000000000000000e+00
    1.190445080589074e+00      0.000000000000000e+00
    1.191324933063972e+00      0.000000000000000e+00
    1.192204785538870e+00      0.000000000000000e+00
    1.193084638013768e+00      0.000000000000000e+00
    1.193964490488666e+00      0.000000000000000e+00
    1.194844342963564e+00      0.000000000000000e+00
    1.195724195438462e+00      0.000000000000000e+00
    1.196604047913360e+00      0.000000000000000e+00
    1.197483900388258e+00      0.000000000000000e+00
    1.198363752863157e+00      0.000000000000000e+00
    1.199243605338054e+00      0.000000000000000e+00
    1.200123457812952e+00      0.000000000000000e+00
    1.201003310287851e+00      0.000000000000000e+00
    1.201883162762749e+00      0.000000000000000e+00
    1.202763015237647e+00      0.000000000000000e+00
    1.203642867712545e+00      0.000000000000000e+00
    1.204522720187443e+00      0.000000000000000e+00
    1.205402572662341e+00      0.000000000000000e+00
    1.206282425137239e+00      0.000000000000000e+00
    1.207162277612137e+00      0.000000000000000e+00
    1.208042130087035e+00      0.000000000000000e+00
    1.208921982561933e+00      0.000000000000000e+00
    1.209801835036831e+00      0.000000000000000e+00
    1.210681687511729e+00      0.000000000000000e+00
    1.211561539986628e+00      0.000000000000000e+00
    1.212441392461526e+00      0.000000000000000e+00
    1.213321244936423e+00      0.000000000000000e+00
    1.214201097411322e+00      0.000000000000000e+00
    1.215080949886220e+00      0.000000000000000e+00
    1.215960802361118e+00      0.000000000000000e+00
    1.216840654836016e+00      0.000000000000000e+00
    1.217720507310914e+00      0.000000000000000e+00
    1.218600359785812e+00      0.000000000000000e+00
    1.219480212260710e+00      0.000000000000000e+00
    1.220360064735608e+00      0.000000000000000e+00
    1.221239917210506e+00      0.000000000000000e+00
    1.222119769685404e+00      0.000000000000000e+00
    1.222999622160302e+00      0.000000000000000e+00
    1.223879474635200e+00      0.000000000000000e+00
    1.224759327110098e+00      1.926363001290215e+01
    1.225639179584996e+00      0.000000000000000e+00
    1.226519032059894e+00      3.852726002580430e+01
    1.227398884534793e+00      0.000000000000000e+00
    1.228278737009691e+00      0.000000000000000e+00
    1.229158589484589e+00      1.926363001290215e+01
    1.230038441959487e+00      0.000000000000000e+00
    1.230918294434385e+00      0.000000000000000e+00
    1.231798146909283e+00      5.779089003870644e+01
    1.232677999384181e+00      1.926363001290215e+01
    1.233557851859079e+00      0.000000000000000e+00
    1.234437704333977e+00      3.852726002581402e+01
    1.235317556808875e+00      1.926363001290215e+01
    1.236197409283773e+00      5.779089003870644e+01
    1.237077261758671e+00      0.000000000000000e+00
    1.237957114233569e+00      1.926363001290215e+01
    1.238836966708467e+00      3.852726002580430e+01
    1.239716819183365e+00      1.926363001290215e+01
    1.240596671658263e+00      0.000000000000000e+00
    1.241476524133161e+00      1.926363001290215e+01
    1.242356376608059e+00      0.000000000000000e+00
    1.243236229082958e+00      0.000000000000000e+00
    1.244116081557856e+00      1.926363001290215e+01
    1.244995934032754e+00      0.000000000000000e+00
    1.245875786507652e+00      3.852726002580430e+01
    1.246755638982550e+00      0.000000000000000e+00
    1.247635491457448e+00      0.000000000000000e+00
    1.248515343932346e+00      1.926363001290215e+01
    1.249395196407244e+00      0.000000000000000e+00
    1.250275048882142e+00      0.000000000000000e+00
    1.251154901357040e+00      5.779089003870644e+01
    1.252034753831938e+00      0.000000000000000e+00
    1.252914606306836e+00      0.000000000000000e+00
    1.253794458781734e+00      1.926363001290215e+01
    1.254674311256632e+00      0.000000000000000e+00
    1.255554163731530e+00      7.705452005160859e+01
    1.256434016206428e+00      0.000000000000000e+00
    1.257313868681326e+00      1.926363001290215e+01
    1.258193721156224e+00      3.852726002580430e+01
    1.259073573631122e+00      0.000000000000000e+00
    1.259953426106021e+00      1.926363001290215e+01
    1.260833278580919e+00      0.000000000000000e+00
    1.261713131055817e+00      0.000000000000000e+00
    1.262592983530715e+00      0.000000000000000e+00
    1.263472836005613e+00      1.926363001290215e+01
    1.264352688480511e+00      0.000000000000000e+00
    1.265232540955409e+00      3.852726002581402e+01
    1.266112393430307e+00      0.000000000000000e+00
    1.266992245905205e+00      0.000000000000000e+00
    1.267872098380103e+00      1.926363001290215e+01
    1.268751950855001e+00      0.000000000000000e+00
    1.269631803329899e+00      0.000000000000000e+00
    1.270511655804797e+00      3.852726002580430e+01
    1.271391508279695e+00      0.000000000000000e+00
    1.272271360754593e+00      0.000000000000000e+00
    1.273151213229491e+00      0.000000000000000e+00
    1.274031065704389e+00      0.000000000000000e+00
    1.274910918179287e+00      1.926363001290215e+01
    1.275790770654186e+00      0.000000000000000e+00
    1.276670623129084e+00      0.000000000000000e+00
    1.277550475603982e+00      0.000000000000000e+00
    1.278430328078880e+00      0.000000000000000e+00
    1.279310180553778e+00      0.000000000000000e+00
    1.280190033028676e+00      5.779089003870644e+01
    1.281069885503574e+00      0.000000000000000e+00
    1.281949737978472e+00      0.000000000000000e+00
    1.282829590453370e+00      0.000000000000000e+00
    1.283709442928268e+00      0.000000000000000e+00
    1.284589295403166e+00      1.926363001290215e+01
    1.285469147878064e+00      0.000000000000000e+00
    1.286349000352962e+00      0.000000000000000e+00
    1.287228852827860e+00      0.000000000000000e+00
    1.288108705302758e+00      0.000000000000000e+00
    1.288988557777656e+00      0.000000000000000e+00
    1.289868410252554e+00      3.852726002580430e+01
    1.290748262727452e+00      0.000000000000000e+00
    1.291628115202351e+00      0.000000000000000e+00
    1.292507967677249e+00      0.000000000000000e+00
    1.293387820152147e+00      0.000000000000000e+00
    1.294267672627045e+00      1.926363001290215e+01
