                     bin:                     prob.:
    1.094990634446829e+00      2.696774592319894e+00
    1.101275606350170e+00      0.000000000000000e+00
    1.107560578253510e+00      0.000000000000000e+00
    1.113845550156851e+00      0.000000000000000e+00
    1.120130522060191e+00      0.000000000000000e+00
    1.126415493963532e+00      0.000000000000000e+00
    1.132700465866872e+00      0.000000000000000e+00
    1.138985437770213e+00      0.000000000000000e+00
    1.145270409673553e+00      0.000000000000000e+00
    1.151555381576894e+00      0.000000000000000e+00
    1.157840353480234e+00      0.000000000000000e+00
    1.164125325383575e+00      0.000000000000000e+00
    1.170410297286915e+00      0.000000000000000e+00
    1.176695269190255e+00      0.000000000000000e+00
    1.182980241093596e+00      0.000000000000000e+00
    1.189265212996937e+00      5.393549184639789e+00
    1.195550184900277e+00      0.000000000000000e+00
    1.201835156803617e+00      0.000000000000000e+00
    1.208120128706958e+00      0.000000000000000e+00
    1.214405100610298e+00      0.000000000000000e+00
    1.220690072513639e+00      0.000000000000000e+00
    1.226975044416979e+00      0.000000000000000e+00
    1.233260016320320e+00      0.000000000000000e+00
    1.239544988223660e+00      0.000000000000000e+00
    1.245829960127001e+00      0.000000000000000e+00
    1.252114932030342e+00      0.000000000000000e+00
    1.258399903933682e+00      0.000000000000000e+00
    1.264684875837022e+00      0.000000000000000e+00
    1.270969847740363e+00      0.000000000000000e+00
    1.277254819643703e+00      0.000000000000000e+00
    1.283539791547044e+00      2.696774592319894e+00
    1.289824763450384e+00      0.000000000000000e+00
    1.296109735353725e+00      0.000000000000000e+00
    1.302394707257065e+00      0.000000000000000e+00
    1.308679679160406e+00      0.000000000000000e+00
    1.314964651063746e+00      0.000000000000000e+00
    1.321249622967087e+00      0.000000000000000e+00
    1.327534594870427e+00      0.000000000000000e+00
    1.333819566773768e+00      0.000000000000000e+00
    1.340104538677108e+00      0.000000000000000e+00
    1.346389510580449e+00      0.000000000000000e+00
    1.352674482483789e+00      0.000000000000000e+00
    1.358959454387130e+00      0.000000000000000e+00
    1.365244426290470e+00      0.000000000000000e+00
    1.371529398193811e+00      0.000000000000000e+00
    1.377814370097151e+00      8.090323776959398e+00
    1.384099342000492e+00      0.000000000000000e+00
    1.390384313903832e+00      0.000000000000000e+00
    1.396669285807173e+00      0.000000000000000e+00
    1.402954257710513e+00      0.000000000000000e+00
    1.409239229613854e+00      0.000000000000000e+00
    1.415524201517194e+00      0.000000000000000e+00
    1.421809173420534e+00      0.000000000000000e+00
    1.428094145323875e+00      0.000000000000000e+00
    1.434379117227216e+00      0.000000000000000e+00
    1.440664089130556e+00      0.000000000000000e+00
    1.446949061033897e+00      0.000000000000000e+00
    1.453234032937237e+00      0.000000000000000e+00
    1.459519004840578e+00      0.000000000000000e+00
    1.465803976743918e+00      0.000000000000000e+00
    1.472088948647258e+00      2.696774592319799e+00
    1.478373920550599e+00      0.000000000000000e+00
    1.484658892453939e+00      0.000000000000000e+00
    1.490943864357280e+00      0.000000000000000e+00
    1.497228836260621e+00      0.000000000000000e+00
    1.503513808163961e+00      0.000000000000000e+00
    1.509798780067301e+00      0.000000000000000e+00
    1.516083751970642e+00      0.000000000000000e+00
    1.522368723873982e+00      0.000000000000000e+00
    1.528653695777323e+00      0.000000000000000e+00
    1.534938667680663e+00      0.000000000000000e+00
    1.541223639584004e+00      0.000000000000000e+00
    1.547508611487344e+00      0.000000000000000e+00
    1.553793583390685e+00      0.000000000000000e+00
    1.560078555294025e+00      0.000000000000000e+00
    1.566363527197366e+00      5.393549184639789e+00
    1.572648499100706e+00      0.000000000000000e+00
    1.578933471004047e+00      0.000000000000000e+00
    1.585218442907387e+00      0.000000000000000e+00
    1.591503414810728e+00      0.000000000000000e+00
    1.597788386714068e+00      0.000000000000000e+00
    1.604073358617409e+00      0.000000000000000e+00
    1.610358330520749e+00      0.000000000000000e+00
    1.616643302424090e+00      0.000000000000000e+00
    1.622928274327430e+00      0.000000000000000e+00
    1.629213246230771e+00      0.000000000000000e+00
    1.635498218134111e+00      0.000000000000000e+00
    1.641783190037452e+00      0.000000000000000e+00
    1.648068161940792e+00      0.000000000000000e+00
    1.654353133844133e+00      0.000000000000000e+00
    1.660638105747473e+00      2.696774592319894e+00
    1.666923077650813e+00      0.000000000000000e+00
    1.673208049554154e+00      0.000000000000000e+00
    1.679493021457495e+00      0.000000000000000e+00
    1.685777993360835e+00      0.000000000000000e+00
    1.692062965264176e+00      0.000000000000000e+00
    1.698347937167516e+00      0.000000000000000e+00
    1.704632909070857e+00      0.000000000000000e+00
    1.710917880974197e+00      0.000000000000000e+00
    1.717202852877537e+00      0.000000000000000e+00
    1.723487824780878e+00      0.000000000000000e+00
    1.729772796684218e+00      0.000000000000000e+00
    1.736057768587559e+00      0.000000000000000e+00
    1.742342740490900e+00      0.000000000000000e+00
    1.748627712394240e+00      0.000000000000000e+00
    1.754912684297580e+00      0.000000000000000e+00
    1.761197656200921e+00      0.000000000000000e+00
    1.767482628104261e+00      0.000000000000000e+00
    1.773767600007602e+00      0.000000000000000e+00
    1.780052571910942e+00      2.696774592319799e+00
    1.786337543814283e+00      0.000000000000000e+00
    1.792622515717623e+00      0.000000000000000e+00
    1.798907487620964e+00      0.000000000000000e+00
    1.805192459524304e+00      5.393549184639789e+00
    1.811477431427645e+00      0.000000000000000e+00
    1.817762403330985e+00      0.000000000000000e+00
    1.824047375234326e+00      0.000000000000000e+00
    1.830332347137666e+00      2.696774592319799e+00
    1.836617319041007e+00      0.000000000000000e+00
    1.842902290944347e+00      0.000000000000000e+00
    1.849187262847688e+00      5.393549184639789e+00
    1.855472234751028e+00      0.000000000000000e+00
    1.861757206654369e+00      0.000000000000000e+00
    1.868042178557709e+00      0.000000000000000e+00
    1.874327150461050e+00      2.696774592319894e+00
    1.880612122364390e+00      0.000000000000000e+00
    1.886897094267731e+00      0.000000000000000e+00
    1.893182066171071e+00      0.000000000000000e+00
    1.899467038074412e+00      5.393549184639789e+00
    1.905752009977752e+00      0.000000000000000e+00
    1.912036981881093e+00      0.000000000000000e+00
    1.918321953784433e+00      0.000000000000000e+00
    1.924606925687774e+00      2.696774592319799e+00
    1.930891897591114e+00      0.000000000000000e+00
    1.937176869494455e+00      0.000000000000000e+00
    1.943461841397795e+00      0.000000000000000e+00
    1.949746813301136e+00      8.090323776959684e+00
    1.956031785204476e+00      0.000000000000000e+00
    1.962316757107816e+00      0.000000000000000e+00
    1.968601729011157e+00      2.696774592319894e+00
    1.974886700914497e+00      0.000000000000000e+00
    1.981171672817838e+00      0.000000000000000e+00
    1.987456644721179e+00      0.000000000000000e+00
    1.993741616624519e+00      5.393549184639789e+00
    2.000026588527859e+00      0.000000000000000e+00
    2.006311560431200e+00      0.000000000000000e+00
    2.012596532334540e+00      0.000000000000000e+00
    2.018881504237881e+00      2.696774592320085e+00
    2.025166476141221e+00      0.000000000000000e+00
    2.031451448044562e+00      0.000000000000000e+00
    2.037736419947902e+00      0.000000000000000e+00
    2.044021391851243e+00      8.090323776959684e+00
    2.050306363754583e+00      0.000000000000000e+00
    2.056591335657924e+00      0.000000000000000e+00
    2.062876307561264e+00      2.696774592319894e+00
    2.069161279464605e+00      0.000000000000000e+00
    2.075446251367945e+00      0.000000000000000e+00
    2.081731223271286e+00      0.000000000000000e+00
    2.088016195174626e+00      5.393549184639789e+00
    2.094301167077967e+00      0.000000000000000e+00
    2.100586138981307e+00      2.696774592319704e+00
    2.106871110884648e+00      0.000000000000000e+00
    2.113156082787988e+00      5.393549184639408e+00
    2.119441054691329e+00      0.000000000000000e+00
    2.125726026594669e+00      2.696774592319704e+00
    2.132010998498010e+00      0.000000000000000e+00
    2.138295970401350e+00      2.696774592319894e+00
    2.144580942304691e+00      0.000000000000000e+00
    2.150865914208031e+00      0.000000000000000e+00
    2.157150886111372e+00      0.000000000000000e+00
    2.163435858014712e+00      2.696774592320085e+00
    2.169720829918052e+00      0.000000000000000e+00
    2.176005801821393e+00      0.000000000000000e+00
    2.182290773724734e+00      5.393549184639789e+00
    2.188575745628074e+00      0.000000000000000e+00
    2.194860717531415e+00      0.000000000000000e+00
    2.201145689434755e+00      0.000000000000000e+00
    2.207430661338096e+00      2.696774592320085e+00
    2.213715633241436e+00      0.000000000000000e+00
    2.220000605144777e+00      0.000000000000000e+00
    2.226285577048117e+00      0.000000000000000e+00
    2.232570548951458e+00      8.090323776959684e+00
    2.238855520854798e+00      0.000000000000000e+00
    2.245140492758138e+00      0.000000000000000e+00
    2.251425464661479e+00      0.000000000000000e+00
    2.257710436564819e+00      0.000000000000000e+00
    2.263995408468160e+00      0.000000000000000e+00
    2.270280380371500e+00      0.000000000000000e+00
    2.276565352274841e+00      2.696774592319894e+00
    2.282850324178181e+00      0.000000000000000e+00
    2.289135296081522e+00      0.000000000000000e+00
    2.295420267984862e+00      0.000000000000000e+00
    2.301705239888203e+00      0.000000000000000e+00
    2.307990211791544e+00      0.000000000000000e+00
    2.314275183694884e+00      0.000000000000000e+00
    2.320560155598224e+00      0.000000000000000e+00
    2.326845127501565e+00      1.078709836927958e+01
    2.333130099404905e+00      0.000000000000000e+00
    2.339415071308246e+00      0.000000000000000e+00
    2.345700043211586e+00      0.000000000000000e+00
    2.351985015114927e+00      0.000000000000000e+00
    2.358269987018267e+00      0.000000000000000e+00
    2.364554958921608e+00      0.000000000000000e+00
    2.370839930824948e+00      0.000000000000000e+00
    2.377124902728289e+00      2.696774592319894e+00
    2.383409874631629e+00      0.000000000000000e+00
    2.389694846534970e+00      0.000000000000000e+00
    2.395979818438310e+00      0.000000000000000e+00
    2.402264790341651e+00      0.000000000000000e+00
    2.408549762244991e+00      0.000000000000000e+00
    2.414834734148331e+00      0.000000000000000e+00
    2.421119706051672e+00      5.393549184639789e+00
    2.427404677955013e+00      0.000000000000000e+00
    2.433689649858353e+00      0.000000000000000e+00
    2.439974621761694e+00      0.000000000000000e+00
    2.446259593665034e+00      0.000000000000000e+00
    2.452544565568375e+00      0.000000000000000e+00
    2.458829537471715e+00      0.000000000000000e+00
    2.465114509375056e+00      0.000000000000000e+00
    2.471399481278396e+00      2.696774592319704e+00
    2.477684453181737e+00      0.000000000000000e+00
    2.483969425085077e+00      0.000000000000000e+00
    2.490254396988417e+00      0.000000000000000e+00
    2.496539368891758e+00      0.000000000000000e+00
    2.502824340795098e+00      0.000000000000000e+00
    2.509109312698439e+00      0.000000000000000e+00
    2.515394284601779e+00      0.000000000000000e+00
    2.521679256505120e+00      0.000000000000000e+00
    2.527964228408460e+00      0.000000000000000e+00
    2.534249200311801e+00      0.000000000000000e+00
    2.540534172215141e+00      0.000000000000000e+00
    2.546819144118482e+00      0.000000000000000e+00
    2.553104116021823e+00      0.000000000000000e+00
    2.559389087925163e+00      0.000000000000000e+00
    2.565674059828503e+00      0.000000000000000e+00
    2.571959031731844e+00      0.000000000000000e+00
    2.578244003635184e+00      0.000000000000000e+00
    2.584528975538525e+00      0.000000000000000e+00
    2.590813947441865e+00      0.000000000000000e+00
    2.597098919345206e+00      0.000000000000000e+00
    2.603383891248546e+00      0.000000000000000e+00
    2.609668863151887e+00      0.000000000000000e+00
    2.615953835055227e+00      0.000000000000000e+00
    2.622238806958568e+00      0.000000000000000e+00
    2.628523778861908e+00      0.000000000000000e+00
    2.634808750765249e+00      0.000000000000000e+00
    2.641093722668589e+00      0.000000000000000e+00
    2.647378694571930e+00      0.000000000000000e+00
    2.653663666475270e+00      0.000000000000000e+00
    2.659948638378610e+00      0.000000000000000e+00
    2.666233610281951e+00      0.000000000000000e+00
    2.672518582185292e+00      0.000000000000000e+00
    2.678803554088632e+00      0.000000000000000e+00
    2.685088525991973e+00      0.000000000000000e+00
    2.691373497895313e+00      0.000000000000000e+00
    2.697658469798654e+00      0.000000000000000e+00
    2.703943441701994e+00      0.000000000000000e+00
    2.710228413605335e+00      0.000000000000000e+00
    2.716513385508675e+00      0.000000000000000e+00
    2.722798357412016e+00      0.000000000000000e+00
    2.729083329315356e+00      0.000000000000000e+00
    2.735368301218696e+00      0.000000000000000e+00
    2.741653273122037e+00      0.000000000000000e+00
    2.747938245025377e+00      0.000000000000000e+00
    2.754223216928718e+00      0.000000000000000e+00
    2.760508188832058e+00      0.000000000000000e+00
    2.766793160735399e+00      0.000000000000000e+00
    2.773078132638739e+00      0.000000000000000e+00
    2.779363104542080e+00      0.000000000000000e+00
    2.785648076445420e+00      0.000000000000000e+00
    2.791933048348761e+00      0.000000000000000e+00
    2.798218020252102e+00      0.000000000000000e+00
    2.804502992155442e+00      0.000000000000000e+00
    2.810787964058783e+00      0.000000000000000e+00
    2.817072935962123e+00      0.000000000000000e+00
    2.823357907865463e+00      0.000000000000000e+00
    2.829642879768804e+00      0.000000000000000e+00
    2.835927851672144e+00      0.000000000000000e+00
    2.842212823575485e+00      0.000000000000000e+00
    2.848497795478825e+00      0.000000000000000e+00
    2.854782767382166e+00      0.000000000000000e+00
    2.861067739285506e+00      0.000000000000000e+00
    2.867352711188847e+00      0.000000000000000e+00
    2.873637683092187e+00      0.000000000000000e+00
    2.879922654995528e+00      0.000000000000000e+00
    2.886207626898868e+00      0.000000000000000e+00
    2.892492598802209e+00      0.000000000000000e+00
    2.898777570705549e+00      0.000000000000000e+00
    2.905062542608889e+00      0.000000000000000e+00
    2.911347514512230e+00      0.000000000000000e+00
    2.917632486415571e+00      0.000000000000000e+00
    2.923917458318911e+00      0.000000000000000e+00
    2.930202430222252e+00      0.000000000000000e+00
    2.936487402125592e+00      0.000000000000000e+00
    2.942772374028933e+00      0.000000000000000e+00
    2.949057345932273e+00      0.000000000000000e+00
    2.955342317835614e+00      0.000000000000000e+00
    2.961627289738954e+00      0.000000000000000e+00
    2.967912261642295e+00      0.000000000000000e+00
    2.974197233545635e+00      0.000000000000000e+00
    2.980482205448975e+00      0.000000000000000e+00
    2.986767177352316e+00      0.000000000000000e+00
    2.993052149255656e+00      0.000000000000000e+00
    2.999337121158997e+00      0.000000000000000e+00
    3.005622093062337e+00      0.000000000000000e+00
    3.011907064965678e+00      0.000000000000000e+00
    3.018192036869018e+00      0.000000000000000e+00
    3.024477008772359e+00      0.000000000000000e+00
    3.030761980675699e+00      0.000000000000000e+00
    3.037046952579040e+00      0.000000000000000e+00
    3.043331924482381e+00      0.000000000000000e+00
    3.049616896385721e+00      0.000000000000000e+00
    3.055901868289062e+00      0.000000000000000e+00
    3.062186840192402e+00      0.000000000000000e+00
    3.068471812095742e+00      0.000000000000000e+00
    3.074756783999083e+00      0.000000000000000e+00
    3.081041755902423e+00      0.000000000000000e+00
    3.087326727805764e+00      0.000000000000000e+00
    3.093611699709104e+00      0.000000000000000e+00
    3.099896671612445e+00      0.000000000000000e+00
    3.106181643515785e+00      0.000000000000000e+00
    3.112466615419126e+00      0.000000000000000e+00
    3.118751587322467e+00      0.000000000000000e+00
    3.125036559225807e+00      0.000000000000000e+00
    3.131321531129148e+00      0.000000000000000e+00
    3.137606503032488e+00      0.000000000000000e+00
    3.143891474935828e+00      0.000000000000000e+00
    3.150176446839168e+00      0.000000000000000e+00
    3.156461418742509e+00      0.000000000000000e+00
    3.162746390645849e+00      0.000000000000000e+00
    3.169031362549190e+00      0.000000000000000e+00
    3.175316334452531e+00      0.000000000000000e+00
    3.181601306355871e+00      0.000000000000000e+00
    3.187886278259212e+00      0.000000000000000e+00
    3.194171250162552e+00      0.000000000000000e+00
    3.200456222065893e+00      0.000000000000000e+00
    3.206741193969233e+00      0.000000000000000e+00
    3.213026165872574e+00      0.000000000000000e+00
    3.219311137775914e+00      0.000000000000000e+00
    3.225596109679254e+00      0.000000000000000e+00
    3.231881081582595e+00      0.000000000000000e+00
    3.238166053485935e+00      0.000000000000000e+00
    3.244451025389276e+00      0.000000000000000e+00
    3.250735997292616e+00      0.000000000000000e+00
    3.257020969195957e+00      0.000000000000000e+00
    3.263305941099297e+00      0.000000000000000e+00
    3.269590913002638e+00      0.000000000000000e+00
    3.275875884905979e+00      0.000000000000000e+00
    3.282160856809319e+00      0.000000000000000e+00
    3.288445828712660e+00      0.000000000000000e+00
    3.294730800616000e+00      0.000000000000000e+00
    3.301015772519341e+00      0.000000000000000e+00
    3.307300744422681e+00      0.000000000000000e+00
    3.313585716326021e+00      0.000000000000000e+00
    3.319870688229362e+00      0.000000000000000e+00
    3.326155660132702e+00      0.000000000000000e+00
    3.332440632036043e+00      0.000000000000000e+00
    3.338725603939383e+00      0.000000000000000e+00
    3.345010575842724e+00      0.000000000000000e+00
    3.351295547746064e+00      0.000000000000000e+00
    3.357580519649405e+00      0.000000000000000e+00
    3.363865491552746e+00      0.000000000000000e+00
    3.370150463456086e+00      0.000000000000000e+00
    3.376435435359427e+00      0.000000000000000e+00
    3.382720407262767e+00      0.000000000000000e+00
    3.389005379166107e+00      0.000000000000000e+00
    3.395290351069447e+00      0.000000000000000e+00
    3.401575322972788e+00      0.000000000000000e+00
    3.407860294876128e+00      0.000000000000000e+00
    3.414145266779469e+00      0.000000000000000e+00
    3.420430238682810e+00      0.000000000000000e+00
    3.426715210586150e+00      0.000000000000000e+00
    3.433000182489491e+00      0.000000000000000e+00
    3.439285154392831e+00      0.000000000000000e+00
    3.445570126296172e+00      0.000000000000000e+00
    3.451855098199512e+00      0.000000000000000e+00
    3.458140070102853e+00      0.000000000000000e+00
    3.464425042006194e+00      0.000000000000000e+00
    3.470710013909533e+00      0.000000000000000e+00
    3.476994985812874e+00      0.000000000000000e+00
    3.483279957716214e+00      0.000000000000000e+00
    3.489564929619555e+00      0.000000000000000e+00
    3.495849901522895e+00      0.000000000000000e+00
    3.502134873426236e+00      0.000000000000000e+00
    3.508419845329577e+00      0.000000000000000e+00
    3.514704817232917e+00      0.000000000000000e+00
    3.520989789136258e+00      0.000000000000000e+00
    3.527274761039598e+00      0.000000000000000e+00
    3.533559732942939e+00      0.000000000000000e+00
    3.539844704846279e+00      0.000000000000000e+00
    3.546129676749620e+00      0.000000000000000e+00
    3.552414648652960e+00      0.000000000000000e+00
    3.558699620556300e+00      0.000000000000000e+00
    3.564984592459641e+00      0.000000000000000e+00
    3.571269564362981e+00      0.000000000000000e+00
    3.577554536266322e+00      0.000000000000000e+00
    3.583839508169662e+00      0.000000000000000e+00
    3.590124480073003e+00      0.000000000000000e+00
    3.596409451976343e+00      0.000000000000000e+00
    3.602694423879684e+00      0.000000000000000e+00
    3.608979395783025e+00      0.000000000000000e+00
    3.615264367686365e+00      0.000000000000000e+00
    3.621549339589706e+00      0.000000000000000e+00
    3.627834311493046e+00      0.000000000000000e+00
    3.634119283396386e+00      0.000000000000000e+00
    3.640404255299726e+00      0.000000000000000e+00
    3.646689227203067e+00      0.000000000000000e+00
    3.652974199106407e+00      0.000000000000000e+00
    3.659259171009748e+00      0.000000000000000e+00
    3.665544142913089e+00      0.000000000000000e+00
    3.671829114816429e+00      0.000000000000000e+00
    3.678114086719770e+00      0.000000000000000e+00
    3.684399058623110e+00      0.000000000000000e+00
    3.690684030526451e+00      0.000000000000000e+00
    3.696969002429791e+00      0.000000000000000e+00
    3.703253974333132e+00      0.000000000000000e+00
    3.709538946236473e+00      0.000000000000000e+00
    3.715823918139812e+00      0.000000000000000e+00
    3.722108890043153e+00      0.000000000000000e+00
    3.728393861946493e+00      0.000000000000000e+00
    3.734678833849834e+00      0.000000000000000e+00
    3.740963805753174e+00      0.000000000000000e+00
    3.747248777656515e+00      0.000000000000000e+00
    3.753533749559856e+00      0.000000000000000e+00
    3.759818721463196e+00      0.000000000000000e+00
    3.766103693366537e+00      0.000000000000000e+00
    3.772388665269877e+00      0.000000000000000e+00
    3.778673637173218e+00      0.000000000000000e+00
    3.784958609076558e+00      0.000000000000000e+00
    3.791243580979899e+00      0.000000000000000e+00
    3.797528552883239e+00      0.000000000000000e+00
    3.803813524786579e+00      0.000000000000000e+00
    3.810098496689920e+00      0.000000000000000e+00
    3.816383468593260e+00      0.000000000000000e+00
    3.822668440496601e+00      0.000000000000000e+00
    3.828953412399941e+00      0.000000000000000e+00
    3.835238384303282e+00      0.000000000000000e+00
    3.841523356206622e+00      0.000000000000000e+00
    3.847808328109963e+00      0.000000000000000e+00
    3.854093300013304e+00      0.000000000000000e+00
    3.860378271916644e+00      0.000000000000000e+00
    3.866663243819985e+00      0.000000000000000e+00
    3.872948215723325e+00      0.000000000000000e+00
    3.879233187626665e+00      0.000000000000000e+00
    3.885518159530005e+00      0.000000000000000e+00
    3.891803131433346e+00      0.000000000000000e+00
    3.898088103336686e+00      0.000000000000000e+00
    3.904373075240027e+00      0.000000000000000e+00
    3.910658047143368e+00      0.000000000000000e+00
    3.916943019046708e+00      0.000000000000000e+00
    3.923227990950049e+00      0.000000000000000e+00
    3.929512962853389e+00      0.000000000000000e+00
    3.935797934756730e+00      0.000000000000000e+00
    3.942082906660070e+00      0.000000000000000e+00
    3.948367878563411e+00      0.000000000000000e+00
    3.954652850466752e+00      0.000000000000000e+00
    3.960937822370092e+00      0.000000000000000e+00
    3.967222794273432e+00      0.000000000000000e+00
    3.973507766176772e+00      0.000000000000000e+00
    3.979792738080113e+00      0.000000000000000e+00
    3.986077709983453e+00      0.000000000000000e+00
    3.992362681886794e+00      0.000000000000000e+00
    3.998647653790135e+00      0.000000000000000e+00
    4.004932625693475e+00      0.000000000000000e+00
    4.011217597596816e+00      0.000000000000000e+00
    4.017502569500156e+00      0.000000000000000e+00
    4.023787541403497e+00      0.000000000000000e+00
    4.030072513306837e+00      0.000000000000000e+00
    4.036357485210178e+00      0.000000000000000e+00
    4.042642457113518e+00      0.000000000000000e+00
    4.048927429016858e+00      0.000000000000000e+00
    4.055212400920199e+00      0.000000000000000e+00
    4.061497372823539e+00      0.000000000000000e+00
    4.067782344726880e+00      0.000000000000000e+00
    4.074067316630220e+00      0.000000000000000e+00
    4.080352288533561e+00      0.000000000000000e+00
    4.086637260436901e+00      0.000000000000000e+00
    4.092922232340242e+00      0.000000000000000e+00
    4.099207204243583e+00      0.000000000000000e+00
    4.105492176146923e+00      0.000000000000000e+00
    4.111777148050264e+00      0.000000000000000e+00
    4.118062119953604e+00      0.000000000000000e+00
    4.124347091856944e+00      0.000000000000000e+00
    4.130632063760284e+00      0.000000000000000e+00
    4.136917035663625e+00      2.696774592319704e+00
    4.143202007566966e+00      0.000000000000000e+00
    4.149486979470306e+00      0.000000000000000e+00
    4.155771951373647e+00      0.000000000000000e+00
    4.162056923276987e+00      0.000000000000000e+00
    4.168341895180328e+00      0.000000000000000e+00
    4.174626867083668e+00      0.000000000000000e+00
    4.180911838987009e+00      0.000000000000000e+00
    4.187196810890349e+00      0.000000000000000e+00
    4.193481782793690e+00      0.000000000000000e+00
    4.199766754697031e+00      0.000000000000000e+00
    4.206051726600371e+00      0.000000000000000e+00
    4.212336698503711e+00      0.000000000000000e+00
    4.218621670407051e+00      0.000000000000000e+00
    4.224906642310392e+00      0.000000000000000e+00
    4.231191614213732e+00      0.000000000000000e+00
    4.237476586117073e+00      0.000000000000000e+00
    4.243761558020414e+00      0.000000000000000e+00
    4.250046529923754e+00      0.000000000000000e+00
    4.256331501827095e+00      0.000000000000000e+00
    4.262616473730435e+00      0.000000000000000e+00
    4.268901445633776e+00      0.000000000000000e+00
    4.275186417537116e+00      0.000000000000000e+00
    4.281471389440457e+00      0.000000000000000e+00
    4.287756361343797e+00      0.000000000000000e+00
    4.294041333247137e+00      0.000000000000000e+00
    4.300326305150478e+00      0.000000000000000e+00
    4.306611277053818e+00      0.000000000000000e+00
    4.312896248957159e+00      0.000000000000000e+00
    4.319181220860499e+00      0.000000000000000e+00
    4.325466192763840e+00      0.000000000000000e+00
    4.331751164667180e+00      0.000000000000000e+00
    4.338036136570521e+00      0.000000000000000e+00
    4.344321108473862e+00      0.000000000000000e+00
    4.350606080377202e+00      0.000000000000000e+00
    4.356891052280543e+00      0.000000000000000e+00
    4.363176024183883e+00      0.000000000000000e+00
    4.369460996087223e+00      0.000000000000000e+00
    4.375745967990563e+00      0.000000000000000e+00
    4.382030939893904e+00      0.000000000000000e+00
    4.388315911797245e+00      0.000000000000000e+00
    4.394600883700585e+00      0.000000000000000e+00
    4.400885855603926e+00      0.000000000000000e+00
    4.407170827507266e+00      0.000000000000000e+00
    4.413455799410607e+00      0.000000000000000e+00
    4.419740771313947e+00      0.000000000000000e+00
    4.426025743217288e+00      0.000000000000000e+00
    4.432310715120628e+00      0.000000000000000e+00
    4.438595687023969e+00      0.000000000000000e+00
    4.444880658927310e+00      0.000000000000000e+00
    4.451165630830650e+00      0.000000000000000e+00
    4.457450602733990e+00      0.000000000000000e+00
    4.463735574637330e+00      0.000000000000000e+00
    4.470020546540671e+00      0.000000000000000e+00
    4.476305518444011e+00      0.000000000000000e+00
    4.482590490347352e+00      0.000000000000000e+00
    4.488875462250693e+00      0.000000000000000e+00
    4.495160434154033e+00      0.000000000000000e+00
    4.501445406057374e+00      0.000000000000000e+00
    4.507730377960714e+00      0.000000000000000e+00
    4.514015349864055e+00      0.000000000000000e+00
    4.520300321767395e+00      0.000000000000000e+00
    4.526585293670736e+00      0.000000000000000e+00
    4.532870265574076e+00      0.000000000000000e+00
    4.539155237477416e+00      0.000000000000000e+00
    4.545440209380757e+00      0.000000000000000e+00
    4.551725181284097e+00      0.000000000000000e+00
    4.558010153187438e+00      0.000000000000000e+00
    4.564295125090778e+00      0.000000000000000e+00
    4.570580096994119e+00      0.000000000000000e+00
    4.576865068897459e+00      0.000000000000000e+00
    4.583150040800800e+00      0.000000000000000e+00
    4.589435012704141e+00      0.000000000000000e+00
    4.595719984607481e+00      0.000000000000000e+00
    4.602004956510822e+00      0.000000000000000e+00
    4.608289928414162e+00      0.000000000000000e+00
    4.614574900317503e+00      0.000000000000000e+00
    4.620859872220842e+00      0.000000000000000e+00
    4.627144844124183e+00      0.000000000000000e+00
    4.633429816027524e+00      0.000000000000000e+00
    4.639714787930864e+00      0.000000000000000e+00
    4.645999759834205e+00      0.000000000000000e+00
    4.652284731737545e+00      0.000000000000000e+00
    4.658569703640886e+00      0.000000000000000e+00
    4.664854675544226e+00      0.000000000000000e+00
    4.671139647447567e+00      0.000000000000000e+00
    4.677424619350907e+00      0.000000000000000e+00
    4.683709591254248e+00      0.000000000000000e+00
    4.689994563157589e+00      0.000000000000000e+00
    4.696279535060929e+00      0.000000000000000e+00
    4.702564506964269e+00      0.000000000000000e+00
    4.708849478867609e+00      0.000000000000000e+00
    4.715134450770950e+00      0.000000000000000e+00
    4.721419422674290e+00      0.000000000000000e+00
    4.727704394577631e+00      0.000000000000000e+00
    4.733989366480972e+00      0.000000000000000e+00
    4.740274338384312e+00      0.000000000000000e+00
    4.746559310287653e+00      0.000000000000000e+00
    4.752844282190993e+00      0.000000000000000e+00
    4.759129254094334e+00      0.000000000000000e+00
    4.765414225997674e+00      0.000000000000000e+00
    4.771699197901015e+00      0.000000000000000e+00
    4.777984169804355e+00      0.000000000000000e+00
    4.784269141707695e+00      0.000000000000000e+00
    4.790554113611036e+00      0.000000000000000e+00
    4.796839085514376e+00      0.000000000000000e+00
    4.803124057417717e+00      0.000000000000000e+00
    4.809409029321057e+00      0.000000000000000e+00
    4.815694001224398e+00      0.000000000000000e+00
    4.821978973127738e+00      0.000000000000000e+00
    4.828263945031079e+00      0.000000000000000e+00
    4.834548916934420e+00      0.000000000000000e+00
    4.840833888837760e+00      0.000000000000000e+00
    4.847118860741101e+00      0.000000000000000e+00
    4.853403832644441e+00      0.000000000000000e+00
    4.859688804547782e+00      0.000000000000000e+00
    4.865973776451122e+00      0.000000000000000e+00
    4.872258748354462e+00      0.000000000000000e+00
    4.878543720257803e+00      0.000000000000000e+00
    4.884828692161143e+00      0.000000000000000e+00
    4.891113664064484e+00      0.000000000000000e+00
    4.897398635967824e+00      0.000000000000000e+00
    4.903683607871165e+00      0.000000000000000e+00
    4.909968579774505e+00      0.000000000000000e+00
    4.916253551677846e+00      0.000000000000000e+00
    4.922538523581187e+00      0.000000000000000e+00
    4.928823495484527e+00      0.000000000000000e+00
    4.935108467387868e+00      0.000000000000000e+00
    4.941393439291208e+00      0.000000000000000e+00
    4.947678411194548e+00      0.000000000000000e+00
    4.953963383097888e+00      0.000000000000000e+00
    4.960248355001229e+00      0.000000000000000e+00
    4.966533326904569e+00      0.000000000000000e+00
    4.972818298807910e+00      0.000000000000000e+00
    4.979103270711251e+00      0.000000000000000e+00
    4.985388242614591e+00      0.000000000000000e+00
    4.991673214517932e+00      0.000000000000000e+00
    4.997958186421272e+00      0.000000000000000e+00
    5.004243158324613e+00      0.000000000000000e+00
    5.010528130227953e+00      0.000000000000000e+00
    5.016813102131294e+00      0.000000000000000e+00
    5.023098074034634e+00      0.000000000000000e+00
    5.029383045937974e+00      0.000000000000000e+00
    5.035668017841315e+00      0.000000000000000e+00
    5.041952989744655e+00      0.000000000000000e+00
    5.048237961647996e+00      0.000000000000000e+00
    5.054522933551336e+00      0.000000000000000e+00
    5.060807905454677e+00      0.000000000000000e+00
    5.067092877358017e+00      0.000000000000000e+00
    5.073377849261358e+00      0.000000000000000e+00
    5.079662821164699e+00      0.000000000000000e+00
    5.085947793068039e+00      0.000000000000000e+00
    5.092232764971380e+00      0.000000000000000e+00
    5.098517736874721e+00      0.000000000000000e+00
    5.104802708778061e+00      0.000000000000000e+00
    5.111087680681401e+00      0.000000000000000e+00
    5.117372652584741e+00      0.000000000000000e+00
    5.123657624488082e+00      0.000000000000000e+00
    5.129942596391422e+00      0.000000000000000e+00
    5.136227568294763e+00      0.000000000000000e+00
    5.142512540198104e+00      0.000000000000000e+00
    5.148797512101444e+00      0.000000000000000e+00
    5.155082484004785e+00      0.000000000000000e+00
    5.161367455908125e+00      0.000000000000000e+00
    5.167652427811466e+00      0.000000000000000e+00
    5.173937399714806e+00      0.000000000000000e+00
    5.180222371618147e+00      0.000000000000000e+00
    5.186507343521487e+00      0.000000000000000e+00
    5.192792315424827e+00      0.000000000000000e+00
    5.199077287328168e+00      0.000000000000000e+00
    5.205362259231508e+00      0.000000000000000e+00
    5.211647231134849e+00      0.000000000000000e+00
    5.217932203038189e+00      0.000000000000000e+00
    5.224217174941530e+00      0.000000000000000e+00
    5.230502146844870e+00      0.000000000000000e+00
    5.236787118748211e+00      0.000000000000000e+00
    5.243072090651552e+00      0.000000000000000e+00
    5.249357062554892e+00      0.000000000000000e+00
    5.255642034458233e+00      0.000000000000000e+00
    5.261927006361573e+00      0.000000000000000e+00
    5.268211978264913e+00      0.000000000000000e+00
    5.274496950168253e+00      0.000000000000000e+00
    5.280781922071594e+00      0.000000000000000e+00
    5.287066893974934e+00      0.000000000000000e+00
    5.293351865878275e+00      0.000000000000000e+00
    5.299636837781616e+00      0.000000000000000e+00
    5.305921809684956e+00      0.000000000000000e+00
    5.312206781588297e+00      0.000000000000000e+00
    5.318491753491637e+00      0.000000000000000e+00
    5.324776725394978e+00      0.000000000000000e+00
    5.331061697298318e+00      0.000000000000000e+00
    5.337346669201659e+00      0.000000000000000e+00
    5.343631641105000e+00      0.000000000000000e+00
    5.349916613008340e+00      0.000000000000000e+00
    5.356201584911680e+00      0.000000000000000e+00
    5.362486556815020e+00      0.000000000000000e+00
    5.368771528718361e+00      0.000000000000000e+00
    5.375056500621701e+00      0.000000000000000e+00
    5.381341472525042e+00      0.000000000000000e+00
    5.387626444428383e+00      0.000000000000000e+00
    5.393911416331723e+00      0.000000000000000e+00
    5.400196388235064e+00      0.000000000000000e+00
    5.406481360138404e+00      0.000000000000000e+00
    5.412766332041745e+00      0.000000000000000e+00
    5.419051303945085e+00      0.000000000000000e+00
    5.425336275848426e+00      0.000000000000000e+00
    5.431621247751766e+00      0.000000000000000e+00
    5.437906219655106e+00      0.000000000000000e+00
    5.444191191558447e+00      0.000000000000000e+00
    5.450476163461787e+00      0.000000000000000e+00
    5.456761135365128e+00      0.000000000000000e+00
    5.463046107268468e+00      0.000000000000000e+00
    5.469331079171809e+00      0.000000000000000e+00
    5.475616051075149e+00      0.000000000000000e+00
    5.481901022978490e+00      0.000000000000000e+00
    5.488185994881831e+00      0.000000000000000e+00
    5.494470966785171e+00      0.000000000000000e+00
    5.500755938688512e+00      0.000000000000000e+00
    5.507040910591852e+00      0.000000000000000e+00
    5.513325882495193e+00      0.000000000000000e+00
    5.519610854398532e+00      0.000000000000000e+00
    5.525895826301873e+00      0.000000000000000e+00
    5.532180798205214e+00      0.000000000000000e+00
    5.538465770108554e+00      0.000000000000000e+00
    5.544750742011895e+00      0.000000000000000e+00
    5.551035713915235e+00      0.000000000000000e+00
    5.557320685818576e+00      0.000000000000000e+00
    5.563605657721916e+00      0.000000000000000e+00
    5.569890629625257e+00      0.000000000000000e+00
    5.576175601528597e+00      0.000000000000000e+00
    5.582460573431938e+00      0.000000000000000e+00
    5.588745545335279e+00      0.000000000000000e+00
    5.595030517238619e+00      0.000000000000000e+00
    5.601315489141959e+00      0.000000000000000e+00
    5.607600461045299e+00      0.000000000000000e+00
    5.613885432948640e+00      0.000000000000000e+00
    5.620170404851980e+00      0.000000000000000e+00
    5.626455376755321e+00      0.000000000000000e+00
    5.632740348658662e+00      0.000000000000000e+00
    5.639025320562002e+00      0.000000000000000e+00
    5.645310292465343e+00      0.000000000000000e+00
    5.651595264368683e+00      0.000000000000000e+00
    5.657880236272024e+00      0.000000000000000e+00
    5.664165208175364e+00      0.000000000000000e+00
    5.670450180078705e+00      0.000000000000000e+00
    5.676735151982045e+00      0.000000000000000e+00
    5.683020123885385e+00      0.000000000000000e+00
    5.689305095788726e+00      0.000000000000000e+00
    5.695590067692066e+00      0.000000000000000e+00
    5.701875039595407e+00      0.000000000000000e+00
    5.708160011498747e+00      0.000000000000000e+00
    5.714444983402088e+00      0.000000000000000e+00
    5.720729955305428e+00      0.000000000000000e+00
    5.727014927208769e+00      0.000000000000000e+00
    5.733299899112110e+00      0.000000000000000e+00
    5.739584871015450e+00      0.000000000000000e+00
    5.745869842918791e+00      0.000000000000000e+00
    5.752154814822131e+00      0.000000000000000e+00
    5.758439786725472e+00      5.393549184640171e+00
    5.764724758628812e+00      0.000000000000000e+00
    5.771009730532152e+00      0.000000000000000e+00
    5.777294702435493e+00      0.000000000000000e+00
    5.783579674338833e+00      0.000000000000000e+00
    5.789864646242174e+00      0.000000000000000e+00
    5.796149618145514e+00      0.000000000000000e+00
    5.802434590048855e+00      0.000000000000000e+00
    5.808719561952195e+00      0.000000000000000e+00
    5.815004533855536e+00      0.000000000000000e+00
    5.821289505758876e+00      0.000000000000000e+00
    5.827574477662217e+00      0.000000000000000e+00
    5.833859449565558e+00      0.000000000000000e+00
    5.840144421468898e+00      0.000000000000000e+00
    5.846429393372238e+00      0.000000000000000e+00
    5.852714365275578e+00      0.000000000000000e+00
    5.858999337178919e+00      0.000000000000000e+00
    5.865284309082259e+00      0.000000000000000e+00
    5.871569280985600e+00      0.000000000000000e+00
    5.877854252888941e+00      0.000000000000000e+00
    5.884139224792281e+00      0.000000000000000e+00
    5.890424196695622e+00      0.000000000000000e+00
    5.896709168598962e+00      0.000000000000000e+00
    5.902994140502303e+00      0.000000000000000e+00
    5.909279112405643e+00      0.000000000000000e+00
    5.915564084308984e+00      0.000000000000000e+00
    5.921849056212324e+00      0.000000000000000e+00
    5.928134028115664e+00      0.000000000000000e+00
    5.934419000019005e+00      0.000000000000000e+00
    5.940703971922345e+00      0.000000000000000e+00
    5.946988943825686e+00      0.000000000000000e+00
    5.953273915729026e+00      0.000000000000000e+00
    5.959558887632367e+00      0.000000000000000e+00
    5.965843859535707e+00      0.000000000000000e+00
    5.972128831439048e+00      0.000000000000000e+00
    5.978413803342389e+00      0.000000000000000e+00
    5.984698775245729e+00      0.000000000000000e+00
    5.990983747149070e+00      0.000000000000000e+00
    5.997268719052410e+00      0.000000000000000e+00
    6.003553690955751e+00      0.000000000000000e+00
    6.009838662859091e+00      0.000000000000000e+00
    6.016123634762431e+00      0.000000000000000e+00
    6.022408606665772e+00      0.000000000000000e+00
    6.028693578569112e+00      0.000000000000000e+00
    6.034978550472453e+00      0.000000000000000e+00
    6.041263522375793e+00      0.000000000000000e+00
    6.047548494279134e+00      0.000000000000000e+00
    6.053833466182474e+00      0.000000000000000e+00
    6.060118438085815e+00      0.000000000000000e+00
    6.066403409989155e+00      0.000000000000000e+00
    6.072688381892496e+00      0.000000000000000e+00
    6.078973353795837e+00      0.000000000000000e+00
    6.085258325699177e+00      0.000000000000000e+00
    6.091543297602517e+00      0.000000000000000e+00
    6.097828269505857e+00      0.000000000000000e+00
    6.104113241409198e+00      0.000000000000000e+00
    6.110398213312538e+00      0.000000000000000e+00
    6.116683185215879e+00      0.000000000000000e+00
    6.122968157119220e+00      0.000000000000000e+00
    6.129253129022560e+00      0.000000000000000e+00
    6.135538100925901e+00      0.000000000000000e+00
    6.141823072829241e+00      0.000000000000000e+00
    6.148108044732582e+00      0.000000000000000e+00
    6.154393016635922e+00      0.000000000000000e+00
    6.160677988539263e+00      0.000000000000000e+00
    6.166962960442604e+00      0.000000000000000e+00
    6.173247932345943e+00      0.000000000000000e+00
    6.179532904249284e+00      0.000000000000000e+00
    6.185817876152624e+00      0.000000000000000e+00
    6.192102848055965e+00      0.000000000000000e+00
    6.198387819959305e+00      0.000000000000000e+00
    6.204672791862646e+00      0.000000000000000e+00
    6.210957763765986e+00      0.000000000000000e+00
    6.217242735669327e+00      0.000000000000000e+00
    6.223527707572668e+00      0.000000000000000e+00
    6.229812679476008e+00      0.000000000000000e+00
    6.236097651379349e+00      0.000000000000000e+00
    6.242382623282689e+00      0.000000000000000e+00
    6.248667595186030e+00      0.000000000000000e+00
    6.254952567089370e+00      0.000000000000000e+00
    6.261237538992710e+00      0.000000000000000e+00
    6.267522510896051e+00      0.000000000000000e+00
    6.273807482799391e+00      0.000000000000000e+00
    6.280092454702732e+00      0.000000000000000e+00
    6.286377426606072e+00      0.000000000000000e+00
    6.292662398509413e+00      0.000000000000000e+00
    6.298947370412753e+00      0.000000000000000e+00
    6.305232342316094e+00      0.000000000000000e+00
    6.311517314219434e+00      0.000000000000000e+00
    6.317802286122775e+00      0.000000000000000e+00
    6.324087258026116e+00      0.000000000000000e+00
    6.330372229929456e+00      0.000000000000000e+00
    6.336657201832796e+00      0.000000000000000e+00
    6.342942173736136e+00      0.000000000000000e+00
    6.349227145639477e+00      0.000000000000000e+00
    6.355512117542817e+00      0.000000000000000e+00
    6.361797089446158e+00      0.000000000000000e+00
    6.368082061349499e+00      0.000000000000000e+00
    6.374367033252839e+00      0.000000000000000e+00
    6.380652005156180e+00      0.000000000000000e+00
    6.386936977059520e+00      0.000000000000000e+00
    6.393221948962861e+00      0.000000000000000e+00
    6.399506920866201e+00      0.000000000000000e+00
    6.405791892769542e+00      0.000000000000000e+00
    6.412076864672883e+00      0.000000000000000e+00
    6.418361836576223e+00      0.000000000000000e+00
    6.424646808479563e+00      0.000000000000000e+00
    6.430931780382903e+00      0.000000000000000e+00
    6.437216752286244e+00      0.000000000000000e+00
    6.443501724189584e+00      0.000000000000000e+00
    6.449786696092925e+00      0.000000000000000e+00
    6.456071667996265e+00      0.000000000000000e+00
    6.462356639899606e+00      0.000000000000000e+00
    6.468641611802947e+00      0.000000000000000e+00
    6.474926583706287e+00      0.000000000000000e+00
    6.481211555609628e+00      0.000000000000000e+00
    6.487496527512968e+00      0.000000000000000e+00
    6.493781499416309e+00      0.000000000000000e+00
    6.500066471319649e+00      0.000000000000000e+00
    6.506351443222989e+00      0.000000000000000e+00
    6.512636415126330e+00      0.000000000000000e+00
    6.518921387029670e+00      0.000000000000000e+00
    6.525206358933011e+00      0.000000000000000e+00
    6.531491330836351e+00      0.000000000000000e+00
    6.537776302739692e+00      0.000000000000000e+00
    6.544061274643032e+00      0.000000000000000e+00
    6.550346246546373e+00      0.000000000000000e+00
    6.556631218449714e+00      0.000000000000000e+00
    6.562916190353054e+00      0.000000000000000e+00
    6.569201162256395e+00      0.000000000000000e+00
    6.575486134159735e+00      0.000000000000000e+00
    6.581771106063075e+00      0.000000000000000e+00
    6.588056077966415e+00      0.000000000000000e+00
    6.594341049869756e+00      0.000000000000000e+00
    6.600626021773096e+00      0.000000000000000e+00
    6.606910993676437e+00      0.000000000000000e+00
    6.613195965579778e+00      0.000000000000000e+00
    6.619480937483118e+00      0.000000000000000e+00
    6.625765909386459e+00      0.000000000000000e+00
    6.632050881289799e+00      0.000000000000000e+00
    6.638335853193140e+00      0.000000000000000e+00
    6.644620825096480e+00      0.000000000000000e+00
    6.650905796999821e+00      0.000000000000000e+00
    6.657190768903162e+00      0.000000000000000e+00
    6.663475740806502e+00      0.000000000000000e+00
    6.669760712709842e+00      0.000000000000000e+00
    6.676045684613182e+00      0.000000000000000e+00
    6.682330656516523e+00      0.000000000000000e+00
    6.688615628419863e+00      0.000000000000000e+00
    6.694900600323204e+00      0.000000000000000e+00
    6.701185572226544e+00      0.000000000000000e+00
    6.707470544129885e+00      0.000000000000000e+00
    6.713755516033226e+00      0.000000000000000e+00
    6.720040487936566e+00      0.000000000000000e+00
    6.726325459839907e+00      0.000000000000000e+00
    6.732610431743247e+00      0.000000000000000e+00
    6.738895403646588e+00      0.000000000000000e+00
    6.745180375549928e+00      0.000000000000000e+00
    6.751465347453268e+00      0.000000000000000e+00
    6.757750319356609e+00      0.000000000000000e+00
    6.764035291259949e+00      0.000000000000000e+00
    6.770320263163290e+00      0.000000000000000e+00
    6.776605235066630e+00      0.000000000000000e+00
    6.782890206969971e+00      0.000000000000000e+00
    6.789175178873311e+00      0.000000000000000e+00
    6.795460150776652e+00      0.000000000000000e+00
    6.801745122679993e+00      0.000000000000000e+00
    6.808030094583333e+00      0.000000000000000e+00
    6.814315066486674e+00      0.000000000000000e+00
    6.820600038390014e+00      0.000000000000000e+00
    6.826885010293354e+00      0.000000000000000e+00
    6.833169982196694e+00      0.000000000000000e+00
    6.839454954100035e+00      0.000000000000000e+00
    6.845739926003375e+00      0.000000000000000e+00
    6.852024897906716e+00      0.000000000000000e+00
    6.858309869810057e+00      0.000000000000000e+00
    6.864594841713397e+00      0.000000000000000e+00
    6.870879813616738e+00      0.000000000000000e+00
    6.877164785520078e+00      0.000000000000000e+00
    6.883449757423419e+00      0.000000000000000e+00
    6.889734729326759e+00      0.000000000000000e+00
    6.896019701230100e+00      0.000000000000000e+00
    6.902304673133441e+00      0.000000000000000e+00
    6.908589645036781e+00      0.000000000000000e+00
    6.914874616940121e+00      0.000000000000000e+00
    6.921159588843461e+00      0.000000000000000e+00
    6.927444560746802e+00      0.000000000000000e+00
    6.933729532650142e+00      0.000000000000000e+00
    6.940014504553483e+00      0.000000000000000e+00
    6.946299476456824e+00      0.000000000000000e+00
    6.952584448360164e+00      0.000000000000000e+00
    6.958869420263505e+00      0.000000000000000e+00
    6.965154392166845e+00      0.000000000000000e+00
    6.971439364070186e+00      0.000000000000000e+00
    6.977724335973526e+00      0.000000000000000e+00
    6.984009307876867e+00      0.000000000000000e+00
    6.990294279780207e+00      0.000000000000000e+00
    6.996579251683547e+00      0.000000000000000e+00
    7.002864223586888e+00      0.000000000000000e+00
    7.009149195490228e+00      0.000000000000000e+00
    7.015434167393569e+00      0.000000000000000e+00
    7.021719139296909e+00      0.000000000000000e+00
    7.028004111200250e+00      0.000000000000000e+00
    7.034289083103590e+00      0.000000000000000e+00
    7.040574055006931e+00      0.000000000000000e+00
    7.046859026910272e+00      0.000000000000000e+00
    7.053143998813612e+00      0.000000000000000e+00
    7.059428970716953e+00      0.000000000000000e+00
    7.065713942620293e+00      0.000000000000000e+00
    7.071998914523633e+00      0.000000000000000e+00
    7.078283886426973e+00      0.000000000000000e+00
    7.084568858330314e+00      0.000000000000000e+00
    7.090853830233654e+00      0.000000000000000e+00
    7.097138802136995e+00      0.000000000000000e+00
    7.103423774040336e+00      0.000000000000000e+00
    7.109708745943676e+00      0.000000000000000e+00
    7.115993717847017e+00      0.000000000000000e+00
    7.122278689750357e+00      0.000000000000000e+00
    7.128563661653698e+00      0.000000000000000e+00
    7.134848633557038e+00      0.000000000000000e+00
    7.141133605460379e+00      0.000000000000000e+00
    7.147418577363720e+00      0.000000000000000e+00
    7.153703549267060e+00      0.000000000000000e+00
    7.159988521170400e+00      0.000000000000000e+00
    7.166273493073740e+00      0.000000000000000e+00
    7.172558464977081e+00      0.000000000000000e+00
    7.178843436880421e+00      0.000000000000000e+00
    7.185128408783762e+00      0.000000000000000e+00
    7.191413380687103e+00      0.000000000000000e+00
    7.197698352590443e+00      0.000000000000000e+00
    7.203983324493784e+00      0.000000000000000e+00
    7.210268296397124e+00      0.000000000000000e+00
    7.216553268300465e+00      0.000000000000000e+00
    7.222838240203805e+00      0.000000000000000e+00
    7.229123212107146e+00      0.000000000000000e+00
    7.235408184010486e+00      0.000000000000000e+00
    7.241693155913826e+00      0.000000000000000e+00
    7.247978127817167e+00      0.000000000000000e+00
    7.254263099720507e+00      0.000000000000000e+00
    7.260548071623848e+00      0.000000000000000e+00
    7.266833043527188e+00      0.000000000000000e+00
    7.273118015430529e+00      0.000000000000000e+00
    7.279402987333869e+00      0.000000000000000e+00
    7.285687959237210e+00      0.000000000000000e+00
    7.291972931140551e+00      0.000000000000000e+00
    7.298257903043891e+00      0.000000000000000e+00
    7.304542874947232e+00      0.000000000000000e+00
    7.310827846850572e+00      0.000000000000000e+00
    7.317112818753913e+00      0.000000000000000e+00
    7.323397790657252e+00      0.000000000000000e+00
    7.329682762560593e+00      0.000000000000000e+00
    7.335967734463934e+00      0.000000000000000e+00
    7.342252706367274e+00      0.000000000000000e+00
    7.348537678270615e+00      0.000000000000000e+00
    7.354822650173955e+00      0.000000000000000e+00
    7.361107622077296e+00      0.000000000000000e+00
    7.367392593980636e+00      0.000000000000000e+00
    7.373677565883977e+00      2.696774592320085e+00
